669342 148326 669342 148326 446873 97350 446873 97350
677481 167699 677481 167699 467372 92729 467372 92729
689615 196581 689615 196581 454954 121490 454954 121490
693718 206348 693718 206348 444370 121955 444370 121955
688529 220000 688529 220000 429780 122595 429780 122595
687979 221447 687979 221447 430790 123769 430790 123769
686274 249879 686274 249879 449365 145362 449365 145362
684997 271193 684997 271193 468153 155506 468153 155506
683844 290413 683844 290413 469862 174685 469862 174685
683843 290438 683843 290438 469886 174689 469886 174689
692047 283748 692047 283748 480298 176603 480298 176603
673097 275600 673097 275600 500585 180333 500585 180333
660795 270310 660795 270310 490166 188746 490166 188746
656178 274519 656178 274519 485306 192671 485306 192671
650743 279474 650743 279474 485386 200026 485386 200026
630999 272020 630999 272020 485617 221129 485617 221129
622506 250157 622506 250157 485873 244582 485873 244582
626174 219112 626174 219112 486215 275841 486215 275841
627626 206815 627626 206815 498184 272667 498184 272667
628699 197736 628699 197736 504767 266324 504767 266324
612827 184997 612827 184997 519423 252202 519423 252202
607263 207637 607263 207637 536211 236025 536211 236025
605598 214411 605598 214411 543038 237455 543038 237455
601889 229501 601889 229501 556806 230250 556806 230250
594226 260682 594226 260682 543105 201211 543105 201211
570981 273886 570981 273886 531697 177034 531697 177034
554187 283426 554187 283426 529738 157819 529738 157819
542812 289887 542812 289887 519766 149352 519766 149352
558474 298804 558474 298804 506027 137687 506027 137687
566685 303479 566685 303479 514257 133047 514257 133047
566271 319972 566271 319972 528628 124944 528628 124944
565924 333807 565924 333807 524109 111863 524109 111863
583488 327311 583488 327311 517994 94163 517994 94163
601631 320601 601631 320601 537176 96667 537176 96667
607975 308910 607975 308910 550365 98389 550365 98389
628748 356529 628748 356529 601881 105114 601881 105114
578488 418770 578488 418770 681208 115469 681208 115469
567257 432677 567257 432677 698933 117783 698933 117783
553011 437656 553011 437656 713897 119736 713897 119736
554807 447413 554807 447413 723735 121020 723735 121020
529354 436327 529354 436327 751264 124614 751264 124614
511361 428490 511361 428490 751009 144238 751009 144238
480841 429550 480841 429550 750613 174773 750613 174773
469537 380321 469537 380321 749958 225279 749958 225279
469376 357010 469376 357010 749656 248589 749656 248589
469259 340037 469259 340037 733867 254818 733867 254818
461838 319919 461838 319919 713920 262688 713920 262688
462568 305079 462568 305079 700099 268141 700099 268141
463100 294263 463100 294263 702051 278793 702051 278793
455843 298868 455843 298868 703599 287247 703599 287247
449098 240692 449098 240692 714154 344853 714154 344853
440607 240989 440607 240989 715685 353210 715685 353210
400474 242393 400474 242393 681014 332947 681014 332947
373571 268706 373571 268706 648524 313958 648524 313958
372668 269589 372668 269589 648188 315175 648188 315175
383318 301678 383318 301678 639195 347767 639195 347767
369500 305653 369500 305653 635371 361628 635371 361628
357869 308998 357869 308998 624065 357310 624065 357310
353376 309096 353376 309096 619867 355707 619867 355707
341421 309355 341421 309355 613448 365796 613448 365796
349122 345519 349122 345519 593600 396992 593600 396992
325001 400302 325001 400302 561469 447495 561469 447495
321605 398520 321605 398520 559410 450731 559410 450731
305597 390116 305597 390116 543013 458349 543013 458349
287881 380816 287881 380816 547682 438893 547682 438893
274858 373980 274858 373980 532978 438538 532978 438538
262646 367570 262646 367570 520347 433000 520347 433000
246337 358180 246337 358180 503112 425443 503112 425443
241622 355465 241622 355465 506502 421187 506502 421187
211970 338392 211970 338392 498362 387954 498362 387954
197920 330302 197920 330302 482395 390767 482395 390767
182793 321592 182793 321592 483539 408185 483539 408185
163444 310452 163444 310452 461266 409732 461266 409732
151163 303380 151163 303380 471536 419498 471536 419498
141862 298025 141862 298025 468394 429760 468394 429760
132098 292403 132098 292403 457296 427817 457296 427817
115428 282805 115428 282805 438066 428280 438066 428280
93645 270263 93645 270263 451629 449443 451629 449443
89653 267965 89653 267965 456140 450374 456140 450374
79544 262144 79544 262144 448558 459239 448558 459239
79920 263243 79920 263243 447803 460121 447803 460121
83556 273850 83556 273850 457893 455229 457893 455229
88379 287926 88379 287926 472375 451814 472375 451814
90882 295231 90882 295231 479898 450074 479898 450074
97847 315555 97847 315555 477806 471456 477806 471456
100028 321919 100028 321919 481680 476957 481680 476957
103447 331896 103447 331896 486897 486122 486897 486122
111590 355659 111590 355659 511928 484012 511928 484012
121219 383758 121219 383758 487734 501244 487734 501244
123473 390336 123473 390336 484984 507630 484984 507630
130476 410772 130476 410772 464797 499938 464797 499938
131364 413362 131364 413362 462878 497985 462878 497985
133359 419184 133359 419184 460809 492189 460809 492189
144698 429497 144698 429497 455657 477753 455657 477753
155722 439523 155722 439523 441110 474521 441110 474521
158850 442368 158850 442368 437009 473495 437009 473495
174477 456581 174477 456581 416548 468242 416548 468242
183644 464918 183644 464918 418782 456054 418782 456054
197873 477859 197873 477859 428266 439322 428266 439322
209289 488242 209289 488242 412835 439415 412835 439415
221612 499450 221612 499450 400048 428738 400048 428738
231800 493997 231800 493997 391179 421332 391179 421332
242273 488392 242273 488392 386996 410214 386996 410214
288498 463652 288498 463652 387718 357790 387718 357790
319372 448002 319372 448002 388194 323179 388194 323179
342830 436110 342830 436110 374600 345694 374600 345694
364461 399094 364461 399094 352441 382396 352441 382396
366609 399333 366609 399333 351324 384246 351324 384246
376960 400485 376960 400485 353263 394479 353263 394479
385819 386215 385819 386215 356389 410982 356389 410982
411038 391253 411038 391253 361175 436250 361175 436250
403612 374754 403612 374754 364543 454027 364543 454027
400014 366758 400014 366758 362313 462507 362313 462507
402906 356205 402906 356205 359529 473089 359529 473089
407145 340736 407145 340736 344186 468417 344186 468417
408811 334657 408811 334657 341062 473892 341062 473892
423266 335578 423266 335578 333882 486472 333882 486472
422962 337226 422962 337226 333052 487927 333052 487927
420617 349942 420617 349942 325549 477395 325549 477395
421295 354653 421295 354653 322788 473519 322788 473519
422195 360911 422195 360911 320775 479513 320775 479513
423953 373125 423953 373125 310588 486477 310588 486477
425323 373837 425323 373837 309314 487348 309314 487348
440947 381953 440947 381953 307748 504885 307748 504885
446356 396890 446356 396890 306335 520708 306335 520708
436537 403663 436537 403663 305274 532589 305274 532589
428698 409070 428698 409070 314769 531856 314769 531856
443077 425963 443077 425963 336887 530149 336887 530149
430229 426721 430229 426721 349719 529159 349719 529159
427653 426874 427653 426874 352053 530260 352053 530260
421082 427261 421082 427261 356566 525468 356566 525468
417041 427500 417041 427500 355941 521469 355941 521469
416592 435847 416592 435847 354651 513210 354651 513210
416527 437054 416527 437054 355242 512155 355242 512155
420344 448941 420344 448941 361343 501263 361343 501263
423130 457617 423130 457617 362267 492198 362267 492198
424715 462553 424715 462553 366574 489311 366574 489311
409070 462798 409070 462798 379570 480598 379570 480598
398229 462968 398229 462968 380211 491421 380211 491421
380346 463248 380346 463248 381128 509283 381128 509283
382727 468160 382727 468160 381407 514735 381407 514735
382628 470786 382628 470786 381542 517359 381542 517359
381819 492257 381819 492257 402454 522293 402454 522293
380844 518126 380844 518126 394837 547035 394837 547035
380602 524564 380602 524564 398891 552042 398891 552042
380113 537535 380113 537535 397725 564969 397725 564969
374616 539387 374616 539387 397204 570747 397204 570747
321662 557230 321662 557230 449347 550658 449347 550658
323876 558894 323876 558894 451931 549663 451931 549663
340684 571524 340684 571524 451743 528639 451743 528639
377593 599261 377593 599261 493507 548322 493507 548322
381967 602548 381967 602548 496235 543580 496235 543580
387482 621655 387482 621655 506152 526342 506152 526342
390254 631256 390254 631256 510856 517525 510856 517525
400529 666851 400529 666851 545319 503928 545319 503928
407320 690378 407320 690378 562633 521244 562633 521244
374038 666008 374038 666008 591800 550415 591800 550415
371099 666045 371099 666045 593878 552493 593878 552493
358199 666207 358199 666207 590567 564962 590567 564962
326495 670402 326495 670402 582358 595871 582358 595871
323117 716503 323117 716503 570493 640547 570493 640547
331150 717856 331150 717856 568402 648420 568402 648420
350841 721172 350841 721172 586514 640013 586514 640013
371296 739293 371296 739293 611301 628508 611301 628508
351334 741354 351334 741354 629504 620059 629504 620059
326434 778883 326434 778883 670356 601097 670356 601097
337199 780270 337199 780270 680201 596527 680201 596527
371485 784687 371485 784687 712876 607814 712876 607814
396052 774556 396052 774556 737994 616491 737994 616491
405260 770759 405260 770759 739643 626313 739643 626313
405220 762305 405220 762305 741042 634651 741042 634651
405121 741568 405121 741568 744884 655029 744884 655029
431308 743736 431308 743736 749752 680851 749752 680851
426978 747239 426978 747239 750784 686324 750784 686324
432806 755884 432806 755884 752716 696569 752716 696569
446649 751516 446649 751516 755405 710834 755405 710834
474788 742637 474788 742637 736230 733261 736230 733261
473836 728584 473836 728584 727077 743966 727077 743966
478135 733252 478135 733252 722953 748789 722953 748789
484421 740078 484421 740078 719839 757531 719839 757531
497599 724482 497599 724482 712989 776766 712989 776766
466690 689166 466690 689166 697243 820977 697243 820977
461885 683677 461885 683677 697243 820977 697243 820977
517451 646945 517451 646945 697243 820977 697243 820977
450101 636414 450101 636414 697243 820977 697243 820977
457448 602789 457448 602789 697243 820977 697243 820977
440951 524509 440951 524509 697243 820977 697243 820977
440789 523742 440789 523742 697243 820977 697243 820977
516351 497466 516351 497466 697243 820977 697243 820977
527715 493514 527715 493514 697243 820977 697243 820977
539815 485337 539815 485337 697243 820977 697243 820977
588888 505650 588888 505650 697243 820977 697243 820977
638446 519020 638446 519020 697243 820977 697243 820977
658981 539752 658981 539752 697243 820977 697243 820977
623515 544672 623515 544672 697243 820977 697243 820977
613971 624101 613971 624101 697243 820977 697243 820977
604426 703529 604426 703529 697243 820977 697243 820977
601900 724555 601900 724555 697243 820977 697243 820977
594009 758904 594009 758904 697243 820977 697243 820977
577973 747890 577973 747890 697243 820977 697243 820977
502081 773197 502081 773197 697243 820977 697243 820977
498011 774554 498011 774554 697243 820977 697243 820977
492311 795846 492311 795846 697243 820977 697243 820977
457681 834666 457681 834666 697243 820977 697243 820977
489245 908176 489245 908176 697243 820977 697243 820977
500511 934415 500511 934415 697243 820977 697243 820977
