998652 2 998652 2 998652 999998 998652 999998
999965 1819 999965 1819 999965 998181 999965 998181
999970 2821 999970 2821 998986 997967 998986 997967
999971 2955 999971 2955 998893 997870 998893 997870
999988 5405 999988 5405 997198 996102 997198 996102
999993 6189 999993 6189 996445 996321 996445 996321
999978 6523 999978 6523 996124 996414 996124 996414
999922 7733 999922 7733 997034 997214 997034 997214
999829 9758 999829 9758 996309 999107 996309 999107
999819 9968 999819 9968 996165 998954 996165 998954
998798 9846 998798 9846 995463 998203 995463 998203
995567 9460 995567 9460 992312 997389 992312 997389
995098 9516 995098 9516 991855 997271 991855 997271
993086 9757 993086 9757 990652 998902 990652 998902
991510 9946 991510 9946 990147 997397 990147 997397
991482 9949 991482 9949 990167 997377 990167 997377
990590 9238 990590 9238 990963 996561 990963 996561
990597 9234 990597 9234 990969 996555 990969 996555
991449 8707 991449 8707 990332 995781 990332 995781
991617 8603 991617 8603 990417 995603 990417 995603
992879 8336 992879 8336 990973 994439 990973 994439
993079 8294 993079 8294 990940 994238 990940 994238
993899 7325 993899 7325 990736 992985 990736 992985
994623 6910 994623 6910 990602 992161 990602 992161
995856 6202 995856 6202 991437 993312 991437 993312
995467 5576 995467 5576 991870 993908 991870 993908
995079 4954 995079 4954 992242 994540 992242 994540
995977 5144 995977 5144 992707 995331 992707 995331
996329 5219 996329 5219 992994 995113 992994 995113
996124 3586 996124 3586 994305 994118 994305 994118
997198 3898 997198 3898 995195 993442 995195 993442
997045 2863 997045 2863 996029 992809 996029 992809
997034 2786 997034 2786 996055 992736 996055 992736
996309 893 996309 893 996746 990830 996746 990830
996224 862 996224 862 996777 990745 996777 990745
994828 352 994828 352 998254 990582 998254 990582
993953 32 993953 32 998654 991423 998654 991423
993804 66 993804 66 998720 991561 998720 991561
992783 296 992783 296 998119 992418 998119 992418
992419 378 992419 378 998287 992751 998287 992751
993211 2097 993211 2097 999142 994440 999142 994440
993450 2615 993450 2615 999601 994101 999601 994101
992963 2650 992963 2650 999993 993811 999993 993811
991855 2729 991855 2729 999899 992704 999899 992704
991357 4325 991357 4325 999758 991038 999758 991038
991331 4408 991331 4408 999763 990951 999763 990951
990426 4237 990426 4237 999819 990032 999819 990032
990332 4219 990332 4219 999819 989936 999819 989936
910333 3892 910333 3892 999814 909936 999814 909936
830333 3565 830333 3565 999809 829936 999809 829936
750334 3238 750334 3238 999804 749936 999804 749936
670335 2912 670335 2912 999799 669936 999799 669936
590335 2585 590335 2585 999794 589936 999794 589936
510336 2258 510336 2258 999789 509936 999789 509936
430337 1931 430337 1931 999784 429936 999784 429936
350337 1604 350337 1604 999779 349936 999779 349936
270338 1277 270338 1277 999774 269936 999774 269936
190339 950 190339 950 999769 189936 999769 189936
110339 623 110339 623 999764 109936 999764 109936
30340 297 30340 297 999759 29936 999759 29936
9877 213 9877 213 999758 9473 999758 9473
9366 203 9366 203 999758 8962 999758 8962
8621 189 8621 189 999092 8627 999092 8627
8881 515 8881 515 998720 8439 998720 8439
9348 1098 9348 1098 999004 7748 999004 7748
9162 1411 9162 1411 999143 7412 999143 7412
8832 1965 8832 1965 998763 6891 998763 6891
8912 2561 8912 2561 998408 6405 998408 6405
9031 3445 9031 3445 997567 6701 997567 6701
8852 3921 8852 3921 997087 6870 997087 6870
8669 4408 8669 4408 997275 6385 997275 6385
8176 4502 8176 4502 997457 5917 997457 5917
7293 4669 7293 4669 996965 5166 996965 5166
6106 4865 6106 4865 996305 4159 996305 4159
5150 3623 5150 3623 995446 2849 995446 2849
4554 2849 4554 2849 996182 2206 996182 2206
4864 2616 4864 2616 996474 1951 996474 1951
5488 2145 5488 2145 996892 1290 996892 1290
5223 946 5223 946 997548 252 997548 252
5181 757 5181 757 997356 231 997356 231
3485 1123 3485 1123 995631 40 995631 40
2166 1407 2166 1407 995503 1383 995503 1383
1758 1486 1758 1486 995463 1797 995463 1797
763 1678 763 1678 994512 2145 994512 2145
35 1819 35 1819 993832 1848 993832 1848
994 2539 994 2539 992733 1369 992733 1369
2802 3898 2802 3898 990665 453 990665 453
2352 4283 2352 4283 990123 213 990123 213
858 5560 858 5560 990143 2178 990143 2178
516 5813 516 5813 990147 2603 990147 2603
7 6189 7 6189 990708 2896 990708 2896
857 7412 857 7412 992028 3586 992028 3586
1017 7192 1017 7192 992269 3712 992269 3712
1592 6405 1592 6405 991694 4499 991694 4499
2543 5917 2543 5917 991064 5363 991064 5363
3496 6768 3496 6768 990311 6395 990311 6395
3971 7191 3971 7191 990844 6742 990844 6742
5003 8030 5003 8030 991959 7466 991959 7466
7181 9801 7181 9801 994540 6360 994540 6360
7203 9779 7203 9779 994569 6348 994569 6348
8165 8821 8165 8821 994997 7636 994997 7636
8383 8603 8383 8603 995199 7869 995199 7869
8883 9103 8883 9103 995663 8403 995663 8403
9875 10095 9875 10095 996777 9255 996777 9255
11719 11939 11719 11939 994274 8523 994274 8523
12595 12815 12595 12815 994458 9748 994458 9748
13755 13974 13755 13974 992819 9801 992819 9801
70325 70542 70325 70542 936180 66299 936180 66299
126895 127109 126895 127109 879541 122797 879541 122797
183464 183676 183464 183676 822902 179295 822902 179295
240034 240243 240034 240243 766263 235793 766263 235793
296604 296810 296604 296810 709624 292291 709624 292291
353174 353377 353174 353377 652985 348789 652985 348789
409744 409945 409744 409945 596346 405287 596346 405287
466314 466512 466314 466512 539707 461785 539707 461785
522884 523079 522884 523079 483068 518283 483068 518283
579454 579646 579454 579646 426429 574781 426429 574781
636024 636213 636024 636213 369790 631279 369790 631279
692594 692780 692594 692780 313151 687777 313151 687777
749164 749348 749164 749348 256512 744275 256512 744275
805734 805915 805734 805915 199873 800773 199873 800773
862304 862482 862304 862482 143234 857271 143234 857271
918874 919049 918874 919049 86595 913769 86595 913769
975443 975616 975443 975616 29956 970267 29956 970267
990590 990762 990590 990762 14791 985394 14791 985394
991482 990051 991482 990051 13983 986200 13983 986200
992819 990199 992819 990199 13031 987150 13031 987150
991617 991397 991617 991397 11830 988348 11830 988348
991959 992534 991959 992534 10989 989187 10989 989187
993988 991608 993988 991608 9410 990762 9410 990762
994274 991477 994274 991477 9218 991011 9218 991011
995663 991597 995663 991597 8365 992114 8365 992114
995414 992065 995414 992065 8041 992534 8041 992534
994569 993652 994569 993652 9548 993514 9548 993514
994500 993805 994500 993805 9689 993605 9689 993605
993894 995135 993894 995135 9371 995032 9371 995032
993801 996238 993801 996238 9130 996112 9130 996112
994252 996185 994252 996185 9031 996555 9031 996555
994853 996114 994853 996114 8438 996433 8438 996433
995002 995408 995002 995408 7731 996288 7731 996288
995079 995046 995079 995046 7361 996276 7361 996276
996217 994805 996217 994805 6199 996238 6199 996238
996329 994781 996329 994781 6153 996343 6153 996343
995856 993798 995856 993798 5714 997342 5714 997342
996349 993531 996349 993531 5488 997855 5488 997855
997087 993130 997087 993130 5307 998675 5307 998675
997636 993323 997636 993323 5181 999243 5181 999243
998408 993595 998408 993595 4567 999785 4567 999785
998378 993858 998378 993858 4369 999960 4369 999960
998254 994940 998254 994940 3691 999107 3691 999107
998217 995263 998217 995263 3913 998870 3913 998870
998952 995805 998952 995805 4537 998203 4537 998203
999286 996052 999286 996052 4544 997788 4544 997788
998760 996412 998760 996412 4554 997151 4554 997151
998316 996716 998316 996716 4189 996755 4189 996755
998544 997118 998544 997118 3876 996414 3876 996414
999096 998091 999096 998091 2802 996102 2802 996102
999706 999165 999706 999165 1849 995317 1849 995317
999624 999187 999624 999187 1783 995263 1783 995263
998341 999534 998341 999534 714 996052 714 996052
997548 999748 997548 999748 247 996728 247 996728
997640 999375 997640 999375 29 997045 29 997045
997834 998593 997834 998593 37 996240 37 996240
996826 998190 996826 998190 47 995154 47 995154
996474 998049 996474 998049 65 994776 65 994776
995446 997151 995446 997151 130 993412 130 993412
994512 997855 994512 997855 185 992244 185 992244
993799 998829 993799 998829 242 991038 242 991038
993674 999000 993674 999000 415 991160 415 991160
992419 999622 992419 999622 1558 991969 1558 991969
991379 999811 991379 999811 2421 992579 2421 992579
992733 998631 992733 998631 3888 993617 3888 993617
992672 998323 992672 998323 4144 993798 4144 993798
992269 996288 992269 996288 4905 991868 4905 991868
991331 995592 991331 995592 5333 990781 5333 990781
991071 995086 991071 995086 5542 990252 5542 990252
990311 993605 990311 993605 5540 988588 5540 988588
910312 993914 910312 993914 5450 908588 5450 908588
830312 994224 830312 994224 5359 828588 5359 828588
750313 994533 750313 994533 5269 748588 5269 748588
670313 994843 670313 994843 5178 668588 5178 668588
590314 995152 590314 995152 5088 588588 5088 588588
510315 995461 510315 995461 4997 508588 4997 508588
430315 995771 430315 995771 4907 428588 4907 428588
350316 996080 350316 996080 4816 348588 4816 348588
270316 996390 270316 996390 4726 268588 4726 268588
190317 996699 190317 996699 4636 188588 4636 188588
110318 997008 110318 997008 4545 108588 4545 108588
30318 997318 30318 997318 4455 28588 4455 28588
11190 997392 11190 997392 4433 9460 4433 9460
10044 997396 10044 997396 5542 9748 5542 9748
9853 997397 9853 997397 5570 9559 5570 9559
9864 998444 9864 998444 5726 8523 5726 8523
9876 999700 9876 999700 6101 7325 6101 7325
9877 999787 9877 999787 6188 7331 6188 7331
8621 999811 8621 999811 7441 7422 7441 7422
8029 999703 8029 999703 8041 7466 8041 7466
7581 999622 7581 999622 8070 7011 8070 7011
6682 999825 6682 999825 8130 6092 8130 6092
6047 999968 6047 999968 8769 6216 8769 6216
6307 999068 6307 999068 9689 6395 9689 6395
6326 999000 6326 999000 9645 6340 9645 6340
7252 998637 7252 998637 9027 5561 9027 5561
7267 998631 7267 998631 9018 5548 9018 5548
7670 996426 7670 996426 7731 3712 7731 3712
7862 995377 7862 995377 8145 2729 8145 2729
8130 993908 8130 993908 7797 1277 7797 1277
8673 993160 8673 993160 7581 378 7581 378
9398 992161 9398 992161 6475 926 6475 926
9334 992007 9334 992007 6326 1000 6326 1000
8706 990502 8706 990502 6550 2615 6550 2615
8518 990051 8518 990051 6188 2943 6188 2943
7181 990199 7181 990199 5191 3846 5191 3846
7179 990258 7179 990258 5147 3886 5147 3886
7110 992246 7110 992246 3671 5219 3671 5219
7073 993336 7073 993336 4144 6202 4144 6202
7068 993467 7068 993467 4077 6315 4077 6315
6101 992675 6101 992675 3444 7392 3444 7392
5303 992473 5303 992473 3026 8102 3026 8102
4169 992187 4169 992187 3223 9255 3223 9255
3026 991898 3026 991898 2052 9384 2052 9384
2812 991678 2812 991678 1746 9418 1746 9418
2056 990900 2056 990900 1280 8439 1280 8439
1746 990582 1746 990582 1136 8019 1136 8019
1881 992418 1881 992418 538 6278 538 6278
666 993321 666 993321 47 4846 47 4846
7 993811 7 993811 314 4069 314 4069
858 994440 858 994440 658 3068 658 3068
1520 995312 1520 995312 1014 2033 1014 2033
2966 997214 2966 997214 3402 1955 3402 1955
2848 997253 2848 997253 3526 1951 3526 1951
1831 997588 1831 997588 3691 893 3691 893
796 997930 796 997930 4369 40 4369 40
35 998181 35 998181 3572 128 3572 128
981 998794 981 998794 2452 252 2452 252
1930 999410 1930 999410 1348 2 1348 2
2452 999748 2452 999748 860 387 860 387
1748 999907 1748 999907 294 835 294 835
1348 999998 1348 999998 294 835 294 835
