1 919999 1 919999 580001 400001 580001 400001
20001 919999 20001 919999 580001 420001 580001 420001
40001 919999 40001 919999 580001 440001 580001 440001
60001 919999 60001 919999 560001 440001 560001 440001
80001 919999 80001 919999 540001 440001 540001 440001
80001 899999 80001 899999 540001 420001 540001 420001
80001 879999 80001 879999 560001 420001 560001 420001
80001 859999 80001 859999 560001 400001 560001 400001
80001 839999 80001 839999 540001 400001 540001 400001
60001 839999 60001 839999 520001 400001 520001 400001
40001 839999 40001 839999 500001 400001 500001 400001
20001 839999 20001 839999 500001 420001 500001 420001
1 839999 1 839999 520001 420001 520001 420001
1 819999 1 819999 520001 440001 520001 440001
1 799999 1 799999 500001 440001 500001 440001
1 771715 1 771715 520001 460001 520001 460001
1 759999 1 759999 531717 460001 531717 460001
1 751715 1 751715 540001 460001 540001 460001
1 731715 1 731715 560001 460001 560001 460001
1 711715 1 711715 580001 460001 580001 460001
1 691715 1 691715 580001 480001 580001 480001
1 679999 1 679999 568285 480001 568285 480001
1 671715 1 671715 560001 480001 560001 480001
1 651715 1 651715 540001 480001 540001 480001
1 631715 1 631715 520001 480001 520001 480001
1 611715 1 611715 500001 480001 500001 480001
1 599999 1 599999 500001 468285 500001 468285
8285 599999 8285 599999 500001 460001 500001 460001
28285 599999 28285 599999 480001 460001 480001 460001
48285 599999 48285 599999 480001 440001 480001 440001
68285 599999 68285 599999 480001 420001 480001 420001
80001 599999 80001 599999 480001 408285 480001 408285
80001 608283 80001 608283 480001 400001 480001 400001
80001 628283 80001 628283 460001 400001 460001 400001
80001 648283 80001 648283 460001 420001 460001 420001
80001 668283 80001 668283 460001 440001 460001 440001
80001 679999 80001 679999 460001 451717 460001 451717
80001 688283 80001 688283 460001 460001 460001 460001
80001 708283 80001 708283 460001 480001 460001 480001
80001 728283 80001 728283 480001 480001 480001 480001
80001 756568 80001 756568 460001 500001 460001 500001
80001 759999 80001 759999 456570 500001 456570 500001
96570 759999 96570 759999 440001 500001 440001 500001
116570 759999 116570 759999 440001 480001 440001 480001
136570 759999 136570 759999 420001 480001 420001 480001
156570 759999 156570 759999 420001 460001 420001 460001
160001 759999 160001 759999 423432 460001 423432 460001
160001 743430 160001 743430 440001 460001 440001 460001
160001 723430 160001 723430 440001 440001 440001 440001
160001 703430 160001 703430 440001 420001 440001 420001
160001 683430 160001 683430 440001 400001 440001 400001
160001 679999 160001 679999 436570 400001 436570 400001
160001 663430 160001 663430 420001 400001 420001 400001
160001 643430 160001 643430 400001 400001 400001 400001
160001 623430 160001 623430 400001 420001 400001 420001
160001 603430 160001 603430 420001 420001 420001 420001
160001 599999 160001 599999 420001 423432 420001 423432
176570 599999 176570 599999 420001 440001 420001 440001
196570 599999 196570 599999 400001 440001 400001 440001
216570 599999 216570 599999 400001 460001 400001 460001
236570 599999 236570 599999 400001 480001 400001 480001
240001 599999 240001 599999 402427 482427 402427 482427
264854 599999 264854 599999 420001 500001 420001 500001
284854 599999 284854 599999 400001 500001 400001 500001
304854 599999 304854 599999 400001 520001 400001 520001
320001 599999 320001 599999 415148 520001 415148 520001
320001 604852 320001 604852 420001 520001 420001 520001
320001 624852 320001 624852 420001 540001 420001 540001
320001 644852 320001 644852 400001 540001 400001 540001
320001 664852 320001 664852 400001 560001 400001 560001
320001 679999 320001 679999 415148 560001 415148 560001
315148 679999 315148 679999 420001 560001 420001 560001
295148 679999 295148 679999 440001 560001 440001 560001
275148 679999 275148 679999 440001 540001 440001 540001
255148 679999 255148 679999 440001 520001 440001 520001
240001 679999 240001 679999 455148 520001 455148 520001
240001 684852 240001 684852 460001 520001 460001 520001
240001 704852 240001 704852 460001 540001 460001 540001
240001 724852 240001 724852 480001 540001 480001 540001
240001 744852 240001 744852 500001 540001 500001 540001
240001 759999 240001 759999 500001 555148 500001 555148
244854 759999 244854 759999 500001 560001 500001 560001
264854 759999 264854 759999 520001 560001 520001 560001
284854 759999 284854 759999 520001 540001 520001 540001
304854 759999 304854 759999 540001 540001 540001 540001
320001 759999 320001 759999 540001 555148 540001 555148
320001 764852 320001 764852 540001 560001 540001 560001
320001 784852 320001 784852 560001 560001 560001 560001
320001 804852 320001 804852 560001 540001 560001 540001
320001 824852 320001 824852 560001 520001 560001 520001
320001 839999 320001 839999 544854 520001 544854 520001
315148 839999 315148 839999 540001 520001 540001 520001
295148 839999 295148 839999 520001 520001 520001 520001
275148 839999 275148 839999 500001 520001 500001 520001
255148 839999 255148 839999 480001 520001 480001 520001
240001 839999 240001 839999 480001 504854 480001 504854
235148 839999 235148 839999 480001 500001 480001 500001
215148 839999 215148 839999 500001 500001 500001 500001
195148 839999 195148 839999 520001 500001 520001 500001
175148 839999 175148 839999 540001 500001 540001 500001
160001 839999 160001 839999 555148 500001 555148 500001
160001 844852 160001 844852 560001 500001 560001 500001
160001 864852 160001 864852 580001 500001 580001 500001
160001 884852 160001 884852 580001 520001 580001 520001
160001 904852 160001 904852 580001 540001 580001 540001
160001 919999 160001 919999 580001 555148 580001 555148
164854 919999 164854 919999 580001 560001 580001 560001
184854 919999 184854 919999 580001 580001 580001 580001
204854 919999 204854 919999 560001 580001 560001 580001
224854 919999 224854 919999 540001 580001 540001 580001
240001 919999 240001 919999 524854 580001 524854 580001
244854 919999 244854 919999 520001 580001 520001 580001
264854 919999 264854 919999 500001 580001 500001 580001
284854 919999 284854 919999 480001 580001 480001 580001
304854 919999 304854 919999 480001 560001 480001 560001
320001 919999 320001 919999 464854 560001 464854 560001
324854 919999 324854 919999 460001 560001 460001 560001
344854 919999 344854 919999 460001 580001 460001 580001
364854 919999 364854 919999 440001 580001 440001 580001
384854 919999 384854 919999 420001 580001 420001 580001
404854 919999 404854 919999 400001 580001 400001 580001
484854 919999 484854 919999 400001 580001 400001 580001
564854 919999 564854 919999 400001 580001 400001 580001
599999 919999 599999 919999 400001 580001 400001 580001
599999 839999 599999 839999 400001 580001 400001 580001
679999 839999 679999 839999 400001 580001 400001 580001
679999 919999 679999 919999 400001 580001 400001 580001
759999 919999 759999 919999 400001 580001 400001 580001
759999 839999 759999 839999 400001 580001 400001 580001
839999 839999 839999 839999 400001 580001 400001 580001
839999 919999 839999 919999 400001 580001 400001 580001
919999 919999 919999 919999 400001 580001 400001 580001
919999 839999 919999 839999 400001 580001 400001 580001
919999 759999 919999 759999 400001 580001 400001 580001
839999 759999 839999 759999 400001 580001 400001 580001
759999 759999 759999 759999 400001 580001 400001 580001
679999 759999 679999 759999 400001 580001 400001 580001
599999 759999 599999 759999 400001 580001 400001 580001
599999 679999 599999 679999 400001 580001 400001 580001
679999 679999 679999 679999 400001 580001 400001 580001
759999 679999 759999 679999 400001 580001 400001 580001
839999 679999 839999 679999 400001 580001 400001 580001
919999 679999 919999 679999 400001 580001 400001 580001
919999 599999 919999 599999 400001 580001 400001 580001
839999 599999 839999 599999 400001 580001 400001 580001
759999 599999 759999 599999 400001 580001 400001 580001
679999 599999 679999 599999 400001 580001 400001 580001
599999 599999 599999 599999 400001 580001 400001 580001
600000 599999 600000 599999 400001 580001 400001 580001
543431 543431 543431 543431 400001 580001 400001 580001
486863 486862 486863 486862 400001 580001 400001 580001
430294 430294 430294 430294 400001 580001 400001 580001
373725 373725 373725 373725 400001 580001 400001 580001
320001 320001 320001 320001 400001 580001 400001 580001
240001 320001 240001 320001 400001 580001 400001 580001
160001 320001 160001 320001 400001 580001 400001 580001
80001 320001 80001 320001 400001 580001 400001 580001
1 320001 1 320001 400001 580001 400001 580001
1 240001 1 240001 400001 580001 400001 580001
1 160001 1 160001 400001 580001 400001 580001
1 80001 1 80001 400001 580001 400001 580001
1 1 1 1 400001 580001 400001 580001
80001 1 80001 1 400001 580001 400001 580001
80001 80001 80001 80001 400001 580001 400001 580001
80001 160001 80001 160001 400001 580001 400001 580001
80001 240001 80001 240001 400001 580001 400001 580001
160001 240001 160001 240001 400001 580001 400001 580001
160001 160001 160001 160001 400001 580001 400001 580001
160001 80001 160001 80001 400001 580001 400001 580001
160001 1 160001 1 400001 580001 400001 580001
240001 1 240001 1 400001 580001 400001 580001
240001 80001 240001 80001 400001 580001 400001 580001
240001 160001 240001 160001 400001 580001 400001 580001
240001 240001 240001 240001 400001 580001 400001 580001
320001 240001 320001 240001 400001 580001 400001 580001
320001 160001 320001 160001 400001 580001 400001 580001
320001 80001 320001 80001 400001 580001 400001 580001
320001 1 320001 1 400001 580001 400001 580001
320002 1 320002 1 400001 580001 400001 580001
400002 1 400002 1 400001 580001 400001 580001
480002 1 480002 1 400001 580001 400001 580001
560002 1 560002 1 400001 580001 400001 580001
599999 1 599999 1 400001 580001 400001 580001
599999 80001 599999 80001 400001 580001 400001 580001
599999 160001 599999 160001 400001 580001 400001 580001
599999 240001 599999 240001 400001 580001 400001 580001
599999 320001 599999 320001 400001 580001 400001 580001
679999 320001 679999 320001 400001 580001 400001 580001
679999 240001 679999 240001 400001 580001 400001 580001
679999 160001 679999 160001 400001 580001 400001 580001
759999 160001 759999 160001 400001 580001 400001 580001
759999 80001 759999 80001 400001 580001 400001 580001
679999 80001 679999 80001 400001 580001 400001 580001
679999 1 679999 1 400001 580001 400001 580001
759999 1 759999 1 400001 580001 400001 580001
839999 1 839999 1 400001 580001 400001 580001
839999 80001 839999 80001 400001 580001 400001 580001
839999 160001 839999 160001 400001 580001 400001 580001
839999 240001 839999 240001 400001 580001 400001 580001
759999 240001 759999 240001 400001 580001 400001 580001
759999 320001 759999 320001 400001 580001 400001 580001
839999 320001 839999 320001 400001 580001 400001 580001
919999 320001 919999 320001 400001 580001 400001 580001
919999 240001 919999 240001 400001 580001 400001 580001
919999 160001 919999 160001 400001 580001 400001 580001
919999 80001 919999 80001 400001 580001 400001 580001
919999 1 919999 1 400001 580001 400001 580001
