777471 302190 777471 302190 302471 302190 302471 302190
777471 352190 777471 352190 302471 352190 302471 352190
777472 352190 777472 352190 302471 352191 302471 352191
727473 352190 727473 352190 302471 402190 302471 402190
727471 352190 727471 352190 302471 402192 302471 402192
727471 302192 727471 302192 302471 452190 302471 452190
727471 302190 727471 302190 302471 452192 302471 452192
727472 302190 727472 302190 302471 452193 302471 452193
677475 302190 677475 302190 302471 502190 302471 502190
677471 302190 677471 302190 302471 502194 302471 502194
677471 352186 677471 352186 302471 552190 302471 552190
677471 352187 677471 352187 302472 552190 302472 552190
677471 352190 677471 352190 302475 552190 302475 552190
677471 402186 677471 402186 352471 552190 352471 552190
677471 402190 677471 402190 352471 552194 352471 552194
677472 402190 677472 402190 352471 552195 352471 552195
727467 402190 727467 402190 352471 602190 352471 602190
727468 402190 727468 402190 352472 602190 352472 602190
727471 402190 727471 402190 352469 602190 352469 602190
727472 402190 727472 402190 352468 602190 352468 602190
777469 402190 777469 402190 302471 602190 302471 602190
777471 402190 777471 402190 302471 602192 302471 602192
777471 452188 777471 452188 302471 652190 302471 652190
777471 452190 777471 452190 302471 652192 302471 652192
777471 502188 777471 502188 302471 702190 302471 702190
777471 502190 777471 502190 302471 702192 302471 702192
777471 552188 777471 552188 302471 752190 302471 752190
777471 552189 777471 552189 302472 752190 302472 752190
777471 552190 777471 552190 302473 752190 302473 752190
777471 602188 777471 602188 352471 752190 352471 752190
777471 602189 777471 602189 352472 752190 352472 752190
777471 602190 777471 602190 352473 752190 352473 752190
777471 652188 777471 652188 402471 752190 402471 752190
777471 652189 777471 652189 402472 752190 402472 752190
777471 652190 777471 652190 402473 752190 402473 752190
777472 652190 777472 652190 402474 752190 402474 752190
727475 652190 727475 652190 452471 752190 452471 752190
727474 652190 727474 652190 452472 752190 452472 752190
727471 652190 727471 652190 452475 752190 452475 752190
727471 702186 727471 702186 502471 752190 502471 752190
727471 702190 727471 702190 502471 752186 502471 752186
727472 702190 727472 702190 502471 752185 502471 752185
777467 702190 777467 702190 502471 702190 502471 702190
777471 702190 777471 702190 502471 702186 502471 702186
777471 752186 777471 752186 502471 652190 502471 652190
777471 752187 777471 752187 502472 652190 502472 652190
777471 752190 777471 752190 502469 652190 502469 652190
777472 752190 777472 752190 502468 652190 502468 652190
727475 752190 727475 752190 452471 652190 452471 652190
727471 752190 727471 752190 452471 652194 452471 652194
727472 752190 727472 752190 452471 652195 452471 652195
677477 752190 677477 752190 452471 702190 452471 702190
677476 752190 677476 752190 452472 702190 452472 702190
677471 752190 677471 752190 452467 702190 452467 702190
677471 702194 677471 702194 402471 702190 402471 702190
677471 702193 677471 702193 402472 702190 402472 702190
677471 702190 677471 702190 402469 702190 402469 702190
677471 652192 677471 652192 352471 702190 352471 702190
677471 652190 677471 652190 352471 702188 352471 702188
677471 602192 677471 602192 352471 652190 352471 652190
677471 602191 677471 602191 352472 652190 352472 652190
677471 602190 677471 602190 352473 652190 352473 652190
677472 602190 677472 602190 352474 652190 352474 652190
727469 602190 727469 602190 402471 652190 402471 652190
727471 602190 727471 602190 402471 652188 402471 652188
727471 552192 727471 552192 402471 602190 402471 602190
727471 552190 727471 552190 402471 602188 402471 602188
727471 502192 727471 502192 402471 552190 402471 552190
727471 502190 727471 502190 402471 552188 402471 552188
727471 452192 727471 452192 402471 502190 402471 502190
727471 452191 727471 452191 402472 502190 402472 502190
727471 452190 727471 452190 402471 502190 402471 502190
727472 452190 727472 452190 402470 502190 402470 502190
677473 452190 677473 452190 352471 502190 352471 502190
677471 452190 677471 452190 352471 502188 352471 502188
677471 502188 677471 502188 352471 452190 352471 452190
677471 502190 677471 502190 352471 452188 352471 452188
677472 502190 677472 502190 352471 452187 352471 452187
627475 502190 627475 502190 352471 402190 352471 402190
627474 502190 627474 502190 352472 402190 352472 402190
627471 502190 627471 502190 352475 402190 352475 402190
627471 452194 627471 452194 402471 402190 402471 402190
627471 452190 627471 452190 402471 402194 402471 402194
627471 402194 627471 402194 402471 452190 402471 452190
627471 402193 627471 402193 402472 452190 402472 452190
627471 402190 627471 402190 402475 452190 402475 452190
627472 402190 627472 402190 402476 452190 402476 452190
577477 402190 577477 402190 452471 452190 452471 452190
577471 402190 577471 402190 452471 452184 452471 452184
577471 452184 577471 452184 452471 402190 452471 402190
577471 452190 577471 452190 452471 402184 452471 402184
577471 502184 577471 502184 452471 352190 452471 352190
577471 502185 577471 502185 452472 352190 452472 352190
577471 502190 577471 502190 452467 352190 452467 352190
577471 552186 577471 552186 402471 352190 402471 352190
577471 552187 577471 552187 402472 352190 402472 352190
577471 552190 577471 552190 402469 352190 402469 352190
577472 552190 577472 552190 402468 352190 402468 352190
527475 552190 527475 552190 352471 352190 352471 352190
527471 552190 527471 552190 352471 352186 352471 352186
527472 552190 527472 552190 352471 352185 352471 352185
477477 552190 477477 552190 352471 302190 352471 302190
477476 552190 477476 552190 352472 302190 352472 302190
477471 552190 477471 552190 352477 302190 352477 302190
477471 602184 477471 602184 402471 302190 402471 302190
477471 602185 477471 602185 402472 302190 402472 302190
477471 602190 477471 602190 402477 302190 402477 302190
477472 602190 477472 602190 402478 302190 402478 302190
527465 602190 527465 602190 452471 302190 452471 302190
527466 602190 527466 602190 452472 302190 452472 302190
527471 602190 527471 602190 452477 302190 452477 302190
527472 602190 527472 602190 452478 302190 452478 302190
577465 602190 577465 602190 502471 302190 502471 302190
577471 602190 577471 602190 502471 302196 502471 302196
612822 566839 612822 566839 502471 352190 502471 352190
612823 566838 612823 566838 502472 352190 502472 352190
627471 552190 627471 552190 523188 352190 523188 352190
627472 552190 627472 552190 523189 352190 523189 352190
656754 552190 656754 552190 552471 352190 552471 352190
677471 552190 677471 552190 552471 331473 552471 331473
656765 572896 656765 572896 552471 302190 552471 302190
656764 572897 656764 572897 552472 302190 552472 302190
627471 602190 627471 602190 593898 302190 593898 302190
627471 610763 627471 610763 602471 302190 602471 302190
627471 652190 627471 652190 602471 343617 602471 343617
627471 660763 627471 660763 602471 352190 602471 352190
627471 702190 627471 702190 631765 322896 631765 322896
627471 731473 627471 731473 652471 302190 652471 302190
627471 752190 627471 752190 652471 322907 652471 322907
627472 752190 627472 752190 652471 322908 652471 322908
598190 752190 598190 752190 652471 352190 652471 352190
577471 752190 577471 752190 652471 372909 652471 372909
577471 722909 577471 722909 652471 402190 652471 402190
577471 722908 577471 722908 652472 402190 652472 402190
577471 702190 577471 702190 673190 402190 673190 402190
577471 672909 577471 672909 702471 402190 702471 402190
577471 652190 577471 652190 702471 381471 702471 381471
577472 652190 577472 652190 702471 381470 702471 381470
548192 652190 548192 652190 702471 352190 702471 352190
527471 652190 527471 652190 702471 331469 702471 331469
527472 652190 527472 652190 702471 331468 702471 331468
498194 652190 498194 652190 702471 302190 702471 302190
498193 652190 498193 652190 702472 302190 702472 302190
477471 652190 477471 652190 723194 302190 723194 302190
477471 681467 477471 681467 752471 302190 752471 302190
477471 702190 477471 702190 752471 322913 752471 322913
477472 702190 477472 702190 752471 322914 752471 322914
506748 702190 506748 702190 752471 352190 752471 352190
527471 702190 527471 702190 752471 372913 752471 372913
527471 731467 527471 731467 752471 402190 752471 402190
527471 752190 527471 752190 752471 422913 752471 422913
527472 752190 527472 752190 752471 422914 752471 422914
498196 752190 498196 752190 752471 452190 752471 452190
498195 752190 498195 752190 752472 452190 752472 452190
477471 752190 477471 752190 731748 452190 731748 452190
477472 752190 477472 752190 731747 452190 731747 452190
448196 752190 448196 752190 702471 452190 702471 452190
448195 752190 448195 752190 702472 452190 702472 452190
427471 752190 427471 752190 681748 452190 681748 452190
427471 722913 427471 722913 652471 452190 652471 452190
427471 702190 427471 702190 652471 472913 652471 472913
427471 672913 427471 672913 652471 502190 652471 502190
427471 672912 427471 672912 652472 502190 652472 502190
427471 652190 427471 652190 673194 502190 673194 502190
427471 622913 427471 622913 702471 502190 702471 502190
427471 622912 427471 622912 702472 502190 702472 502190
427471 602190 427471 602190 723194 502190 723194 502190
427471 572913 427471 572913 752471 502190 752471 502190
427471 552190 427471 552190 752471 522913 752471 522913
427471 522913 427471 522913 752471 552190 752471 552190
427471 502190 427471 502190 752471 572913 752471 572913
427472 502190 427472 502190 752471 572914 752471 572914
456748 502190 456748 502190 752471 602190 752471 602190
477471 502190 477471 502190 752471 622913 752471 622913
477472 502190 477472 502190 752471 622914 752471 622914
506748 502190 506748 502190 752471 652190 752471 652190
506749 502190 506749 502190 752472 652190 752472 652190
527471 502190 527471 502190 731750 652190 731750 652190
527471 472911 527471 472911 702471 652190 702471 652190
527471 452190 527471 452190 702471 631469 702471 631469
527471 422911 527471 422911 702471 602190 702471 602190
527471 402190 527471 402190 702471 581469 702471 581469
527471 372911 527471 372911 702471 552190 702471 552190
527471 372910 527471 372910 702472 552190 702472 552190
527471 352190 527471 352190 681752 552190 681752 552190
527472 352190 527472 352190 681751 552190 681751 552190
556752 352190 556752 352190 652471 552190 652471 552190
556753 352190 556753 352190 652472 552190 652472 552190
577471 352190 577471 352190 631754 552190 631754 552190
577472 352190 577472 352190 631753 552190 631753 552190
606754 352190 606754 352190 602471 552190 602471 552190
627471 352190 627471 352190 602471 531473 602471 531473
627471 322907 627471 322907 602471 502190 602471 502190
627471 302190 627471 302190 602471 481473 602471 481473
627472 302190 627472 302190 602471 481472 602471 481472
598190 302190 598190 302190 602471 452190 602471 452190
577471 302190 577471 302190 602471 431471 602471 431471
577472 302190 577472 302190 602471 431470 602471 431470
548192 302190 548192 302190 602471 402190 602471 402190
548191 302190 548191 302190 602472 402190 602472 402190
527471 302190 527471 302190 581752 402190 581752 402190
527472 302190 527472 302190 581751 402190 581751 402190
498192 302190 498192 302190 552471 402190 552471 402190
498191 302190 498191 302190 552472 402190 552472 402190
477471 302190 477471 302190 531752 402190 531752 402190
477472 302190 477472 302190 531751 402190 531751 402190
448192 302190 448192 302190 502471 402190 502471 402190
427471 302190 427471 302190 502471 422911 502471 422911
427471 331469 427471 331469 502471 452190 502471 452190
427471 331470 427471 331470 502472 452190 502472 452190
427471 352190 427471 352190 523192 452190 523192 452190
427472 352190 427472 352190 523193 452190 523193 452190
398194 352190 398194 352190 552471 452190 552471 452190
377471 352190 377471 352190 552471 472913 552471 472913
377471 322913 377471 322913 552471 502190 552471 502190
377471 302190 377471 302190 552471 522913 552471 522913
377472 302190 377472 302190 552471 522914 552471 522914
348196 302190 348196 302190 552471 552190 552471 552190
348195 302190 348195 302190 552472 552190 552472 552190
327471 302190 327471 302190 531748 552190 531748 552190
327471 331467 327471 331467 502471 552190 502471 552190
327471 352190 327471 352190 502471 531467 502471 531467
327471 381467 327471 381467 502471 502190 502471 502190
327471 381468 327471 381468 502472 502190 502472 502190
327471 402190 327471 402190 481750 502190 481750 502190
327472 402190 327472 402190 481749 502190 481749 502190
356750 402190 356750 402190 452471 502190 452471 502190
377471 402190 377471 402190 452471 522911 452471 522911
377472 402190 377472 402190 452471 522912 452471 522912
406750 402190 406750 402190 452471 552190 452471 552190
427471 402190 427471 402190 452471 572911 452471 572911
448175 381486 448175 381486 452471 602190 452471 602190
448175 381486 448175 381486 452472 602190 452472 602190
477471 352190 477471 352190 493902 602190 493902 602190
477471 360759 477471 360759 502471 602190 502471 602190
477471 360760 477471 360760 502472 602190 502472 602190
477471 402190 477471 402190 543902 602190 543902 602190
477471 410759 477471 410759 552471 602190 552471 602190
477471 452190 477471 452190 552471 643621 552471 643621
477472 452190 477472 452190 552471 643622 552471 643622
468904 452190 468904 452190 552471 652190 552471 652190
427471 452190 427471 452190 552471 693623 552471 693623
427472 452190 427472 452190 552471 693624 552471 693624
418906 452190 418906 452190 552471 702190 552471 702190
377471 452190 377471 452190 552471 743625 552471 743625
377472 452190 377472 452190 552471 743626 552471 743626
368908 452190 368908 452190 552471 752190 552471 752190
368907 452190 368907 452190 552472 752190 552472 752190
327471 452190 327471 452190 593908 752190 593908 752190
327471 460753 327471 460753 602471 752190 602471 752190
327471 502190 327471 502190 602471 710753 602471 710753
327472 502190 327472 502190 602471 710752 602471 710752
336034 502190 336034 502190 602471 702190 602471 702190
377471 502190 377471 502190 602471 660753 602471 660753
377471 510753 377471 510753 602471 652190 602471 652190
377471 552190 377471 552190 602471 610753 602471 610753
377472 552190 377472 552190 602471 610752 602471 610752
368910 552190 368910 552190 602471 602190 602471 602190
368909 552190 368909 552190 602472 602190 602472 602190
327471 552190 327471 552190 643910 602190 643910 602190
327471 560751 327471 560751 652471 602190 652471 602190
327471 602190 327471 602190 652471 643629 652471 643629
327472 602190 327472 602190 652471 643630 652471 643630
336032 602190 336032 602190 652471 652190 652471 652190
377471 602190 377471 602190 652471 693629 652471 693629
377471 610751 377471 610751 652471 702190 652471 702190
377471 652190 377471 652190 652471 743629 652471 743629
377472 652190 377472 652190 652471 743630 652471 743630
368912 652190 368912 652190 652471 752190 652471 752190
368911 652190 368911 652190 652472 752190 652472 752190
327471 652190 327471 652190 693912 752190 693912 752190
327471 660749 327471 660749 702471 752190 702471 752190
327471 702190 327471 702190 702471 710749 702471 710749
327472 702190 327472 702190 702471 710748 702471 710748
336030 702190 336030 702190 702471 702190 702471 702190
336031 702190 336031 702190 702472 702190 702472 702190
377471 702190 377471 702190 743912 702190 743912 702190
377471 710749 377471 710749 752471 702190 752471 702190
377471 752190 377471 752190 752471 743631 752471 743631
377472 752190 377472 752190 752471 743632 752471 743632
368914 752190 368914 752190 752471 752190 752471 752190
327471 752190 327471 752190 752471 752190 752471 752190
