161495 395161 161495 395161 582200 683504 582200 683504
197808 415200 197808 415200 620660 667979 620660 667979
199282 390584 199282 390584 643527 658749 643527 658749
199509 389434 199509 389434 644614 658310 644614 658310
203832 367520 203832 367520 649457 636504 649457 636504
208582 343445 208582 343445 636993 615367 636993 615367
209287 339873 209287 339873 640485 614335 640485 614335
249240 334034 249240 334034 679206 602888 679206 602888
248831 341061 248831 341061 685956 600892 685956 600892
246733 377149 246733 377149 705106 631551 705106 631551
245870 391980 245870 391980 718865 637154 718865 637154
242949 423140 242949 423140 747851 648957 747851 648957
243418 423856 243418 423856 748644 649280 748644 649280
254508 440785 254508 440785 759749 632361 759749 632361
210316 442116 210316 442116 784010 595400 784010 595400
191705 432360 191705 432360 795540 577833 795540 577833
162666 455595 162666 455595 815948 546742 815948 546742
152759 463522 152759 463522 804833 540623 804833 540623
126567 486549 126567 486549 774281 523805 774281 523805
150669 492925 150669 492925 752441 511782 752441 511782
165823 496935 165823 496935 742287 523725 742287 523725
168463 497633 168463 497633 742087 526448 742087 526448
189215 508763 189215 508763 740363 549933 740363 549933
197121 513003 197121 513003 732781 545137 732781 545137
204709 522784 204709 522784 722319 538520 722319 538520
210662 530457 210662 530457 715915 545821 715915 545821
206741 540583 206741 540583 708754 553984 708754 553984
201868 553166 201868 553166 703672 566484 703672 566484
201713 553503 201713 553503 703532 566828 703532 566828
192526 573445 192526 573445 682556 573315 682556 573315
181836 596652 181836 596652 665474 554314 665474 554314
171233 619669 171233 619669 644570 539988 644570 539988
169322 623818 169322 623818 647465 536455 647465 536455
173700 623210 173700 623210 650266 533035 650266 533035
223999 616222 223999 616222 678262 490668 678262 490668
244585 613362 244585 613362 660220 480350 660220 480350
241066 597387 241066 597387 646020 472230 646020 472230
237998 583463 237998 583463 646520 486480 646520 486480
238032 568177 238032 568177 647057 501756 647057 501756
238148 515267 238148 515267 614891 543766 614891 543766
238176 502400 238176 502400 605055 535470 605055 535470
226026 498517 226026 498517 595305 527246 595305 527246
217081 495658 217081 495658 586191 524985 586191 524985
212214 488603 212214 488603 577872 522922 577872 522922
243604 475217 243604 475217 544751 514706 544751 514706
264909 466132 264909 466132 531406 495775 531406 495775
287758 492663 287758 492663 511233 467157 511233 467157
294660 500677 294660 500677 508946 456830 508946 456830
292321 473466 292321 473466 503042 430165 503042 430165
294088 447951 294088 447951 497513 405194 497513 405194
312844 440363 312844 440363 493139 385439 493139 385439
360904 420921 360904 420921 526172 345483 526172 345483
374357 415479 374357 415479 520308 332208 520308 332208
388497 416311 388497 416311 514584 319251 514584 319251
415109 417877 415109 417877 489787 309467 489787 309467
426086 410527 426086 410527 477498 304618 477498 304618
435936 403931 435936 403931 470209 295270 470209 295270
440333 386048 440333 386048 458886 280746 458886 280746
468809 387397 468809 387397 441357 258264 441357 258264
494821 388630 494821 388630 428608 235557 428608 235557
494565 385723 494565 385723 427180 233013 427180 233013
491788 354187 491788 354187 398680 246797 398680 246797
488458 316364 488458 316364 415929 280622 415929 280622
486492 294038 486492 294038 423803 301606 423803 301606
477536 283968 477536 283968 428537 314224 428537 314224
465126 270015 465126 270015 415657 327744 415657 327744
447228 249891 447228 249891 389313 333337 389313 333337
497691 220464 497691 220464 332170 345468 332170 345468
505224 216071 505224 216071 331240 336797 331240 336797
512946 205038 512946 205038 329805 323407 329805 323407
516301 200245 516301 200245 325386 319573 325386 319573
514609 194021 514609 194021 320514 315346 320514 315346
521310 196616 521310 196616 315086 310637 315086 310637
564743 155320 564743 155320 269816 271364 269816 271364
584913 136142 584913 136142 280689 245744 280689 245744
603170 118783 603170 118783 300343 229983 300343 229983
589633 197629 589633 197629 362754 179935 362754 179935
588691 203118 588691 203118 367099 176451 367099 176451
594403 224231 594403 224231 384162 162768 384162 162768
578715 222416 578715 222416 396483 152888 396483 152888
567068 221068 567068 221068 404639 161311 404639 161311
552213 219349 552213 219349 419591 161084 419591 161084
553961 245987 553961 245987 446283 160680 446283 160680
554503 254254 554503 254254 445597 168937 445597 168937
547068 252408 547068 252408 444962 176571 444962 176571
543099 251422 543099 251422 442991 180155 442991 180155
525036 246937 525036 246937 461601 180347 461601 180347
521351 251125 521351 251125 467179 180405 467179 180405
514352 259081 514352 259081 477628 178644 477628 178644
519734 266665 519734 266665 486799 177099 486799 177099
529075 279827 529075 279827 473069 185582 473069 185582
547439 291281 547439 291281 454657 196959 454657 196959
566445 303135 566445 303135 456758 219260 456758 219260
568723 305170 568723 305170 457044 222301 457044 222301
576446 312072 576446 312072 467394 222700 467394 222700
618837 349955 618837 349955 510424 259856 510424 259856
613330 364317 613330 364317 522066 269908 522066 269908
596864 407257 596864 407257 555281 301717 555281 301717
594201 408808 594201 408808 557506 303848 557506 303848
578830 417759 578830 417759 568897 290186 568897 290186
553705 432389 553705 432389 591664 272104 591664 272104
522707 450440 522707 450440 625423 259977 625423 259977
500061 463627 500061 463627 628990 285939 628990 285939
491313 468721 491313 468721 632477 295442 632477 295442
485010 492821 485010 492821 641057 318828 641057 318828
483312 499313 483312 499313 634974 321663 634974 321663
461436 482158 461436 482158 609777 333408 609777 333408
447398 471149 447398 471149 623820 344411 623820 344411
463676 457174 463676 457174 640707 357643 640707 357643
457584 453805 457584 453805 646187 361937 646187 361937
450407 449835 450407 449835 645609 353756 645609 353756
446298 450416 446298 450416 645317 349616 645317 349616
446417 433329 446417 433329 644113 332571 644113 332571
446455 427926 446455 427926 648910 335056 648910 335056
446494 422293 446494 422293 653859 332364 653859 332364
442057 426645 442057 426645 659318 329394 659318 329394
435664 432916 435664 432916 664964 322442 664964 322442
432889 435638 432889 435638 666395 318828 666395 318828
424174 444186 424174 444186 674339 328097 674339 328097
421927 442932 421927 442932 676013 330051 676013 330051
421786 443118 421786 443118 676165 330228 676165 330228
409855 458875 409855 458875 691821 342291 691821 342291
398417 473979 398417 473979 685688 360217 685688 360217
399795 478605 399795 478605 684126 364784 684126 364784
404157 493242 404157 493242 686507 379871 686507 379871
400965 497491 400965 497491 687335 385120 687335 385120
397730 501796 397730 501796 692229 387367 692229 387367
404565 505712 404565 505712 699388 390654 699388 390654
401465 520083 401465 520083 712748 396789 712748 396789
401093 521415 401093 521415 714005 397366 714005 397366
398654 530163 398654 530163 720193 390719 720193 390719
397404 534643 397404 534643 723575 393912 723575 393912
405717 590748 405717 590748 764819 432846 764819 432846
416535 663760 416535 663760 832506 403414 832506 403414
417171 668982 417171 668982 837330 401316 837330 401316
420199 693819 420199 693819 862346 401791 862346 401791
425118 734183 425118 734183 865445 361246 865445 361246
475472 718751 475472 718751 869458 308734 869458 308734
482699 716536 482699 716536 862709 312137 862709 312137
493542 727406 493542 727406 848999 319049 848999 319049
500049 696259 500049 696259 820587 333375 820587 333375
508144 657515 508144 657515 794708 303426 794708 303426
517438 652984 517438 652984 787948 295603 787948 295603
543984 640041 543984 640041 793628 324585 793628 324585
549935 637139 549935 637139 799951 326550 799951 326550
565900 629355 565900 629355 796471 343967 796471 343967
566955 629038 566955 629038 796255 345047 796255 345047
588854 622463 588854 622463 773736 341087 773736 341087
600341 619014 600341 619014 775313 352977 775313 352977
601715 633138 601715 633138 777178 367044 777178 367044
602799 644282 602799 644282 765997 367637 765997 367637
605404 671059 605404 671059 752589 344313 752589 344313
606828 685699 606828 685699 738594 348843 738594 348843
607540 693022 607540 693022 731432 347159 731432 347159
609948 717780 609948 717780 736591 322825 736591 322825
611858 737416 611858 737416 753799 313177 753799 313177
611914 737988 611914 737988 753500 312686 753500 312686
598747 726646 598747 726646 744472 297836 744472 297836
582500 712650 582500 712650 739350 277013 739350 277013
577390 709304 577390 709304 737891 271082 737891 271082
570769 704969 570769 704969 731340 275523 731340 275523
548588 706529 548588 706529 712934 287999 712934 287999
538289 723542 538289 723542 696472 299157 696472 299157
533888 730811 533888 730811 689511 294284 689511 294284
527889 740721 527889 740721 684371 304666 684371 304666
519115 755214 519115 755214 674626 290807 674626 290807
516325 755662 516325 755662 673001 288495 673001 288495
506579 757225 506579 757225 665675 281880 665675 281880
508239 761458 508239 761458 662301 278833 662301 278833
510978 768443 510978 768443 655287 276167 655287 276167
520352 792351 520352 792351 680441 270997 680441 270997
535974 832190 535974 832190 675773 228460 675773 228460
547286 826202 547286 826202 674377 215737 674377 215737
563103 817829 563103 817829 659398 225530 659398 225530
603849 796259 603849 796259 615026 213014 615026 213014
604356 801007 604356 801007 610431 211718 610431 211718
604853 805654 604853 805654 607182 208358 607182 208358
620968 805316 620968 805316 595976 196772 595976 196772
629236 796921 629236 796921 587785 188302 587785 188302
628231 809440 628231 809440 579054 179274 579054 179274
628175 816309 628175 816309 574279 174336 574279 174336
627655 880600 627655 880600 558504 112008 558504 112008
679004 905965 679004 905965 544452 56486 544452 56486
719594 881665 719594 881665 532845 10624 532845 10624
745708 866031 745708 866031 532845 10624 532845 10624
751867 864881 751867 864881 532845 10624 532845 10624
755636 823402 755636 823402 532845 10624 532845 10624
769291 822933 769291 822933 532845 10624 532845 10624
758307 793453 758307 793453 532845 10624 532845 10624
750971 767682 750971 767682 532845 10624 532845 10624
700542 762095 700542 762095 532845 10624 532845 10624
693074 765012 693074 765012 532845 10624 532845 10624
670930 719183 670930 719183 532845 10624 532845 10624
720465 683738 720465 683738 532845 10624 532845 10624
769108 656494 769108 656494 532845 10624 532845 10624
808355 618842 808355 618842 532845 10624 532845 10624
789157 696504 789157 696504 532845 10624 532845 10624
775157 753139 775157 753139 532845 10624 532845 10624
789812 797441 789812 797441 532845 10624 532845 10624
831228 781460 831228 781460 532845 10624 532845 10624
852170 800884 852170 800884 532845 10624 532845 10624
