999999 400000 999999 400000 600000 999999 600000 999999
998999 400000 998999 400000 600000 998999 600000 998999
997999 400000 997999 400000 600000 997999 600000 997999
996999 400000 996999 400000 600000 996999 600000 996999
995999 400000 995999 400000 600000 995999 600000 995999
994999 400000 994999 400000 600000 994999 600000 994999
993999 400000 993999 400000 600000 993999 600000 993999
992999 400000 992999 400000 600000 992999 600000 992999
991999 400000 991999 400000 600000 991999 600000 991999
990999 400000 990999 400000 600000 990999 600000 990999
989999 400000 989999 400000 600000 989999 600000 989999
988999 400000 988999 400000 600000 988999 600000 988999
987999 400000 987999 400000 600000 987999 600000 987999
986999 400000 986999 400000 600000 986999 600000 986999
985999 400000 985999 400000 600000 985999 600000 985999
984999 400000 984999 400000 600000 984999 600000 984999
983999 400000 983999 400000 600000 983999 600000 983999
982999 400000 982999 400000 600000 982999 600000 982999
981999 400000 981999 400000 600000 981999 600000 981999
980999 400000 980999 400000 600000 980999 600000 980999
979999 400000 979999 400000 600000 979999 600000 979999
978999 400000 978999 400000 600000 978999 600000 978999
977999 400000 977999 400000 600000 977999 600000 977999
976999 400000 976999 400000 600000 976999 600000 976999
975999 400000 975999 400000 600000 975999 600000 975999
985531 479430 985531 479430 520570 985531 520570 985531
995062 558860 995062 558860 441140 995062 441140 995062
999999 600000 999999 600000 400000 999999 400000 999999
998999 600000 998999 600000 400000 998999 400000 998999
997999 600000 997999 600000 400000 997999 400000 997999
996999 600000 996999 600000 400000 996999 400000 996999
995999 600000 995999 600000 400000 995999 400000 995999
994999 600000 994999 600000 400000 994999 400000 994999
993999 600000 993999 600000 400000 993999 400000 993999
992999 600000 992999 600000 400000 992999 400000 992999
991999 600000 991999 600000 400000 991999 400000 991999
990999 600000 990999 600000 400000 990999 400000 990999
989999 600000 989999 600000 400000 989999 400000 989999
988999 600000 988999 600000 400000 988999 400000 988999
987999 600000 987999 600000 400000 987999 400000 987999
986999 600000 986999 600000 400000 986999 400000 986999
985999 600000 985999 600000 400000 985999 400000 985999
984999 600000 984999 600000 400000 984999 400000 984999
983999 600000 983999 600000 400000 983999 400000 983999
982999 600000 982999 600000 400000 982999 400000 982999
981999 600000 981999 600000 400000 981999 400000 981999
980999 600000 980999 600000 400000 980999 400000 980999
979999 600000 979999 600000 400000 979999 400000 979999
978999 600000 978999 600000 400000 978999 400000 978999
977999 600000 977999 600000 400000 977999 400000 977999
976999 600000 976999 600000 400000 976999 400000 976999
975999 600000 975999 600000 400000 975999 400000 975999
897708 583552 897708 583552 416448 897708 416448 897708
819417 567105 819417 567105 432895 819417 432895 819417
741126 550657 741126 550657 449343 741126 449343 741126
662835 534209 662835 534209 465791 662835 465791 662835
584544 517761 584544 517761 482239 584544 482239 584544
506253 501314 506253 501314 498686 506253 498686 506253
427962 484866 427962 484866 515134 427962 515134 427962
349671 468418 349671 468418 531582 349671 531582 349671
271380 451971 271380 451971 548029 271380 548029 271380
193090 435523 193090 435523 564477 193090 564477 193090
114799 419075 114799 419075 580925 114799 580925 114799
36508 402627 36508 402627 597373 36508 597373 36508
24001 400000 24001 400000 600000 24001 600000 24001
23001 400000 23001 400000 600000 23001 600000 23001
22001 400000 22001 400000 600000 22001 600000 22001
21001 400000 21001 400000 600000 21001 600000 21001
20001 400000 20001 400000 600000 20001 600000 20001
19001 400000 19001 400000 600000 19001 600000 19001
18001 400000 18001 400000 600000 18001 600000 18001
17001 400000 17001 400000 600000 17001 600000 17001
16001 400000 16001 400000 600000 16001 600000 16001
15001 400000 15001 400000 600000 15001 600000 15001
14001 400000 14001 400000 600000 14001 600000 14001
13001 400000 13001 400000 600000 13001 600000 13001
12001 400000 12001 400000 600000 12001 600000 12001
11001 400000 11001 400000 600000 11001 600000 11001
10001 400000 10001 400000 600000 10001 600000 10001
9001 400000 9001 400000 600000 9001 600000 9001
8001 400000 8001 400000 600000 8001 600000 8001
7001 400000 7001 400000 600000 7001 600000 7001
6001 400000 6001 400000 600000 6001 600000 6001
5001 400000 5001 400000 600000 5001 600000 5001
4001 400000 4001 400000 600000 4001 600000 4001
3001 400000 3001 400000 600000 3001 600000 3001
2001 400000 2001 400000 600000 2001 600000 2001
1001 400000 1001 400000 600000 1001 600000 1001
1 400000 1 400000 600000 1 600000 1
9533 479430 9533 479430 520570 9533 520570 9533
19064 558860 19064 558860 441140 19064 441140 19064
24001 600000 24001 600000 400000 24001 400000 24001
23001 600000 23001 600000 400000 23001 400000 23001
22001 600000 22001 600000 400000 22001 400000 22001
21001 600000 21001 600000 400000 21001 400000 21001
20001 600000 20001 600000 400000 20001 400000 20001
19001 600000 19001 600000 400000 19001 400000 19001
18001 600000 18001 600000 400000 18001 400000 18001
17001 600000 17001 600000 400000 17001 400000 17001
16001 600000 16001 600000 400000 16001 400000 16001
15001 600000 15001 600000 400000 15001 400000 15001
14001 600000 14001 600000 400000 14001 400000 14001
13001 600000 13001 600000 400000 13001 400000 13001
12001 600000 12001 600000 400000 12001 400000 12001
11001 600000 11001 600000 400000 11001 400000 11001
10001 600000 10001 600000 400000 10001 400000 10001
9001 600000 9001 600000 400000 9001 400000 9001
8001 600000 8001 600000 400000 8001 400000 8001
7001 600000 7001 600000 400000 7001 400000 7001
6001 600000 6001 600000 400000 6001 400000 6001
5001 600000 5001 600000 400000 5001 400000 5001
4001 600000 4001 600000 400000 4001 400000 4001
3001 600000 3001 600000 400000 3001 400000 3001
2001 600000 2001 600000 400000 2001 400000 2001
1001 600000 1001 600000 400000 1001 400000 1001
1 600000 1 600000 400000 1 400000 1
