221534 902477 221534 902477 842494 177828 842494 177828
222767 895523 222767 895523 845454 184240 845454 184240
214977 893388 214977 893388 848840 191573 848840 191573
214864 893251 214864 893251 848915 191735 848915 191735
206937 883656 206937 883656 841500 181740 841500 181740
189527 862583 189527 862583 823480 161186 823480 161186
192047 862667 192047 862667 821818 159290 821818 159290
246060 864460 246060 864460 774530 133127 774530 133127
236169 851882 236169 851882 760529 125380 760529 125380
232297 846958 232297 846958 761959 131478 761959 131478
236780 792466 236780 792466 774445 184710 774445 184710
236583 792519 236583 792519 774491 184908 774491 184908
229527 794424 229527 794424 778581 190965 778581 190965
223951 795929 223951 795929 783907 193200 783907 193200
221424 791759 221424 791759 788403 195087 788403 195087
220048 786750 220048 786750 793193 197097 793193 197097
217281 776673 217281 776673 784155 202342 784155 202342
213683 763573 213683 763573 773378 194071 773378 194071
206871 738767 206871 738767 752881 209616 752881 209616
229523 735103 229523 735103 734598 223482 734598 223482
244060 732752 244060 732752 736727 238053 736727 238053
249139 731930 249139 731930 731814 239582 731814 239582
249393 731889 249393 731889 731667 239371 731667 239371
266237 726792 266237 726792 721581 224950 721581 224950
266426 726735 266426 726735 721413 224846 721413 224846
277933 751292 277933 751292 698347 210583 698347 210583
285219 766842 285219 766842 682898 218079 682898 218079
289748 776507 289748 776507 680477 228475 680477 228475
288737 781631 288737 781631 679292 233561 679292 233561
288532 782668 288532 782668 678236 233609 678236 233609
289918 828169 289918 828169 632761 235675 632761 235675
324854 850391 324854 850391 591399 237555 591399 237555
344313 862769 344313 862769 613363 244589 613363 244589
366251 855566 366251 855566 635352 251632 635352 251632
386421 848944 386421 848944 646279 269834 646279 269834
382192 845587 382192 845587 649058 274463 649058 274463
358775 826993 358775 826993 678959 274674 678959 274674
345030 816079 345030 816079 696341 272246 696341 272246
328101 802638 328101 802638 717957 272226 717957 272226
319257 795616 319257 795616 729117 273950 729117 273950
309358 778314 309358 778314 748818 276992 748818 276992
302397 766148 302397 766148 747098 263082 747098 263082
302308 764452 302308 764452 746889 261396 746889 261396
301996 758463 301996 758463 752595 263240 752595 263240
300947 738357 300947 738357 772668 261679 772668 261679
303706 735543 303706 735543 776597 261373 776597 261373
308529 730626 308529 730626 773919 255027 773919 255027
313026 726040 313026 726040 779017 251121 779017 251121
324206 714640 324206 714640 793220 258417 793220 258417
336310 702298 336310 702298 788806 275131 788806 275131
337550 701034 337550 701034 787040 275253 787040 275253
341155 684403 341155 684403 770063 276421 770063 276421
343590 673170 343590 673170 776756 285766 776756 285766
347510 655086 347510 655086 761325 295977 761325 295977
358657 603658 358657 603658 725320 334354 725320 334354
365763 570876 365763 570876 721942 367726 721942 367726
437630 535733 437630 535733 713887 447320 713887 447320
451748 528829 451748 528829 712304 462955 712304 462955
477725 531236 477725 531236 709677 488911 709677 488911
497846 608664 497846 608664 701622 568504 701622 568504
498548 611365 498548 611365 701341 571280 701341 571280
549831 594903 549831 594903 695917 624867 695917 624867
565300 635812 565300 635812 691513 668380 691513 668380
570341 649144 570341 649144 679833 660210 679833 660210
603229 667173 603229 667173 649101 638711 649101 638711
598633 655257 598633 655257 638636 631390 638636 631390
597900 614972 597900 614972 605620 608295 605620 608295
620949 616444 620949 616444 586695 595056 586695 595056
642720 635406 642720 635406 563038 578507 563038 578507
647289 659623 647289 659623 542845 564380 542845 564380
652878 671407 652878 671407 532158 556904 532158 556904
670441 702966 670441 702966 502563 536202 502563 536202
686829 712070 686829 712070 487202 525456 487202 525456
713005 726612 713005 726612 468871 549134 468871 549134
698928 685473 698928 685473 442252 583514 442252 583514
675954 670523 675954 670523 425472 605188 425472 605188
677070 663159 677070 663159 420913 611077 420913 611077
680782 638657 680782 638657 442899 622513 442899 622513
681592 638446 681592 638446 443641 622899 443641 622899
717514 629106 717514 629106 438920 659714 438920 659714
733945 624833 733945 624833 431077 674771 431077 674771
734510 622592 734510 622592 430009 676821 430009 676821
742055 592647 742055 592647 428768 707677 428768 707677
742397 591291 742397 591291 427377 707819 427377 707819
735270 592671 735270 592671 420155 708555 420155 708555
707804 597991 707804 597991 410490 734809 410490 734809
689487 589291 689487 589291 403484 753839 403484 753839
662316 576385 662316 576385 393651 782266 393651 782266
644646 592092 644646 592092 385922 804609 385922 804609
641271 595092 641271 595092 382703 801442 382703 801442
626388 605536 626388 605536 369740 788693 369740 788693
621353 598347 621353 598347 363483 782538 363483 782538
618332 594033 618332 594033 358390 783879 358390 783879
603449 579702 603449 579702 338410 789140 338410 789140
614684 581013 614684 581013 327471 792021 327471 792021
620729 578925 620729 578925 321287 793649 321287 793649
639146 570629 639146 570629 301753 798793 301753 798793
642251 560805 642251 560805 291790 801416 291790 801416
638293 552920 638293 552920 283258 803663 283258 803663
637498 551335 637498 551335 284069 802086 284069 802086
630036 543821 630036 543821 288912 792669 288912 792669
664849 537464 664849 537464 305098 761199 305098 761199
655820 520359 655820 520359 313945 743999 313945 743999
644928 499724 644928 499724 331435 728555 331435 728555
643833 500376 643833 500376 332391 727711 332391 727711
633641 506444 633641 506444 344154 729236 344154 729236
624383 511956 624383 511956 352072 736543 352072 736543
617743 510904 617743 510904 357012 741103 357012 741103
614398 510374 614398 510374 359661 743212 359661 743212
610681 513153 610681 513153 363292 746103 363292 746103
604660 517656 604660 517656 365428 738894 365428 738894
588178 528990 588178 528990 371110 719715 371110 719715
575376 537793 575376 537793 367621 704575 367621 704575
581038 523978 581038 523978 364268 690027 364268 690027
591158 499285 591158 499285 338527 682987 338527 682987
598179 482153 598179 482153 324834 695450 324834 695450
605014 465916 605014 465916 311806 707308 311806 707308
609502 455253 609502 455253 303630 699123 303630 699123
615203 441710 615203 441710 290029 704685 290029 704685
622132 425248 622132 425248 299532 689562 299532 689562
636475 429032 636475 429032 307425 677002 307425 677002
650009 432603 650009 432603 299859 665226 299859 665226
657495 415477 657495 415477 289756 649502 289756 649502
674687 376143 674687 376143 330807 636948 330807 636948
669163 375281 669163 375281 336153 635313 336153 635313
654397 372978 654397 372978 349664 628927 349664 628927
650150 377999 650150 377999 355610 626117 355610 626117
644340 384866 644340 384866 364189 623413 364189 623413
637529 381870 637529 381870 371286 621177 371286 621177
610626 370034 610626 370034 376409 650119 376409 650119
596256 363712 596256 363712 391915 647667 391915 647667
593736 362603 593736 362603 392992 645133 392992 645133
586818 366502 586818 366502 396097 637824 396097 637824
571879 368585 571879 368585 401995 623942 401995 623942
549949 371642 549949 371642 402556 601807 402556 601807
544456 372408 544456 372408 402490 596261 402490 596261
537853 388666 537853 388666 402282 578714 402282 578714
528998 410470 528998 410470 404167 555257 404167 555257
528128 412613 528128 412613 401874 554949 401874 554949
544005 433448 544005 433448 375913 551456 375913 551456
564220 459975 564220 459975 373713 518177 373713 518177
551595 472446 551595 472446 372543 500470 372543 500470
548324 475676 548324 475676 368239 498856 368239 498856
517304 436163 517304 436163 321202 481218 321202 481218
508328 424481 508328 424481 307408 476046 307408 476046
488269 398375 488269 398375 274525 477654 274525 477654
485312 396232 485312 396232 270877 477832 270877 477832
465935 382192 465935 382192 277359 454798 277359 454798
465142 380177 465142 380177 277946 452714 277946 452714
452170 347201 452170 347201 244556 440846 244556 440846
451734 346093 451734 346093 245006 439744 245006 439744
453864 343943 453864 343943 246151 436943 246151 436943
463885 311191 463885 311191 259110 405238 259110 405238
452097 307310 452097 307310 263806 393750 263806 393750
438874 302956 438874 302956 251188 399631 251188 399631
447189 277224 447189 277224 226677 411054 226677 411054
450016 276791 450016 276791 224085 412262 224085 412262
498124 269423 498124 269423 178493 395232 178493 395232
502644 268731 502644 268731 182177 397942 182177 397942
468191 241853 468191 241853 217373 423839 217373 423839
455307 231802 455307 231802 217022 440176 217022 440176
451766 232599 451766 232599 216944 443805 216944 443805
432704 236889 432704 236889 200863 454903 200863 454903
419130 239944 419130 239944 193989 467000 193989 467000
417805 243203 417805 243203 192251 470059 192251 470059
410203 261899 410203 261899 182712 487844 182712 487844
409256 264226 409256 264226 181992 490251 181992 490251
406457 271110 406457 271110 189229 488563 189229 488563
401149 278839 401149 278839 198360 486434 198360 486434
388771 296863 388771 296863 217962 476746 217962 476746
384799 296409 384799 296409 221546 474974 221546 474974
372386 294992 372386 294992 230254 483932 230254 483932
352022 292667 352022 292667 246812 496012 246812 496012
343762 291724 343762 291724 242449 503089 242449 503089
339436 305647 339436 305647 234798 515500 234798 515500
329902 336336 329902 336336 224556 545960 224556 545960
333722 343807 333722 343807 221882 553914 221882 553914
342631 361232 342631 361232 220408 573428 220408 573428
371190 361721 371190 361721 218257 601911 218257 601911
371368 361694 371368 361694 218243 602090 218243 602090
384001 359803 384001 359803 213772 614056 213772 614056
381226 362542 381226 362542 212407 617708 212407 617708
340921 402332 340921 402332 190482 565487 190482 565487
321726 424264 321726 424264 179200 538614 179200 538614
312325 435005 312325 435005 192667 533880 192667 533880
310031 437626 310031 437626 190616 531065 190616 531065
299307 437860 299307 437860 184298 522397 184298 522397
285663 438158 285663 438158 171034 519186 171034 519186
275508 413865 275508 413865 145443 512992 145443 512992
269741 400068 269741 400068 130538 511775 130538 511775
265068 388890 265068 388890 130559 523890 130559 523890
260614 387596 260614 387596 130567 528528 130567 528528
236245 380513 236245 380513 149879 544993 149879 544993
193654 368135 193654 368135 118617 576455 118617 576455
210755 358609 210755 358609 104819 590340 104819 590340
232444 346528 232444 346528 104819 590340 104819 590340
273590 360225 273590 360225 104819 590340 104819 590340
282308 338711 282308 338711 104819 590340 104819 590340
263986 286050 263986 286050 104819 590340 104819 590340
258789 247337 258789 247337 104819 590340 104819 590340
326444 204643 326444 204643 104819 590340 104819 590340
368510 178098 368510 178098 104819 590340 104819 590340
