905919 980878 905919 980878 57788 14779 57788 14779
906230 971106 906230 971106 56967 24521 56967 24521
906315 968433 906315 968433 58179 26905 58179 26905
890631 990326 890631 990326 70385 50912 70385 50912
858738 987008 858738 987008 84917 79495 84917 79495
849533 986050 849533 986050 91107 72615 91107 72615
832625 991845 832625 991845 103062 59328 103062 59328
868023 937121 868023 937121 146655 10878 146655 10878
869911 934202 869911 934202 149226 13217 149226 13217
846036 920879 846036 920879 169449 31617 169449 31617
825935 881939 825935 881939 201863 61108 201863 61108
818542 867618 818542 867618 202969 77187 202969 77187
788129 865397 788129 865397 205062 107609 205062 107609
723316 860663 723316 860663 206940 172567 206940 172567
722164 863991 722164 863991 207042 176087 207042 176087
711460 894906 711460 894906 234408 158158 234408 158158
752838 924447 752838 924447 276935 130296 276935 130296
781031 944575 781031 944575 284521 96497 284521 96497
773544 951373 773544 951373 286736 86629 286736 86629
758511 965024 758511 965024 300116 71355 300116 71355
746572 975865 746572 975865 295709 86868 295709 86868
729030 991793 729030 991793 304755 108768 304755 108768
688998 993830 688998 993830 320057 145816 320057 145816
664973 995052 664973 995052 329397 167985 329397 167985
644540 993622 644540 993622 337349 186861 337349 186861
618393 991792 618393 991792 362918 181095 362918 181095
624304 973030 624304 973030 382107 176767 382107 176767
614477 944013 614477 944013 411992 170028 411992 170028
603328 911090 603328 911090 418185 135824 418185 135824
600737 911931 600737 911931 418670 133144 418670 133144
524644 936626 524644 936626 360964 77737 360964 77737
520946 937827 520946 937827 358159 75044 358159 75044
506352 942563 506352 942563 373347 72861 373347 72861
474420 943274 474420 943274 404962 68317 404962 68317
405806 944802 405806 944802 461730 106885 461730 106885
405195 944816 405195 944816 462251 107205 462251 107205
372871 926584 372871 926584 493883 126614 493883 126614
357161 917723 357161 917723 508690 116315 508690 116315
373285 881537 373285 881537 541212 93694 541212 93694
363457 881703 363457 881703 549281 88081 549281 88081
288208 882976 288208 882976 594058 27591 594058 27591
288375 883312 288375 883312 594281 27289 594281 27289
307489 921859 307489 921859 635761 15861 635761 15861
320201 947494 320201 947494 659799 31383 659799 31383
285183 954601 285183 954601 689817 50766 689817 50766
276287 956407 276287 956407 698672 52764 698672 52764
251400 999861 251400 999861 747520 63786 747520 63786
248719 986426 248719 986426 760884 66802 760884 66802
210652 962335 210652 962335 804828 76718 804828 76718
201661 959818 201661 959818 813936 78773 813936 78773
179407 953589 179407 953589 834012 90218 834012 90218
157551 947470 157551 947470 818493 106780 818493 106780
88697 928196 88697 928196 798220 175347 798220 175347
90160 927979 90160 927979 797801 176765 797801 176765
139770 920636 139770 920636 761881 141768 761881 141768
196011 912311 196011 912311 709903 164804 709903 164804
208196 910507 208196 910507 697701 163119 697701 163119
198648 884918 198648 884918 670645 159384 670645 159384
197223 848206 197223 848206 634251 154359 634251 154359
196368 826163 196368 826163 612217 155420 612217 155420
196242 822913 196242 822913 613451 158429 613451 158429
210390 838946 210390 838946 621566 178213 621566 178213
259799 837104 259799 837104 640330 223957 640330 223957
284066 806770 284066 806770 655072 259898 655072 259898
258226 793109 258226 793109 666164 286940 666164 286940
247083 787218 247083 787218 673234 297375 673234 297375
227769 777007 227769 777007 667219 318377 667219 318377
228238 776908 228238 776908 667087 318838 667087 318838
245495 773243 245495 773243 649543 316980 649543 316980
284235 734064 284235 734064 594752 311176 594752 311176
292390 733715 292390 733715 586634 310316 586634 310316
311696 732889 311696 732889 576734 326910 576734 326910
321959 718029 321959 718029 567481 342420 567481 342420
333240 701695 333240 701695 571178 361923 571178 361923
337112 696088 337112 696088 565414 358288 565414 358288
379342 727683 379342 727683 520803 330156 520803 330156
391040 736435 391040 736435 510194 320111 510194 320111
423824 769938 423824 769938 476155 287884 476155 287884
419311 777231 419311 777231 469927 281988 469927 281988
401779 805561 401779 805561 436927 277410 436927 277410
409397 825568 409397 825568 415722 274468 415722 274468
413799 837131 413799 837131 415852 286841 415852 286841
422239 859297 422239 859297 424270 309015 424270 309015
436166 841108 436166 841108 432402 330431 432402 330431
471216 812509 471216 812509 448458 372723 448458 372723
493728 794195 493728 794195 458759 399854 458759 399854
504385 785525 504385 785525 458859 413592 458859 413592
537155 781101 537155 781101 459100 446658 459100 446658
613270 770825 613270 770825 535734 441522 535734 441522
624522 781739 624522 781739 551374 440474 551374 440474
627999 785401 627999 785401 556413 440136 556413 440136
651867 810545 651867 810545 536253 468340 536253 468340
648653 775407 648653 775407 515734 497045 515734 497045
663570 747519 663570 747519 497342 522774 497342 522774
669585 738888 669585 738888 491224 531333 491224 531333
677077 728136 677077 728136 502121 538612 502121 538612
653876 708429 653876 708429 527435 555520 527435 555520
632841 706396 632841 706396 545008 567258 545008 567258
628136 705941 628136 705941 547674 571161 547674 571161
594580 654719 594580 654719 582213 621725 582213 621725
580868 633788 580868 633788 607191 623228 607191 623228
569638 636234 569638 636234 618663 623919 618663 623919
509829 649263 509829 649263 582376 673216 582376 673216
510091 647003 510091 647003 581028 675048 581028 675048
512044 630196 512044 630196 587860 690528 587860 690528
514600 608193 514600 608193 578074 710400 578074 710400
516449 592276 516449 592276 577725 726420 577725 726420
516594 591025 516594 591025 576511 726757 576511 726757
459190 562981 459190 562981 514957 743866 514957 743866
440145 566180 440145 566180 496350 749038 496350 749038
439413 566303 439413 566303 496603 748341 496603 748341
479866 521429 479866 521429 517207 691546 517207 691546
533431 462008 533431 462008 477824 621911 477824 621911
536076 459075 536076 459075 475880 618473 475880 618473
579156 411286 579156 411286 438342 566218 438342 566218
579229 410919 579229 410919 438124 565914 438124 565914
584959 382270 584959 382270 437743 595128 437743 595128
590678 353673 590678 353673 426204 621911 426204 621911
592794 343091 592794 343091 416007 625445 416007 625445
628061 289292 628061 289292 355226 646508 355226 646508
644115 264802 644115 264802 344562 673780 344562 673780
689259 242466 689259 242466 326220 720689 326220 720689
729112 222747 729112 222747 343428 761689 343428 761689
752221 211314 752221 211314 328447 782673 328447 782673
817607 178962 817607 178962 255780 789112 255780 789112
819847 173569 819847 173569 249963 789627 249963 789627
832813 142357 832813 142357 216441 785314 216441 785314
847217 107682 847217 107682 217920 822832 217920 822832
865159 64493 865159 64493 195237 863731 195237 863731
861165 56034 861165 56034 190700 871911 190700 871911
858373 58871 858373 58871 188769 875392 188769 875392
828864 88854 828864 88854 147570 883902 147570 883902
815077 102863 815077 102863 131243 894846 131243 894846
768376 104340 768376 104340 92431 920861 92431 920861
767775 104359 767775 104359 92312 921450 92312 921450
745277 128897 745277 128897 85740 954086 85740 954086
721190 103672 721190 103672 78854 988278 78854 988278
670887 50992 670887 50992 151280 996023 151280 996023
657486 62005 657486 62005 168527 997867 168527 997867
644334 72812 644334 72812 185456 999648 185456 999648
626059 87830 626059 87830 208565 994596 208565 994596
606657 73573 606657 73573 232086 989453 232086 989453
569222 70448 569222 70448 268784 981429 268784 981429
543691 68317 543691 68317 252331 961790 252331 961790
585997 124266 585997 124266 207287 908021 207287 908021
624147 174720 624147 174720 269480 896487 269480 896487
619645 175536 619645 175536 273979 895653 273979 895653
572595 184068 572595 184068 320515 884657 320515 884657
571715 184227 571715 184227 320933 883867 320933 883867
533543 234984 533543 234984 350604 827715 350604 827715
515110 259493 515110 259493 364952 854818 364952 854818
521016 285346 521016 285346 377360 878256 377360 878256
503631 288212 503631 288212 385604 893828 385604 893828
494395 289735 494395 289735 391658 886689 391658 886689
503060 344984 503060 344984 427830 844038 427830 844038
474799 334233 474799 334233 447387 820977 447387 820977
467495 331454 467495 331454 455045 822532 455045 822532
455105 364147 455105 364147 489309 829486 489309 829486
421750 385058 421750 385058 527890 837318 527890 837318
428935 368051 428935 368051 545983 840990 545983 840990
425828 333239 425828 333239 580235 847943 580235 847943
425769 332574 425769 332574 580903 847950 580903 847950
384941 310981 384941 310981 627087 848408 627087 848408
331096 282505 331096 282505 653204 793381 653204 793381
327537 280623 327537 280623 657230 793319 657230 793319
295742 272304 295742 272304 690092 792815 690092 792815
297250 255245 297250 255245 707215 792552 707215 792552
314777 249686 314777 249686 725600 792270 725600 792270
343663 240524 343663 240524 731695 821955 731695 821955
419919 216338 419919 216338 660174 857798 660174 857798
459583 203758 459583 203758 622973 876441 622973 876441
465992 202541 465992 202541 617141 879364 617141 879364
482500 199408 482500 199408 624086 894664 624086 894664
475191 196133 475191 196133 627397 901957 627397 901957
451203 185384 451203 185384 607857 919541 607857 919541
398184 138471 398184 138471 555234 966896 555234 966896
393766 118875 393766 118875 540302 980334 540302 980334
384704 104597 384704 104597 527731 991646 527731 991646
381371 99345 381371 99345 533505 989333 533505 989333
342657 49144 342657 49144 592354 965759 592354 965759
331360 34495 331360 34495 610844 966344 610844 966344
322261 60108 322261 60108 638011 967204 638011 967204
312458 87705 312458 87705 659113 987512 659113 987512
311976 89061 311976 89061 659500 986126 659500 986126
283739 96595 283739 96595 667361 957978 667361 957978
276882 98425 276882 98425 671691 952355 671691 952355
251886 114460 251886 114460 689811 928827 689811 928827
251185 121534 251185 121534 694149 923195 694149 923195
240112 117099 240112 117099 701427 913745 701427 913745
216297 107560 216297 107560 721968 929115 721968 929115
214322 99306 214322 99306 728763 934199 728763 934199
211749 88550 211749 88550 732795 923900 732795 923900
202315 85005 202315 85005 736468 914516 736468 914516
197218 83090 197218 83090 732878 910421 732878 910421
122330 54950 122330 54950 800616 867859 800616 867859
104958 48422 104958 48422 816330 857986 816330 857986
75836 37479 75836 37479 815833 889092 815833 889092
62792 41238 62792 41238 815616 902665 815616 902665
62792 41238 62792 41238 815051 938055 815051 938055
62792 41238 62792 41238 802751 979972 802751 979972
62792 41238 62792 41238 864778 950268 864778 950268
62792 41238 62792 41238 898391 949680 898391 949680
62792 41238 62792 41238 871700 992656 871700 992656
