117663 647138 117663 647138 338328 845629 338328 845629
117857 618648 117857 618648 366261 840022 366261 840022
117896 612897 117896 612897 363859 834796 363859 834796
122309 612969 122309 612969 362016 830785 362016 830785
139775 626575 139775 626575 352771 810668 352771 810668
152944 636833 152944 636833 336181 812517 336181 812517
192174 667392 192174 667392 331898 762974 331898 762974
193493 668420 193493 668420 333555 762750 333555 762750
227438 740861 227438 740861 412834 752031 412834 752031
229539 745346 229539 745346 417742 751367 417742 751367
233975 719919 233975 719919 443320 747909 443320 747909
237615 699054 237615 699054 464289 750889 464289 750889
238113 696201 238113 696201 467080 750113 467080 750113
241182 678612 241182 678612 464224 767737 464224 767737
247045 673466 247045 673466 462976 775438 462976 775438
251815 669278 251815 669278 459655 780848 459655 780848
257886 663949 257886 663949 463106 788151 463106 788151
290550 635276 290550 635276 497463 814772 497463 814772
288959 631384 288959 631384 500787 817347 500787 817347
281249 612526 281249 612526 485678 831015 485678 831015
277365 603026 277365 603026 493652 837476 493652 837476
285666 596630 285666 596630 501794 844073 501794 844073
312848 622088 312848 622088 530731 867518 530731 867518
313386 622592 313386 622592 530480 866826 530480 866826
318381 604787 318381 604787 524177 849441 524177 849441
320859 595954 320859 595954 524803 840288 524803 840288
326385 592937 326385 592937 525232 834007 525232 834007
367104 570705 367104 570705 535546 788775 535546 788775
344820 538935 344820 538935 544174 750940 544174 750940
331856 520452 331856 520452 556559 732064 556559 732064
322984 522356 322984 522356 561537 724478 561537 724478
287398 533147 287398 533147 581938 693387 581938 693387
280492 535241 280492 535241 574930 695111 574930 695111
258043 557557 258043 557557 544193 702671 544193 702671
233703 570845 233703 570845 517265 709294 517265 709294
226004 575048 226004 575048 510340 714679 510340 714679
208714 579624 208714 579624 496222 725659 496222 725659
188447 584989 188447 584989 475284 726717 475284 726717
172068 569111 172068 569111 452501 727869 452501 727869
153067 550690 153067 550690 426478 723054 426478 723054
145292 543154 145292 543154 432392 713984 432392 713984
134343 532539 134343 532539 420264 704739 420264 704739
120545 519163 120545 519163 437356 695955 437356 695955
114799 513593 114799 513593 441178 688924 441178 688924
155963 450819 155963 450819 477027 622970 477027 622970
171800 426669 171800 426669 486740 595773 486740 595773
177260 418342 177260 418342 476788 595432 476788 595432
206462 343862 206462 343862 396835 592694 396835 592694
214679 322904 214679 322904 374337 591923 374337 591923
223104 301416 223104 301416 378428 614638 378428 614638
260648 314362 260648 314362 385468 653723 385468 653723
287776 323716 287776 323716 359805 666562 359805 666562
292202 325242 292202 325242 360102 671234 360102 671234
299386 325234 299386 325234 360559 678403 360559 678403
356086 325167 356086 325167 306395 661633 306395 661633
411482 325103 411482 325103 324055 609128 324055 609128
491482 325009 491482 325009 269989 550163 269989 550163
517320 324979 517320 324979 252526 531119 252526 531119
569637 324918 569637 324918 242167 479838 242167 479838
581416 355755 581416 355755 235631 447481 235631 447481
579959 399662 579959 399662 226933 404420 226933 404420
570799 419499 570799 419499 222607 383003 222607 383003
568398 424699 568398 424699 222471 377277 222471 377277
556974 414910 556974 414910 222115 362237 222115 362237
527489 400843 527489 400843 221340 329577 221340 329577
514652 394718 514652 394718 220863 315362 220863 315362
512437 428216 512437 428216 219736 281810 219736 281810
511952 435542 511952 435542 215229 287607 215229 287607
511772 438265 511772 438265 212518 287299 212518 287299
510168 437299 510168 437299 210657 287088 210657 287088
501839 432282 501839 432282 203109 280960 203109 280960
496614 436960 496614 436960 197664 276539 197664 276539
480972 450965 480972 450965 177085 280701 177085 280701
467788 432224 467788 432224 154626 285243 154626 285243
454301 413053 454301 413053 157587 261991 157587 261991
441522 443944 441522 443944 161811 228829 161811 228829
437368 453985 437368 453985 152145 223865 152145 223865
442974 463952 442974 463952 141972 218642 141972 218642
461231 496410 461231 496410 163448 188218 163448 188218
488008 492052 488008 492052 179093 166054 179093 166054
499620 490657 499620 490657 185837 156499 185837 156499
502204 490346 502204 490346 185991 159097 185991 159097
517812 473675 517812 473675 187341 181894 187341 181894
523930 481083 523930 481083 187909 191485 187909 191485
524389 482874 524389 482874 188018 193331 188018 193331
525347 486619 525347 486619 184170 193701 184170 193701
526049 489359 526049 489359 184299 196526 184299 196526
513771 524556 513771 524556 185999 233765 185999 233765
510205 534780 510205 534780 193969 241094 193969 241094
503766 553238 503766 553238 213515 240753 213515 240753
498267 562619 498267 562619 224387 240564 224387 240564
459236 629197 459236 629197 300455 227535 300455 227535
460565 638914 460565 638914 310122 225880 310122 225880
500844 630301 500844 630301 350720 218926 350720 218926
542541 643912 542541 643912 393953 211522 393953 211522
518863 689103 518863 689103 444239 202909 444239 202909
513539 699265 513539 699265 454753 198319 454753 198319
537719 712413 537719 712413 479977 187306 479977 187306
541629 708546 541629 708546 485017 185105 485017 185105
560452 703866 560452 703866 502793 177344 502793 177344
568785 739493 568785 739493 536324 162704 536324 162704
570390 746333 570390 746333 542763 159893 542763 159893
577222 775445 577222 775445 536543 189142 536543 189142
592396 763362 592396 763362 532508 208115 532508 208115
606199 752372 606199 752372 536680 225259 536680 225259
632036 731799 632036 731799 519101 253218 519101 253218
631989 730142 631989 730142 518218 254622 518218 254622
630965 694370 630965 694370 551369 268100 551369 268100
630416 675151 630416 675151 569934 263100 569934 263100
630168 666487 630168 666487 574380 270541 574380 270541
656421 665356 656421 665356 587858 293099 587858 293099
670123 664766 670123 664766 600682 288237 600682 288237
680088 676762 680088 676762 615264 282709 615264 282709
683060 680339 683060 680339 619906 282988 619906 282988
702154 679130 702154 679130 639004 284138 639004 284138
718393 678102 718393 678102 644784 268928 644784 268928
752010 675974 752010 675974 615166 252884 615166 252884
768500 674930 768500 674930 617012 236465 617012 236465
789456 673604 789456 673604 613457 215770 613457 215770
791692 673462 791692 673462 615424 214697 615424 214697
781203 667632 781203 667632 625959 208950 625959 208950
737001 643066 737001 643066 676051 202013 676051 202013
720741 634029 720741 634029 684665 185525 684665 185525
711609 635404 711609 635404 688941 177340 688941 177340
666299 642229 666299 642229 724986 205630 724986 205630
639965 632419 639965 632419 747092 222980 747092 222980
618752 634277 618752 634277 763843 236127 763843 236127
601595 635780 601595 635780 772309 251126 772309 251126
589052 625773 589052 625773 780196 265099 780196 265099
598274 617965 598274 617965 786136 275622 786136 275622
600605 615992 600605 615992 783112 276046 783112 276046
593880 610529 593880 610529 774531 277250 774531 277250
591112 606029 591112 606029 769299 277983 769299 277983
636490 562938 636490 562938 707328 286675 707328 286675
642003 557702 642003 557702 703058 292966 703058 292966
613858 568437 613858 568437 686139 317888 686139 317888
600274 569799 600274 569799 678471 329184 678471 329184
589477 570881 589477 570881 667797 331137 667797 331137
588247 564244 588247 564244 661158 332352 661158 332352
578925 537083 578925 537083 632911 337521 632911 337521
581557 532401 581557 532401 627627 338488 627627 338488
590563 516379 590563 516379 613485 326749 613485 326749
606503 488022 606503 488022 580988 325275 580988 325275
612745 476917 612745 476917 568874 321334 568874 321334
618050 478172 618050 478172 563690 319648 563690 319648
642216 483887 642216 483887 539244 324014 539244 324014
667581 489886 667581 489886 541423 349987 541423 349987
676039 491887 676039 491887 543936 358308 543936 358308
702236 515648 702236 515648 554161 392165 554161 392165
703466 516764 703466 516764 552715 391347 552715 391347
710674 517291 710674 517291 546425 387790 546425 387790
704149 538323 704149 538323 527257 376949 527257 376949
699530 541939 699530 541939 522151 374061 522151 374061
685351 553039 685351 553039 509375 361371 509375 361371
691336 554444 691336 554444 505013 357039 505013 357039
728503 563169 728503 563169 483604 325429 483604 325429
729703 559467 729703 559467 481422 322207 481422 322207
740549 526002 740549 526002 453279 343314 453279 343314
745021 525111 745021 525111 449631 346050 449631 346050
764655 498123 764655 498123 422932 366074 422932 366074
778288 505974 778288 505974 410346 375514 410346 375514
780624 534396 780624 534396 387532 392624 387532 392624
781267 542226 781267 542226 390483 399906 390483 399906
790226 557550 790226 557550 397149 416357 397149 416357
793485 578227 793485 578227 405010 435757 405010 435757
805407 572064 805407 572064 410050 448196 410050 448196
819876 564585 819876 564585 420885 436035 420885 436035
877778 534654 877778 534654 485826 430451 485826 430451
860182 519681 860182 519681 508845 428472 508845 428472
861620 498825 861620 498825 529674 426681 529674 426681
867124 419014 867124 419014 569398 496122 569398 496122
867630 411681 867630 411681 573048 502502 573048 502502
800035 454471 800035 454471 612772 571943 612772 571943
788638 461686 788638 461686 619470 583652 619470 583652
787262 462557 787262 462557 620475 582371 620475 582371
779800 438743 779800 438743 635880 562738 635880 562738
742805 419974 742805 419974 661488 530102 661488 530102
738652 414294 738652 414294 665832 524566 665832 524566
724684 395186 724684 395186 680527 543120 680527 543120
723869 396411 723869 396411 681441 544274 681441 544274
699397 433183 699397 433183 725611 544399 725611 544399
643462 420426 643462 420426 782983 544562 782983 544562
635595 418632 635595 418632 781387 536653 781387 536653
636277 370613 636277 370613 771888 489578 771888 489578
649829 376398 649829 376398 768974 475134 768974 475134
670104 385052 670104 385052 748198 467761 748198 467761
684750 391304 684750 391304 737637 455843 737637 455843
703510 362917 703510 362917 715069 430378 715069 430378
714997 345535 714997 345535 696636 420668 696636 420668
690502 317946 690502 317946 663994 403473 663994 403473
679986 306101 679986 306101 674630 391736 674630 391736
709094 296245 709094 296245 695266 368963 695266 368963
718846 294791 718846 294791 701887 361657 701887 361657
738648 291839 738648 291839 708561 342782 708561 342782
750356 290094 750356 290094 720348 343875 720348 343875
745184 258880 745184 258880 751853 346797 751853 346797
741427 236201 741427 236201 774137 352442 774137 352442
736755 208005 736755 208005 798308 337192 798308 337192
747828 211900 747828 211900 808236 330928 808236 330928
772970 224613 772970 224613 832063 315895 832063 315895
792201 234337 792201 234337 853591 316872 853591 316872
798741 237644 798741 237644 851185 309950 851185 309950
798741 237644 798741 237644 827686 242332 827686 242332
798741 237644 798741 237644 823928 192114 823928 192114
