978717 148370 978717 148370 300000 694594 300000 694594
976372 149714 976372 149714 300000 691891 300000 691891
974028 151058 974028 151058 300000 689189 300000 689189
971682 152402 971682 152402 300000 686486 300000 686486
969337 153746 969337 153746 300000 683783 300000 683783
969336 153746 969336 153746 300001 683783 300001 683783
962302 157778 962302 157778 300000 675675 300000 675675
962301 157778 962301 157778 300001 675675 300001 675675
957612 160466 957612 160466 300000 670270 300000 670270
955266 161810 955266 161810 300000 667567 300000 667567
955265 161811 955265 161811 300001 667567 300001 667567
950576 164498 950576 164498 300000 662162 300000 662162
950575 164499 950575 164499 300001 662162 300001 662162
917747 183313 917747 183313 300000 624324 300000 624324
917746 183314 917746 183314 300001 624324 300001 624324
910711 187345 910711 187345 300000 616216 300000 616216
910710 187346 910710 187346 300001 616216 300001 616216
901330 192722 901330 192722 300000 605405 300000 605405
901330 192722 901330 192722 300001 605405 300001 605405
894295 196754 894295 196754 300000 597297 300000 597297
894294 196754 894294 196754 300001 597297 300001 597297
889604 199442 889604 199442 300000 591891 300000 591891
889603 199443 889603 199443 300001 591891 300001 591891
873189 208850 873189 208850 300000 572972 300000 572972
873188 208851 873188 208851 300001 572972 300001 572972
863809 214226 863809 214226 300000 562162 300000 562162
863808 214227 863808 214227 300001 562162 300001 562162
859118 216915 859118 216915 300000 556756 300000 556756
859117 216915 859117 216915 300001 556756 300001 556756
838013 229010 838013 229010 300000 532432 300000 532432
835668 230354 835668 230354 300000 529729 300000 529729
833324 231698 833324 231698 300000 527027 300000 527027
833323 231698 833323 231698 300001 527027 300001 527027
828633 234386 828633 234386 300000 521621 300000 521621
828632 234387 828632 234387 300001 521621 300001 521621
814562 242450 814562 242450 300000 505405 300000 505405
814562 242451 814562 242451 300001 505405 300001 505405
800492 250514 800492 250514 300000 489189 300000 489189
800492 250514 800492 250514 300001 489189 300001 489189
791112 255890 791112 255890 300000 478378 300000 478378
788767 257234 788767 257234 300000 475675 300000 475675
788766 257235 788766 257235 300001 475675 300001 475675
772351 266642 772351 266642 300000 456756 300000 456756
772351 266643 772351 266643 300001 456756 300001 456756
765316 270674 765316 270674 300000 448648 300000 448648
765315 270675 765315 270675 300001 448648 300001 448648
760626 273362 760626 273362 300000 443243 300000 443243
758281 274706 758281 274706 300000 440540 300000 440540
755935 276050 755935 276050 300000 437837 300000 437837
753591 277394 753591 277394 300000 435135 300000 435135
753590 277394 753590 277394 300001 435135 300001 435135
748900 280083 748900 280083 300000 429729 300000 429729
748899 280083 748899 280083 300001 429729 300001 429729
744210 282771 744210 282771 300000 424324 300000 424324
744209 282771 744209 282771 300001 424324 300001 424324
737174 286803 737174 286803 300000 416216 300000 416216
737173 286803 737173 286803 300001 416216 300001 416216
730139 290835 730139 290835 300000 408108 300000 408108
730138 290835 730138 290835 300001 408108 300001 408108
720758 296211 720758 296211 300000 397297 300000 397297
720757 296212 720757 296212 300001 397297 300001 397297
709032 302931 709032 302931 300000 383783 300000 383783
706688 304275 706688 304275 300000 381081 300000 381081
706687 304275 706687 304275 300001 381081 300001 381081
700000 308108 700000 308108 300000 373373 300000 373373
700001 308108 700001 308108 300000 373372 300000 373372
700001 308508 700001 308508 300000 372972 300000 372972
700001 308509 700001 308509 300001 372972 300001 372972
700000 313513 700000 313513 300000 367968 300000 367968
700001 313513 700001 313513 300000 367967 300000 367967
700001 313913 700001 313913 300000 367567 300000 367567
700001 313914 700001 313914 300001 367567 300001 367567
700001 322022 700001 322022 300000 359459 300000 359459
700001 322023 700001 322023 300001 359459 300001 359459
700000 332432 700000 332432 300000 349050 300000 349050
700000 332834 700000 332834 300000 348648 300000 348648
700000 332835 700000 332835 300001 348648 300001 348648
700000 335135 700000 335135 300001 346348 300001 346348
700001 335135 700001 335135 300001 346347 300001 346347
700000 338239 700000 338239 300000 343243 300000 343243
700000 338240 700000 338240 300001 343243 300001 343243
700000 340540 700000 340540 300001 340943 300001 340943
700001 340540 700001 340540 300001 340942 300001 340942
700000 348648 700000 348648 300001 332834 300001 332834
700000 351351 700000 351351 300001 330131 300001 330131
700001 351351 700001 351351 300001 330130 300001 330130
700000 362162 700000 362162 300000 319319 300000 319319
700000 364864 700000 364864 300000 316617 300000 316617
700000 367567 700000 367567 300000 313914 300000 313914
700001 367567 700001 367567 300000 313913 300000 313913
700000 375675 700000 375675 300000 305805 300000 305805
700001 375675 700001 375675 300000 305804 300000 305804
700001 376074 700001 376074 300000 305405 300000 305405
700001 376075 700001 376075 300001 305405 300001 305405
700000 381081 700000 381081 300000 300399 300000 300399
700000 381480 700000 381480 300000 300000 300000 300000
700000 383783 700000 383783 301639 301617 301639 301617
700001 383783 700001 383783 301640 301618 301640 301618
700000 400000 700000 400000 313185 313007 313185 313007
700001 400000 700001 400000 313186 313007 313186 313007
700000 410810 700000 410810 320881 320599 320881 320599
700000 413513 700000 413513 322805 322497 322805 322497
700001 413513 700001 413513 322806 322498 322806 322498
700000 435135 700000 435135 338199 337683 338199 337683
700001 435135 700001 435135 338200 337683 338200 337683
700000 440540 700000 440540 342047 341479 342047 341479
700001 440540 700001 440540 342048 341480 342048 341480
700000 445945 700000 445945 345896 345276 345896 345276
700001 445945 700001 445945 345897 345276 345897 345276
700000 454054 700000 454054 351670 350971 351670 350971
700001 454054 700001 454054 351670 350972 351670 350972
700000 464864 700000 464864 359366 358564 359366 358564
700000 467567 700000 467567 361290 360462 361290 360462
700000 470270 700000 470270 363214 362360 363214 362360
700000 472972 700000 472972 365138 364258 365138 364258
700001 472972 700001 472972 365139 364258 365139 364258
700000 508108 700000 508108 390152 388934 390152 388934
700000 510810 700000 510810 392076 390831 392076 390831
700000 513513 700000 513513 394000 392729 394000 392729
700000 516216 700000 516216 395924 394628 395924 394628
700001 516216 700001 516216 395925 394628 395925 394628
700000 524324 700000 524324 401697 400323 401697 400323
700001 524324 700001 524324 401698 400323 401698 400323
700000 532432 700000 532432 407470 406017 407470 406017
700000 535135 700000 535135 409394 407916 409394 407916
700000 537837 700000 537837 411318 409813 411318 409813
700001 537837 700001 537837 411318 409814 411318 409814
700000 545945 700000 545945 417090 415508 417090 415508
700001 545945 700001 545945 417091 415509 417091 415509
700000 559459 700000 559459 426712 424999 426712 424999
700001 559459 700001 559459 426712 425000 426712 425000
700000 564864 700000 564864 430560 428796 430560 428796
700000 567567 700000 567567 432485 430694 432485 430694
700001 567567 700001 567567 432485 430695 432485 430695
700000 572972 700000 572972 436333 434491 436333 434491
700000 575675 700000 575675 438257 436389 438257 436389
700001 575675 700001 575675 438258 436389 438258 436389
700000 608108 700000 608108 461347 459167 461347 459167
700001 608108 700001 608108 461348 459167 461348 459167
700000 618918 700000 618918 469043 466759 469043 466759
700001 618918 700001 618918 469044 466760 469044 466760
700000 651351 700000 651351 492133 489537 492133 489537
700001 651351 700001 651351 492134 489537 492134 489537
700000 656756 700000 656756 495982 493333 495982 493333
700001 656756 700001 656756 495983 493334 495983 493334
700000 662162 700000 662162 499831 497130 499831 497130
700001 662162 700001 662162 499832 497131 499832 497131
700000 689189 700000 689189 519072 516112 519072 516112
700000 691891 700000 691891 520996 518009 520996 518009
700001 691891 700001 691891 520997 518010 520997 518010
700000 697297 700000 697297 524845 521806 524845 521806
633616 741942 633616 741942 581797 577989 581797 577989
602011 763197 602011 763197 608912 604737 608912 604737
545351 706720 545351 706720 665864 660919 665864 660919
511390 672869 511390 672869 700000 694594 700000 694594
511389 672868 511389 672868 700001 694594 700001 694594
503732 665236 503732 665236 700000 683783 700000 683783
501819 663328 501819 663328 700000 681081 700000 681081
499904 661420 499904 661420 700000 678378 700000 678378
497990 659512 497990 659512 700000 675675 700000 675675
496075 657604 496075 657604 700000 672972 700000 672972
496075 657603 496075 657603 700001 672972 700001 672972
492247 653787 492247 653787 700000 667567 700000 667567
490332 651879 490332 651879 700000 664864 700000 664864
490331 651878 490331 651878 700001 664864 700001 664864
482675 644247 482675 644247 700000 654054 700000 654054
482675 644246 482675 644246 700001 654054 700001 654054
476931 638522 476931 638522 700000 645945 700000 645945
475018 636614 475018 636614 700000 643243 700000 643243
473103 634706 473103 634706 700000 640540 700000 640540
471189 632798 471189 632798 700000 637837 700000 637837
471188 632797 471188 632797 700001 637837 700001 637837
467360 628981 467360 628981 700000 632432 700000 632432
465446 627073 465446 627073 700000 629729 700000 629729
465445 627072 465445 627072 700001 629729 700001 629729
453960 615624 453960 615624 700000 613513 700000 613513
452046 613716 452046 613716 700000 610810 700000 610810
452045 613716 452045 613716 700001 610810 700001 610810
446302 607992 446302 607992 700000 602702 700000 602702
444389 606084 444389 606084 700000 600000 700000 600000
444388 606083 444388 606083 700001 600000 700001 600000
434817 596543 434817 596543 700000 586486 700000 586486
434816 596542 434816 596542 700001 586486 700001 586486
430988 592727 430988 592727 700000 581081 700000 581081
430987 592726 430987 592726 700001 581081 700001 581081
423330 585094 423330 585094 700000 570270 700000 570270
423330 585093 423330 585093 700001 570270 700001 570270
417587 579369 417587 579369 700000 562162 700000 562162
417586 579368 417586 579368 700001 562162 700001 562162
411844 573644 411844 573644 700000 554054 700000 554054
409929 571736 409929 571736 700000 551351 700000 551351
408015 569828 408015 569828 700000 548648 700000 548648
408014 569827 408014 569827 700001 548648 700001 548648
392701 554564 392701 554564 700000 527027 700000 527027
392701 554563 392701 554563 700001 527027 700001 527027
388872 550747 388872 550747 700000 521621 700000 521621
388871 550746 388871 550746 700001 521621 700001 521621
375472 537390 375472 537390 700000 502702 700000 502702
375471 537389 375471 537389 700001 502702 700001 502702
371643 533573 371643 533573 700000 497297 700000 497297
369728 531665 369728 531665 700000 494594 700000 494594
367814 529757 367814 529757 700000 491891 700000 491891
367813 529756 367813 529756 700001 491891 700001 491891
363985 525941 363985 525941 700000 486486 700000 486486
362071 524032 362071 524032 700000 483783 700000 483783
360157 522125 360157 522125 700000 481081 700000 481081
358243 520217 358243 520217 700000 478378 700000 478378
356328 518308 356328 518308 700000 475675 700000 475675
356328 518308 356328 518308 700001 475675 700001 475675
346757 508768 346757 508768 700000 462162 700000 462162
344843 506860 344843 506860 700000 459459 700000 459459
344842 506859 344842 506859 700001 459459 700001 459459
333357 495411 333357 495411 700000 443243 700000 443243
333356 495411 333356 495411 700001 443243 700001 443243
318043 480146 318043 480146 700000 421621 700000 421621
318042 480146 318042 480146 700001 421621 700001 421621
306557 468698 306557 468698 700000 405405 700000 405405
306556 468697 306556 468697 700001 405405 700001 405405
300814 462973 300814 462973 700000 397297 700000 397297
300000 462162 300000 462162 700000 396148 700000 396148
300001 462162 300001 462162 700000 396147 700000 396147
300001 460609 300001 460609 700000 394594 700000 394594
300001 460608 300001 460608 700001 394594 700001 394594
300001 455203 300001 455203 700000 389189 700000 389189
300001 455202 300001 455202 700001 389189 700001 389189
300000 445945 300000 445945 700000 379932 700000 379932
300001 445945 300001 445945 700000 379931 700000 379931
300000 438986 300000 438986 700000 372972 700000 372972
300000 436284 300000 436284 700000 370270 700000 370270
300000 436283 300000 436283 700001 370270 700001 370270
300000 432432 300000 432432 700001 366419 700001 366419
300001 432432 300001 432432 700001 366418 700001 366418
300000 427027 300000 427027 700001 361013 700001 361013
300001 427027 300001 427027 700001 361012 700001 361012
300000 421621 300000 421621 700000 355606 700000 355606
300000 418918 300000 418918 700000 352903 700000 352903
300001 418918 300001 418918 700000 352902 700000 352902
300000 411961 300000 411961 700000 345945 700000 345945
300000 411960 300000 411960 700001 345945 700001 345945
300000 410810 300000 410810 700001 344795 700001 344795
300001 410810 300001 410810 700001 344794 700001 344794
300000 405405 300000 405405 700000 339389 700000 339389
300000 403853 300000 403853 700000 337837 700000 337837
300000 403852 300000 403852 700001 337837 700001 337837
300000 402702 300000 402702 700001 336687 700001 336687
300000 400000 300000 400000 700001 333985 700001 333985
300001 400000 300001 400000 700001 333984 700001 333984
300000 395745 300000 395745 700000 329729 700000 329729
300000 394594 300000 394594 700000 328578 700000 328578
300001 394594 300001 394594 700000 328577 700000 328577
300001 393044 300001 393044 700000 327027 700000 327027
300001 393043 300001 393043 700001 327027 700001 327027
300000 384934 300000 384934 700000 318918 700000 318918
300000 382232 300000 382232 700000 316216 700000 316216
300000 382231 300000 382231 700001 316216 700001 316216
300000 378378 300000 378378 700000 312363 700000 312363
300001 378378 300001 378378 700000 312362 700000 312362
300001 376826 300001 376826 700000 310810 700000 310810
300001 376825 300001 376825 700001 310810 700001 310810
300000 370270 300000 370270 700000 304255 700000 304255
300001 370270 300001 370270 700000 304254 700000 304254
300000 366016 300000 366016 700000 300000 700000 300000
300000 364864 300000 364864 700000 300000 700000 300000
300001 364864 300001 364864 700000 300000 700000 300000
300000 354054 300000 354054 700000 300000 700000 300000
300001 354054 300001 354054 700000 300000 700000 300000
300000 340540 300000 340540 700000 300000 700000 300000
300000 337837 300000 337837 700000 300000 700000 300000
300000 335135 300000 335135 700000 300000 700000 300000
300000 332432 300000 332432 700000 300000 700000 300000
300001 332432 300001 332432 700000 300000 700000 300000
300000 327027 300000 327027 700000 300000 700000 300000
300001 327027 300001 327027 700000 300000 700000 300000
300000 318918 300000 318918 700000 300000 700000 300000
300000 316216 300000 316216 700000 300000 700000 300000
300001 316216 300001 316216 700000 300000 700000 300000
300000 308108 300000 308108 700000 300000 700000 300000
300001 308108 300001 308108 700000 300000 700000 300000
300000 302702 300000 302702 700000 300000 700000 300000
222893 324020 222893 324020 700000 300000 700000 300000
176555 336831 176555 336831 700000 300000 700000 300000
228012 398086 228012 398086 700000 300000 700000 300000
279468 459342 279468 459342 700000 300000 700000 300000
300000 483783 300000 483783 700000 300000 700000 300000
300001 483783 300001 483783 700000 300000 700000 300000
300000 500000 300000 500000 700000 300000 700000 300000
300001 500000 300001 500000 700000 300000 700000 300000
300000 508108 300000 508108 700000 300000 700000 300000
300001 508108 300001 508108 700000 300000 700000 300000
300000 516216 300000 516216 700000 300000 700000 300000
300001 516216 300001 516216 700000 300000 700000 300000
300000 524324 300000 524324 700000 300000 700000 300000
300001 524324 300001 524324 700000 300000 700000 300000
300000 535135 300000 535135 700000 300000 700000 300000
300001 535135 300001 535135 700000 300000 700000 300000
300000 540540 300000 540540 700000 300000 700000 300000
300000 543243 300000 543243 700000 300000 700000 300000
300000 545945 300000 545945 700000 300000 700000 300000
300000 548648 300000 548648 700000 300000 700000 300000
300000 551351 300000 551351 700000 300000 700000 300000
300001 551351 300001 551351 700000 300000 700000 300000
300000 583783 300000 583783 700000 300000 700000 300000
300000 586486 300000 586486 700000 300000 700000 300000
300000 589189 300000 589189 700000 300000 700000 300000
300001 589189 300001 589189 700000 300000 700000 300000
300000 594594 300000 594594 700000 300000 700000 300000
300001 594594 300001 594594 700000 300000 700000 300000
300000 600000 300000 600000 700000 300000 700000 300000
300001 600000 300001 600000 700000 300000 700000 300000
300000 608108 300000 608108 700000 300000 700000 300000
300001 608108 300001 608108 700000 300000 700000 300000
300000 627027 300000 627027 700000 300000 700000 300000
300001 627027 300001 627027 700000 300000 700000 300000
300000 632432 300000 632432 700000 300000 700000 300000
300001 632432 300001 632432 700000 300000 700000 300000
300000 640540 300000 640540 700000 300000 700000 300000
300000 643243 300000 643243 700000 300000 700000 300000
300001 643243 300001 643243 700000 300000 700000 300000
300000 648648 300000 648648 700000 300000 700000 300000
300000 651351 300000 651351 700000 300000 700000 300000
300000 654054 300000 654054 700000 300000 700000 300000
300000 656756 300000 656756 700000 300000 700000 300000
300001 656756 300001 656756 700000 300000 700000 300000
300000 681081 300000 681081 700000 300000 700000 300000
281208 728235 281208 728235 700000 300000 700000 300000
