798084 355397 798084 355397 976441 393539 976441 393539
798699 435395 798699 435395 896888 385092 896888 385092
798926 464989 798926 464989 867458 381967 867458 381967
783716 464192 783716 464192 852313 380359 852313 380359
753614 462616 753614 462616 831510 402174 831510 402174
755062 466385 755062 466385 828724 405096 828724 405096
766047 494978 766047 494978 799959 394571 799959 394571
767486 498722 767486 498722 796007 393884 796007 393884
766277 515985 766277 515985 778958 390919 778958 390919
765044 515884 765044 515884 777739 390707 777739 390707
757899 515301 757899 515301 773919 384640 773919 384640
753399 514933 753399 514933 769933 386761 769933 386761
738510 507334 738510 507334 755176 394612 755176 394612
745550 493518 745550 493518 741487 401895 741487 401895
737516 493845 737516 493845 734388 405672 734388 405672
733348 494015 733348 494015 736404 409324 736404 409324
727813 498607 727813 498607 739881 415619 739881 415619
710677 512825 710677 512825 757613 429086 757613 429086
708790 522713 708790 522713 765630 435175 765630 435175
690134 526859 690134 526859 780849 446734 780849 446734
686049 530217 686049 530217 785060 449932 785060 449932
684239 531705 684239 531705 782717 449960 782717 449960
693945 540090 693945 540090 769891 450114 769891 450114
706399 549682 706399 549682 754173 450302 754173 450302
704882 564743 704882 564743 739037 450483 739037 450483
702372 589657 702372 589657 722208 469025 722208 469025
698423 628871 698423 628871 697193 438569 697193 438569
696648 646488 696648 646488 701610 421422 701610 421422
695253 641964 695253 641964 702791 416838 702791 416838
693909 637605 693909 637605 698511 418416 698511 418416
674429 574435 674429 574435 632544 414141 632544 414141
667883 568907 667883 568907 623994 413587 623994 413587
640658 545916 640658 545916 592360 429990 592360 429990
638887 546120 638887 546120 590777 430811 590777 430811
559414 555288 559414 555288 515700 403180 515700 403180
512485 560701 512485 560701 471367 386864 471367 386864
506255 578557 506255 578557 453620 380332 453620 380332
484598 640628 484598 640628 433484 442913 433484 442913
484518 634394 484518 634394 431575 448848 431575 448848
484297 617051 484297 617051 424047 433222 424047 433222
475112 599748 475112 599748 415545 415574 415545 415574
465404 581459 465404 581459 408459 396118 408459 396118
463140 577194 463140 577194 409300 391363 409300 391363
456216 566035 456216 566035 411586 378431 411586 378431
443656 580150 443656 580150 414875 359825 414875 359825
433958 591048 433958 591048 420910 346544 420910 346544
432245 596577 432245 596577 423305 341274 423305 341274
419666 594714 419666 594714 428566 329697 428566 329697
394060 590922 394060 590922 424776 304091 424776 304091
361756 586138 361756 586138 401797 280888 401797 280888
353927 584979 353927 584979 394188 278709 394188 278709
353976 584410 353976 584410 393639 278552 393639 278552
354973 572791 354973 572791 382604 274782 382604 274782
356557 554335 356557 554335 393278 259642 393278 259642
356871 550671 356871 550671 395181 256496 395181 256496
314897 527785 314897 527785 419928 215591 419928 215591
311236 520534 311236 520534 424132 208641 424132 208641
293521 485443 293521 485443 386724 220718 386724 220718
296999 486205 296999 486205 383336 221812 383336 221812
338531 495309 338531 495309 363257 184333 363257 184333
365175 504586 365175 504586 349934 159464 349934 159464
368661 498915 368661 498915 346791 153597 346791 153597
377390 484714 377390 484714 345842 136954 345842 136954
401091 480762 401091 480762 344474 112965 344474 112965
402143 468269 402143 468269 343761 100448 343761 100448
398713 447470 398713 447470 342561 79402 342561 79402
407036 433593 407036 433593 341640 63247 341640 63247
382523 443296 382523 443296 340139 36926 340139 36926
327278 465163 327278 465163 323839 94061 323839 94061
320255 449094 320255 449094 319028 110925 319028 110925
312473 369473 312473 369473 297080 187856 297080 187856
311663 361188 311663 361188 294796 195861 294796 195861
306376 307097 306376 307097 323249 242167 323249 242167
302010 262436 302010 262436 351284 277205 351284 277205
301771 259986 301771 259986 350485 279533 350485 279533
278826 239547 278826 239547 340507 308597 340507 308597
277613 238466 277613 238466 338909 308888 338909 308888
287045 226066 287045 226066 323581 311681 323581 311681
293288 201633 293288 201633 298772 316201 298772 316201
261006 224498 261006 224498 259853 323291 259853 323291
249116 232919 249116 232919 247302 315892 247302 315892
245462 251191 245462 251191 231250 306429 231250 306429
236127 297868 236127 297868 194089 336178 194089 336178
165351 294436 165351 294436 138772 380461 138772 380461
159238 294140 159238 294140 143864 383857 143864 383857
167501 351460 167501 351460 192042 415993 192042 415993
176891 395168 176891 395168 229233 440800 229233 440800
188850 450834 188850 450834 278561 412366 278561 412366
189140 452184 189140 452184 279172 413604 279172 413604
203068 481554 203068 481554 293561 442751 293561 442751
208240 492462 208240 492462 293234 454818 293234 454818
215504 507780 215504 507780 305559 443177 305559 443177
219803 521275 219803 521275 315856 433452 315856 433452
222794 530664 222794 530664 318202 423882 318202 423882
222656 533463 222656 533463 318870 421160 318870 421160
223416 538068 223416 538068 319981 416627 319981 416627
206589 532532 206589 532532 324199 399422 324199 399422
198156 529757 198156 529757 319679 391781 319679 391781
197824 529926 197824 529926 319489 391461 319489 391461
183905 537017 183905 537017 334239 386317 334239 386317
152786 552869 152786 552869 340640 351984 340640 351984
148744 554928 148744 554928 342675 356038 342675 356038
157194 556798 157194 556798 346559 363772 346559 363772
159321 558292 159321 558292 347725 366095 347725 366095
182370 574475 182370 574475 357054 392668 357054 392668
205830 590947 205830 590947 368234 419063 368234 419063
208611 592682 208611 592682 369513 422081 369513 422081
214559 596391 214559 596391 366624 428468 366624 428468
221684 600835 221684 600835 360360 434060 360360 434060
231444 574289 231444 574289 339262 452896 339262 452896
234371 575509 234371 575509 336896 455008 336896 455008
253393 583441 253393 583441 350843 470182 350843 470182
255860 584470 255860 584470 352177 472498 352177 472498
260220 566973 260220 566973 361175 488124 361175 488124
257375 565790 257375 565790 362713 490794 362713 490794
254386 564547 254386 564547 360038 492617 360038 492617
258422 555958 258422 555958 352196 497962 352196 497962
270405 559803 270405 559803 341797 505050 341797 505050
285480 564641 285480 564641 326984 510637 326984 510637
281799 578637 281799 578637 313443 515744 313443 515744
316212 583290 316212 583290 280951 528000 280951 528000
315807 584118 315807 584118 280088 528325 280088 528325
307035 602044 307035 602044 261446 535447 261446 535447
286378 613115 286378 613115 239552 543811 239552 543811
273281 616314 273281 616314 226958 548623 226958 548623
252467 621398 252467 621398 217312 567755 217312 567755
238673 634917 238673 634917 208616 585000 208616 585000
233309 635966 233309 635966 206155 589881 206155 589881
193622 643730 193622 643730 170769 609455 170769 609455
186034 645214 186034 645214 171344 617166 171344 617166
182314 645942 182314 645942 172157 620868 172157 620868
203429 653412 203429 653412 176958 642744 176958 642744
221415 659774 221415 659774 157904 641778 157904 641778
229902 662777 229902 662777 152596 649050 152596 649050
256522 672194 256522 672194 152672 677286 152672 677286
256925 672091 256925 672091 152673 677702 152673 677702
278361 666587 278361 666587 172847 686803 172847 686803
286872 664402 286872 664402 179871 692082 179871 692082
294383 662474 294383 662474 184068 685562 184068 685562
296368 661964 296368 661964 185039 683757 185039 683757
313991 664038 313991 664038 193446 668130 193446 668130
315974 664272 315974 664272 192588 666327 192588 666327
317827 664490 317827 664490 190731 666507 190731 666507
331524 666102 331524 666102 203827 662181 203827 662181
342753 678202 342753 678202 219501 657004 219501 657004
373461 711293 373461 711293 264161 663604 264161 663604
384387 723067 384387 723067 280136 665278 280136 665278
385228 723973 385228 723973 280754 664208 280754 664208
402757 723088 402757 723088 289530 649008 289530 649008
437867 721314 437867 721314 313309 623116 313309 623116
479563 721867 479563 721867 341516 592404 341516 592404
480110 720896 480110 720896 342270 591583 342270 591583
492846 698305 492846 698305 362078 608322 362078 608322
498161 704688 498161 704688 368422 613683 368422 613683
519374 730166 519374 730166 392346 590731 392346 590731
547215 726814 547215 726814 412581 571317 412581 571317
611030 719131 611030 719131 404493 635082 404493 635082
586253 758243 586253 758243 398666 681013 398666 681013
585920 758851 585920 758851 398579 681701 398579 681701
573785 780980 573785 780980 387088 704171 387088 704171
618482 786414 618482 786414 366587 744259 366587 744259
655117 800102 655117 800102 348781 779079 348781 779079
713693 821987 713693 821987 340147 841011 340147 841011
707172 825749 707172 825749 339107 848467 339107 848467
638102 865599 638102 865599 259613 842184 259613 842184
624953 864040 624953 864040 246413 841141 246413 841141
569056 857414 569056 857414 262307 787144 262307 787144
554347 855670 554347 855670 254900 774316 254900 774316
537940 853725 537940 853725 271416 773910 271416 773910
529058 852672 529058 852672 272973 765102 272973 765102
521263 848949 521263 848949 274476 756595 274476 756595
508363 842789 508363 842789 267129 744333 267129 744333
495126 836468 495126 836468 276773 733280 276773 733280
479715 829108 479715 829108 288914 745292 288914 745292
460082 819733 460082 819733 310011 750607 310011 750607
448683 814289 448683 814289 304379 739300 304379 739300
423356 802194 423356 802194 294861 712896 294861 712896
423539 798699 423539 798699 293674 709604 293674 709604
424584 778700 424584 778700 273670 708663 273670 708663
414034 762846 414034 762846 254647 707769 254647 707769
413728 763699 413728 763699 253742 707726 253742 707726
412068 768327 412068 768327 248828 707573 248828 707573
394064 771060 394064 771060 230626 707008 230626 707008
394966 775669 394966 775669 225932 706862 225932 706862
395847 780170 395847 780170 221825 708904 221825 708904
391566 798691 391566 798691 204805 717369 204805 717369
388479 812045 388479 812045 191317 719804 191317 719804
384493 799053 384493 799053 177943 722218 177943 722218
374942 767922 374942 767922 194104 750488 194104 750488
374104 767126 374104 767126 194678 751491 194678 751491
366853 760247 366853 760247 186233 756838 186233 756838
355860 749816 355860 749816 172391 750671 172391 750671
341159 744068 341159 744068 157973 744246 157973 744246
337563 743572 337563 743572 154657 742769 154657 742769
307883 739481 307883 739481 141893 715663 141893 715663
305639 739172 305639 739172 141089 713545 141089 713545
301564 745435 301564 745435 138437 706560 138437 706560
297292 744794 297292 744794 136904 702521 136904 702521
283816 742772 283816 742772 136904 702521 136904 702521
282447 806515 282447 806515 136904 702521 136904 702521
248410 799433 248410 799433 136904 702521 136904 702521
201004 844364 201004 844364 136904 702521 136904 702521
