1000 994000 1000 994000 999000 17000 999000 17000
1001 994000 1001 994000 999001 17000 999001 17000
1000 989000 1000 989000 999001 22000 999001 22000
1000 986000 1000 986000 999000 25000 999000 25000
1001 986000 1001 986000 999000 25001 999000 25001
1001 982001 1001 982001 999000 29000 999000 29000
1001 982000 1001 982000 999001 29000 999001 29000
1000 935000 1000 935000 999000 76000 999000 76000
1001 935000 1001 935000 999000 76001 999000 76001
1000 932000 1000 932000 999000 79001 999000 79001
1001 932000 1001 932000 999000 79002 999000 79002
1000 923000 1000 923000 999000 88002 999000 88002
1001 923000 1001 923000 999000 88003 999000 88003
1001 916003 1001 916003 999000 95000 999000 95000
1001 916002 1001 916002 999001 95000 999001 95000
1000 905000 1000 905000 999000 106002 999000 106002
1000 903002 1000 903002 999000 108000 999000 108000
1000 903001 1000 903001 999001 108000 999001 108000
1000 894000 1000 894000 999000 117001 999000 117001
1000 891000 1000 891000 999000 120001 999000 120001
1001 891000 1001 891000 999000 120002 999000 120002
1001 887002 1001 887002 999000 124000 999000 124000
1000 881002 1000 881002 999000 130000 999000 130000
1000 881001 1000 881001 999001 130000 999001 130000
1000 877000 1000 877000 999001 134001 999001 134001
1001 877000 1001 877000 999001 134002 999001 134002
1000 861000 1000 861000 999000 150002 999000 150002
1001 861000 1001 861000 999000 150003 999000 150003
1001 855003 1001 855003 999000 156000 999000 156000
1001 855002 1001 855002 999001 156000 999001 156000
1000 846000 1000 846000 999001 165002 999001 165002
1001 846000 1001 846000 999001 165003 999001 165003
1000 842000 1000 842000 999001 169003 999001 169003
1000 819000 1000 819000 999000 192003 999000 192003
1001 819000 1001 819000 999000 192004 999000 192004
1001 817004 1001 817004 999000 194000 999000 194000
1001 817003 1001 817003 999001 194000 999001 194000
1001 808003 1001 808003 999000 203000 999000 203000
1001 808002 1001 808002 999001 203000 999001 203000
1000 787000 1000 787000 999000 224002 999000 224002
1000 784000 1000 784000 999000 227002 999000 227002
1001 784000 1001 784000 999000 227003 999000 227003
1001 781003 1001 781003 999000 230000 999000 230000
1001 781002 1001 781002 999001 230000 999001 230000
1000 735000 1000 735000 999000 276002 999000 276002
1001 735000 1001 735000 999000 276003 999000 276003
1000 725003 1000 725003 999000 286000 999000 286000
1000 725002 1000 725002 999001 286000 999001 286000
1000 718000 1000 718000 999001 293002 999001 293002
1001 718000 1001 718000 999001 293003 999001 293003
1001 704003 1001 704003 999000 307000 999000 307000
1001 704002 1001 704002 999001 307000 999001 307000
1001 700002 1001 700002 999000 311000 999000 311000
1001 700001 1001 700001 999001 311000 999001 311000
1000 664001 1000 664001 999000 347000 999000 347000
1000 659001 1000 659001 999000 352000 999000 352000
1000 659000 1000 659000 999001 352000 999001 352000
1000 641000 1000 641000 999000 370000 999000 370000
1000 640999 1000 640999 999001 370000 999001 370000
1000 638000 1000 638000 999001 372999 999001 372999
1000 633000 1000 633000 999000 377999 999000 377999
1000 629999 1000 629999 999000 381000 999000 381000
1000 629998 1000 629998 999001 381000 999001 381000
1000 618000 1000 618000 999001 392998 999001 392998
1001 618000 1001 618000 999001 392999 999001 392999
1000 606000 1000 606000 999001 404999 999001 404999
1001 606000 1001 606000 999001 405000 999001 405000
1000 575000 1000 575000 999000 436000 999000 436000
1001 575000 1001 575000 999000 436001 999000 436001
1000 566001 1000 566001 999000 445000 999000 445000
1000 566000 1000 566000 999001 445000 999001 445000
1000 561000 1000 561000 999001 450000 999001 450000
1001 561000 1001 561000 999001 450001 999001 450001
1000 550000 1000 550000 999000 461001 999000 461001
1000 546000 1000 546000 999000 465001 999000 465001
1001 546000 1001 546000 999000 465002 999000 465002
1001 542002 1001 542002 999000 469000 999000 469000
1001 542001 1001 542001 999001 469000 999001 469000
1001 502001 1001 502001 999000 509000 999000 509000
1001 502000 1001 502000 999001 509000 999001 509000
1000 473000 1000 473000 999000 538000 999000 538000
1000 472999 1000 472999 999001 538000 999001 538000
1000 436999 1000 436999 999000 574000 999000 574000
1000 436998 1000 436998 999001 574000 999001 574000
1000 417000 1000 417000 999000 593998 999000 593998
1000 405998 1000 405998 999000 605000 999000 605000
1000 405997 1000 405997 999001 605000 999001 605000
1000 405000 1000 405000 999001 605997 999001 605997
1000 382997 1000 382997 999000 628000 999000 628000
1000 380000 1000 380000 999000 630997 999000 630997
1001 380000 1001 380000 999000 630998 999000 630998
1000 363000 1000 363000 999000 647998 999000 647998
1001 363000 1001 363000 999000 647999 999000 647999
1001 356999 1001 356999 999000 654000 999000 654000
1001 356998 1001 356998 999001 654000 999001 654000
1001 354998 1001 354998 999000 656000 999000 656000
1001 354997 1001 354997 999001 656000 999001 656000
1001 349997 1001 349997 999000 661000 999000 661000
1001 349996 1001 349996 999001 661000 999001 661000
1000 332996 1000 332996 999000 678000 999000 678000
1000 332995 1000 332995 999001 678000 999001 678000
1000 321000 1000 321000 999000 689995 999000 689995
1001 321000 1001 321000 999000 689996 999000 689996
1001 318996 1001 318996 999000 692000 999000 692000
1001 315996 1001 315996 999000 695000 999000 695000
1001 315995 1001 315995 999001 695000 999001 695000
1000 307995 1000 307995 999000 703000 999000 703000
1000 307994 1000 307994 999001 703000 999001 703000
1000 301000 1000 301000 999001 709994 999001 709994
1001 301000 1001 301000 999001 709995 999001 709995
1000 279000 1000 279000 999000 731995 999000 731995
1001 279000 1001 279000 999000 731996 999000 731996
1001 278996 1001 278996 999000 732000 999000 732000
1000 262000 1000 262000 999000 748996 999000 748996
1001 262000 1001 262000 999000 748997 999000 748997
1001 261997 1001 261997 999000 749000 999000 749000
1001 261996 1001 261996 999001 749000 999001 749000
1000 236000 1000 236000 999000 774996 999000 774996
1001 236000 1001 236000 999000 774997 999000 774997
1001 230997 1001 230997 999000 780000 999000 780000
1001 230996 1001 230996 999001 780000 999001 780000
1000 220996 1000 220996 999000 790000 999000 790000
1000 213000 1000 213000 999000 797996 999000 797996
1001 213000 1001 213000 999000 797997 999000 797997
1001 211997 1001 211997 999000 799000 999000 799000
1001 211996 1001 211996 999001 799000 999001 799000
1000 205000 1000 205000 999000 805996 999000 805996
1001 205000 1001 205000 999000 805997 999000 805997
1001 198997 1001 198997 999000 812000 999000 812000
1000 196997 1000 196997 999000 814000 999000 814000
1000 196996 1000 196996 999001 814000 999001 814000
1000 189000 1000 189000 999001 821996 999001 821996
1001 189000 1001 189000 999001 821997 999001 821997
1001 178997 1001 178997 999000 832000 999000 832000
1001 178996 1001 178996 999001 832000 999001 832000
1000 172996 1000 172996 999000 838000 999000 838000
1000 163000 1000 163000 999000 847996 999000 847996
1001 163000 1001 163000 999000 847997 999000 847997
1001 162997 1001 162997 999000 848000 999000 848000
1001 162996 1001 162996 999001 848000 999001 848000
1000 156000 1000 156000 999001 854996 999001 854996
1001 156000 1001 156000 999001 854997 999001 854997
1000 110997 1000 110997 999000 900000 999000 900000
1000 96997 1000 96997 999000 914000 999000 914000
1000 96996 1000 96996 999001 914000 999001 914000
1000 93000 1000 93000 999001 917996 999001 917996
1001 93000 1001 93000 999001 917997 999001 917997
1000 84000 1000 84000 999001 926997 999001 926997
1001 84000 1001 84000 999001 926998 999001 926998
1001 68998 1001 68998 999000 942000 999000 942000
1001 67998 1001 67998 999000 943000 999000 943000
1001 67997 1001 67997 999001 943000 999001 943000
1000 35000 1000 35000 999000 975997 999000 975997
1000 32000 1000 32000 999000 978997 999000 978997
1000 27997 1000 27997 999000 983000 999000 983000
1000 25000 1000 25000 999000 985997 999000 985997
1000 24997 1000 24997 999000 986000 999000 986000
1000 24000 1000 24000 998286 985304 998286 985304
1001 24000 1001 24000 998285 985304 998285 985304
1000 2000 1000 2000 982525 969954 982525 969954
1000 1000 1000 1000 981808 969256 981808 969256
58511 56610 58511 56610 924498 913439 924498 913439
116023 112219 116023 112219 867188 857622 867188 857622
173534 167829 173534 167829 809878 801805 809878 801805
231046 223439 231046 223439 752568 745988 752568 745988
288557 279049 288557 279049 695258 690171 695258 690171
346068 334658 346068 334658 637948 634354 637948 634354
403580 390268 403580 390268 580637 578537 580637 578537
461091 445878 461091 445878 523327 522720 523327 522720
518603 501487 518603 501487 466017 466902 466017 466902
576114 557097 576114 557097 408707 411085 408707 411085
633625 612707 633625 612707 351397 355268 351397 355268
691137 668317 691137 668317 294087 299451 294087 299451
748648 723926 748648 723926 236777 243634 236777 243634
806159 779536 806159 779536 179466 187817 179466 187817
863671 835146 863671 835146 122156 132000 122156 132000
921182 890755 921182 890755 64846 76183 64846 76183
978694 946365 978694 946365 7536 20366 7536 20366
985253 952707 985253 952707 1000 14000 1000 14000
985253 952708 985253 952708 1001 14000 1001 14000
999000 966000 999000 966000 1000 33122 1000 33122
999000 962122 999000 962122 1000 37000 1000 37000
999000 956000 999000 956000 1000 43122 1000 43122
999001 956000 999001 956000 1000 43123 1000 43123
999001 951123 999001 951123 1000 48000 1000 48000
999000 935123 999000 935123 1000 64000 1000 64000
999000 935000 999000 935000 1000 64123 1000 64123
999000 931123 999000 931123 1000 68000 1000 68000
999000 931122 999000 931122 1001 68000 1001 68000
999000 925000 999000 925000 1001 74122 1001 74122
999001 925000 999001 925000 1001 74123 1001 74123
999000 922000 999000 922000 1001 77123 1001 77123
999001 922000 999001 922000 1001 77124 1001 77124
999000 897000 999000 897000 1000 102124 1000 102124
999001 897000 999001 897000 1000 102125 1000 102125
999000 886000 999000 886000 1000 113125 1000 113125
999000 878000 999000 878000 1000 121125 1000 121125
999001 878000 999001 878000 1000 121126 1000 121126
999001 877126 999001 877126 1000 122000 1000 122000
999001 869126 999001 869126 1000 130000 1000 130000
999001 869125 999001 869125 1001 130000 1001 130000
999001 853125 999001 853125 1000 146000 1000 146000
999001 853124 999001 853124 1001 146000 1001 146000
999000 841124 999000 841124 1000 158000 1000 158000
999000 841123 999000 841123 1001 158000 1001 158000
999000 834123 999000 834123 1000 165000 1000 165000
999000 834122 999000 834122 1001 165000 1001 165000
999000 826000 999000 826000 1001 173122 1001 173122
999000 824000 999000 824000 1001 175122 1001 175122
999000 821000 999000 821000 1001 178122 1001 178122
999000 818000 999000 818000 1000 181122 1000 181122
999001 818000 999001 818000 1000 181123 1000 181123
999000 808000 999000 808000 1000 191123 1000 191123
999001 808000 999001 808000 1000 191124 1000 191124
999001 805124 999001 805124 1000 194000 1000 194000
999001 805123 999001 805123 1001 194000 1001 194000
999000 779123 999000 779123 1000 220000 1000 220000
999000 779122 999000 779122 1001 220000 1001 220000
999000 764000 999000 764000 1000 235122 1000 235122
999001 764000 999001 764000 1000 235123 1000 235123
999001 759123 999001 759123 1000 240000 1000 240000
999001 754123 999001 754123 1000 245000 1000 245000
999001 753123 999001 753123 1000 246000 1000 246000
999001 753122 999001 753122 1001 246000 1001 246000
999000 736122 999000 736122 1000 263000 1000 263000
999000 729122 999000 729122 1000 270000 1000 270000
999000 729121 999000 729121 1001 270000 1001 270000
999000 729000 999000 729000 1001 270121 1001 270121
999001 729000 999001 729000 1001 270122 1001 270122
999000 711000 999000 711000 1000 288122 1000 288122
999001 711000 999001 711000 1000 288123 1000 288123
999001 702123 999001 702123 1000 297000 1000 297000
999001 702122 999001 702122 1001 297000 1001 297000
999000 685000 999000 685000 1000 314122 1000 314122
999001 685000 999001 685000 1000 314123 1000 314123
999000 674000 999000 674000 1000 325123 1000 325123
999000 673123 999000 673123 1000 326000 1000 326000
999000 673122 999000 673122 1001 326000 1001 326000
999000 665000 999000 665000 1001 334122 1001 334122
999001 665000 999001 665000 1001 334123 1001 334123
999000 658000 999000 658000 1000 341123 1000 341123
999001 658000 999001 658000 1000 341124 1000 341124
999001 650124 999001 650124 1000 349000 1000 349000
999001 644124 999001 644124 1000 355000 1000 355000
999001 644123 999001 644123 1001 355000 1001 355000
999001 634123 999001 634123 1000 365000 1000 365000
999001 634122 999001 634122 1001 365000 1001 365000
999000 609000 999000 609000 1001 390122 1001 390122
999001 609000 999001 609000 1001 390123 1001 390123
999000 599000 999000 599000 1000 400123 1000 400123
999001 599000 999001 599000 1000 400124 1000 400124
999000 575124 999000 575124 1000 424000 1000 424000
999000 575123 999000 575123 1001 424000 1001 424000
999000 573000 999000 573000 1001 426123 1001 426123
999000 553000 999000 553000 1000 446123 1000 446123
999001 553000 999001 553000 1000 446124 1000 446124
999001 537124 999001 537124 1000 462000 1000 462000
999001 537123 999001 537123 1001 462000 1001 462000
999000 520000 999000 520000 1000 479123 1000 479123
999001 520000 999001 520000 1000 479124 1000 479124
999000 504124 999000 504124 1000 495000 1000 495000
999000 504123 999000 504123 1001 495000 1001 495000
999000 503000 999000 503000 1001 496123 1001 496123
999001 503000 999001 503000 1001 496124 1001 496124
999000 475124 999000 475124 1000 524000 1000 524000
999000 465124 999000 465124 1000 534000 1000 534000
999000 465123 999000 465123 1001 534000 1001 534000
999000 458000 999000 458000 1001 541123 1001 541123
999001 458000 999001 458000 1001 541124 1001 541124
999000 437000 999000 437000 1000 562124 1000 562124
999001 437000 999001 437000 1000 562125 1000 562125
999001 418125 999001 418125 1000 581000 1000 581000
999000 406125 999000 406125 1000 593000 1000 593000
999000 406124 999000 406124 1001 593000 1001 593000
999000 401124 999000 401124 1000 598000 1000 598000
999000 400124 999000 400124 1000 599000 1000 599000
999000 400123 999000 400123 1001 599000 1001 599000
999000 390123 999000 390123 1000 609000 1000 609000
999000 388000 999000 388000 1000 611123 1000 611123
999001 388000 999001 388000 1000 611124 1000 611124
999000 382124 999000 382124 1000 617000 1000 617000
999000 382123 999000 382123 1001 617000 1001 617000
999000 380000 999000 380000 1001 619123 1001 619123
999001 380000 999001 380000 1001 619124 1001 619124
999000 332000 999000 332000 1000 667124 1000 667124
999001 332000 999001 332000 1000 667125 1000 667125
999001 322125 999001 322125 1000 677000 1000 677000
999000 319125 999000 319125 1000 680000 1000 680000
999000 319124 999000 319124 1001 680000 1001 680000
999000 310000 999000 310000 1000 689124 1000 689124
999001 310000 999001 310000 1000 689125 1000 689125
999001 309125 999001 309125 1000 690000 1000 690000
999001 309124 999001 309124 1001 690000 1001 690000
999000 293124 999000 293124 1000 706000 1000 706000
999000 293123 999000 293123 1001 706000 1001 706000
999000 292000 999000 292000 1001 707123 1001 707123
999001 292000 999001 292000 1001 707124 1001 707124
999000 279000 999000 279000 1000 720124 1000 720124
999001 279000 999001 279000 1000 720125 1000 720125
999000 269125 999000 269125 1000 730000 1000 730000
999000 269124 999000 269124 1001 730000 1001 730000
999000 265000 999000 265000 1001 734124 1001 734124
999001 265000 999001 265000 1001 734125 1001 734125
999001 241125 999001 241125 1000 758000 1000 758000
999001 241124 999001 241124 1001 758000 1001 758000
999000 201000 999000 201000 1000 798124 1000 798124
999001 201000 999001 201000 1000 798125 1000 798125
999001 196125 999001 196125 1000 803000 1000 803000
999001 196124 999001 196124 1001 803000 1001 803000
999000 180000 999000 180000 1001 819124 1001 819124
999000 179000 999000 179000 1001 820124 1001 820124
999001 179000 999001 179000 1001 820125 1001 820125
999000 153000 999000 153000 1000 846125 1000 846125
999001 153000 999001 153000 1000 846126 1000 846126
999001 150126 999001 150126 1000 849000 1000 849000
999001 150125 999001 150125 1001 849000 1001 849000
999000 137000 999000 137000 1000 862125 1000 862125
999000 135125 999000 135125 1000 864000 1000 864000
999000 134000 999000 134000 1000 865125 1000 865125
999001 134000 999001 134000 1000 865126 1000 865126
999000 132000 999000 132000 1000 867126 1000 867126
999001 132000 999001 132000 1000 867127 1000 867127
999001 131127 999001 131127 1000 868000 1000 868000
999001 123127 999001 123127 1000 876000 1000 876000
999001 123126 999001 123126 1001 876000 1001 876000
999000 120126 999000 120126 1000 879000 1000 879000
999000 120125 999000 120125 1001 879000 1001 879000
999000 111125 999000 111125 1000 888000 1000 888000
999000 111124 999000 111124 1001 888000 1001 888000
999000 109000 999000 109000 1001 890124 1001 890124
999001 109000 999001 109000 1001 890125 1001 890125
999000 84125 999000 84125 1000 915000 1000 915000
999000 83125 999000 83125 1000 916000 1000 916000
999000 83124 999000 83124 1001 916000 1001 916000
999000 80000 999000 80000 1001 919124 1001 919124
999000 69124 999000 69124 1000 930000 1000 930000
999000 69123 999000 69123 1001 930000 1001 930000
999000 62000 999000 62000 1001 937123 1001 937123
999000 61000 999000 61000 1001 938123 1001 938123
999001 61000 999001 61000 1001 938124 1001 938124
999000 55000 999000 55000 1001 944124 1001 944124
999000 47000 999000 47000 1000 952124 1000 952124
999000 44000 999000 44000 1000 955124 1000 955124
999001 44000 999001 44000 1000 955125 1000 955125
999000 30125 999000 30125 1000 969000 1000 969000
999000 18000 999000 18000 1000 981125 1000 981125
999001 18000 999001 18000 1000 981126 1000 981126
999001 17126 999001 17126 1000 982000 1000 982000
999001 17125 999001 17125 1001 982000 1001 982000
999000 13000 999000 13000 1001 986125 1001 986125
999000 7125 999000 7125 1000 992000 1000 992000
999000 7124 999000 7124 1001 992000 1001 992000
999000 4000 999000 4000 1000 995124 1000 995124
999000 4000 999000 4000 1000 997000 1000 997000
