600000 600000 600000 600000 800000 800000 800000 800000
586710 599017 586710 599017 794888 787693 794888 787693
586667 581443 586667 581443 788147 771463 788147 771463
586666 580954 586666 580954 788178 770975 788178 770975
579939 569051 579939 569051 789044 757330 789044 757330
576633 563925 576633 563925 789430 751243 789430 751243
586573 559293 586573 559293 790125 740299 790125 740299
598808 549718 598808 549718 791109 724794 791109 724794
592126 535305 592126 535305 792115 708939 792115 708939
591611 534857 591611 534857 792158 708258 792158 708258
588300 531977 588300 531977 787854 709117 787854 709117
585009 529114 585009 529114 784376 711749 784376 711749
571124 542340 571124 542340 769086 723323 769086 723323
553796 528894 553796 528894 751598 736560 751598 736560
572277 504550 572277 504550 727228 755006 727228 755006
571259 488701 571259 488701 714565 764591 714565 764591
571015 484893 571015 484893 710878 765574 710878 765574
572029 483827 572029 483827 709456 765953 709456 765953
567478 471900 567478 471900 697121 769240 697121 769240
575264 455649 575264 455649 679709 773880 679709 773880
582048 440706 582048 440706 663851 778106 663851 778106
596196 436429 596196 436429 649569 781912 649569 781912
599466 438352 599466 438352 645904 782889 645904 782889
597110 433434 597110 433434 640635 784293 640635 784293
597148 404391 597148 404391 612571 791772 612571 791772
600000 400000 600000 400000 607512 793121 607512 793121
594324 403988 594324 403988 600809 794907 600809 794907
581441 413039 581441 413039 588145 785552 588145 785552
571053 425665 571053 425665 574994 775837 574994 775837
567800 423396 567800 423396 571804 773480 571804 773480
561470 418981 561470 418981 571793 765762 571793 765762
536790 417601 536790 417601 571757 741044 571757 741044
542812 437860 542812 437860 571727 719909 571727 719909
544295 442851 544295 442851 576934 719891 576934 719891
540872 455263 540872 455263 589809 719845 589809 719845
544692 466284 544692 466284 601473 719804 601473 719804
551841 472989 551841 472989 611274 719770 611274 719770
552372 473487 552372 473487 611985 719612 611985 719612
545204 498536 545204 498536 637418 713953 637418 713953
542269 508898 542269 508898 647930 711614 647930 711614
541020 513306 541020 513306 647149 707099 647149 707099
536217 524667 536217 524667 645047 694945 645047 694945
534589 528518 534589 528518 645307 690772 645307 690772
517754 521612 517754 521612 646437 672611 646437 672611
516538 528467 516538 528467 646869 665662 646869 665662
513181 547390 513181 547390 649420 646614 649420 646614
527567 551139 527567 551139 651393 631879 651393 631879
542720 555088 542720 555088 654697 616573 654697 616573
548016 569882 548016 569882 658013 601213 658013 601213
560447 576840 560447 576840 661019 587288 661019 587288
551933 587957 551933 587957 663974 573601 663974 573601
545656 596153 545656 596153 654732 569000 654732 569000
530117 596487 530117 596487 640819 562072 640819 562072
523523 598519 523523 598519 634642 558997 634642 558997
519603 599727 519603 599727 633037 562772 633037 562772
496290 586520 496290 586520 622550 587428 622550 587428
488397 582049 488397 582049 621595 596449 621595 596449
484549 587775 484549 587775 620869 603310 620869 603310
482549 586052 482549 586052 620591 605935 620591 605935
471710 582690 471710 582690 619397 617221 619397 617221
475952 564686 475952 564686 617450 635615 617450 635615
489760 554708 489760 554708 615657 652556 615657 652556
494471 551303 494471 551303 609872 653126 609872 653126
502644 557698 502644 557698 599545 654144 599545 654144
496958 546346 496958 546346 586910 655390 586910 655390
495143 515448 495143 515448 556108 658426 556108 658426
483804 517593 483804 517593 544623 659558 544623 659558
476150 519040 476150 519040 538933 664877 538933 664877
466733 506115 466733 506115 527251 675798 527251 675798
493601 496793 493601 496793 506476 695220 506476 695220
496783 498865 496783 498865 503702 697813 503702 697813
499408 493872 499408 493872 499581 701665 499581 701665
507196 487385 507196 487385 492177 708587 492177 708587
507430 484928 507430 484928 490374 710272 490374 710272
509454 463643 509454 463643 497858 730301 497858 730301
504979 458272 504979 458272 500305 736849 500305 736849
504667 452241 504667 452241 502419 742506 502419 742506
501235 442814 501235 442814 505930 751904 505930 751904
505601 434447 505601 434447 509234 760745 509234 760745
507706 430412 507706 430412 505957 763903 505957 763903
516806 430218 516806 430218 499403 770218 499403 770218
512270 413169 512270 413169 486699 782460 486699 782460
491406 405248 491406 405248 470628 797945 470628 797945
484935 402792 484935 402792 466192 792632 466192 792632
463074 401039 463074 401039 452136 775798 452136 775798
480835 411753 480835 411753 438842 759876 438842 759876
480365 428819 480365 428819 427899 746771 427899 746771
480818 450426 480818 450426 414048 730182 414048 730182
480892 453982 480892 453982 410495 730352 410495 730352
466992 477108 466992 477108 383544 731639 383544 731639
457115 477075 457115 477075 373678 732110 373678 732110
450805 497328 450805 497328 352489 733122 352489 733122
446712 501305 446712 501305 346789 733394 346789 733394
445520 500472 445520 500472 345336 733463 345336 733463
448672 517881 448672 517881 327664 734307 327664 734307
450709 525947 450709 525947 319354 734704 319354 734704
455317 544196 455317 544196 302842 743737 302842 743737
448505 553134 448505 553134 292983 749131 292983 749131
446420 568503 446420 568503 279376 756575 279376 756575
431900 568033 431900 568033 266631 763547 266631 763547
427291 582967 427291 582967 252920 771049 252920 771049
414820 585868 414820 585868 241687 777194 241687 777194
400000 600000 400000 600000 223722 787022 223722 787022
407948 574154 407948 574154 200000 800000 200000 800000
416778 545439 416778 545439 224346 782398 224346 782398
412787 542845 412787 542845 228203 779609 228203 779609
400331 533551 400331 533551 240797 770503 240797 770503
423271 524428 423271 524428 260803 756038 260803 756038
433672 513858 433672 513858 272820 747349 272820 747349
418898 508862 418898 508862 285459 738211 285459 738211
405416 510177 405416 510177 296436 730274 296436 730274
400912 486676 400912 486676 315827 716254 315827 716254
400205 482984 400205 482984 315677 712498 315677 712498
401081 448770 401081 448770 314312 678300 314312 678300
400886 445697 400886 445697 314189 675223 314189 675223
400574 440774 400574 440774 316580 670909 316580 670909
404931 433668 404931 433668 320622 663619 320622 663619
411741 436988 411741 436988 324295 656992 324295 656992
420171 441098 420171 441098 323616 647639 323616 647639
421999 434047 421999 434047 323089 640374 323089 640374
428163 432863 428163 432863 322635 634113 322635 634113
446755 429294 446755 429294 303747 632837 303747 632837
450341 424827 450341 424827 298032 632451 298032 632451
436848 415830 436848 415830 281851 631358 281851 631358
408710 407576 408710 407576 252594 629381 252594 629381
404921 406465 404921 406465 253688 625587 253688 625587
401910 404680 401910 404680 254657 622224 254657 622224
400000 400000 400000 400000 256057 617367 256057 617367
400000 400000 400000 400000 263592 591224 263592 591224
400000 400000 400000 400000 270782 593550 270782 593550
400000 400000 400000 400000 321529 595581 321529 595581
400000 400000 400000 400000 340791 593598 340791 593598
400000 400000 400000 400000 382016 547648 382016 547648
400000 400000 400000 400000 306033 557166 306033 557166
400000 400000 400000 400000 235222 519939 235222 519939
400000 400000 400000 400000 215542 509593 215542 509593
400000 400000 400000 400000 211305 490241 211305 490241
400000 400000 400000 400000 227867 411974 227867 411974
400000 400000 400000 400000 232924 388079 232924 388079
400000 400000 400000 400000 266539 448037 266539 448037
400000 400000 400000 400000 324686 429540 324686 429540
400000 400000 400000 400000 340112 479624 340112 479624
400000 400000 400000 400000 369045 465433 369045 465433
400000 400000 400000 400000 389679 388140 389679 388140
400000 400000 400000 400000 390223 386101 390223 386101
400000 400000 400000 400000 386561 322301 386561 322301
400000 400000 400000 400000 418458 331108 418458 331108
400000 400000 400000 400000 489449 342911 489449 342911
400000 400000 400000 400000 549527 371031 549527 371031
400000 400000 400000 400000 547510 388135 547510 388135
400000 400000 400000 400000 563329 391125 563329 391125
400000 400000 400000 400000 612080 446463 612080 446463
400000 400000 400000 400000 613943 464456 613943 464456
400000 400000 400000 400000 611194 468989 611194 468989
400000 400000 400000 400000 646562 492352 646562 492352
400000 400000 400000 400000 654422 502817 654422 502817
400000 400000 400000 400000 668113 514120 668113 514120
400000 400000 400000 400000 670608 503992 670608 503992
400000 400000 400000 400000 683526 502838 683526 502838
400000 400000 400000 400000 678504 462881 678504 462881
400000 400000 400000 400000 737219 515379 737219 515379
400000 400000 400000 400000 787886 538031 787886 538031
400000 400000 400000 400000 739153 490880 739153 490880
400000 400000 400000 400000 725842 444972 725842 444972
400000 400000 400000 400000 737231 438656 737231 438656
400000 400000 400000 400000 763841 411244 763841 411244
400000 400000 400000 400000 786966 402385 786966 402385
400000 400000 400000 400000 787939 354593 787939 354593
400000 400000 400000 400000 764345 319038 764345 319038
400000 400000 400000 400000 777679 268889 777679 268889
400000 400000 400000 400000 800000 200000 800000 200000
400000 400000 400000 400000 730681 239936 730681 239936
400000 400000 400000 400000 721766 245072 721766 245072
400000 400000 400000 400000 664995 273958 664995 273958
400000 400000 400000 400000 665491 293388 665491 293388
400000 400000 400000 400000 668130 295731 668130 295731
400000 400000 400000 400000 665232 299749 665232 299749
400000 400000 400000 400000 636870 307586 636870 307586
400000 400000 400000 400000 652829 335850 652829 335850
400000 400000 400000 400000 706435 320830 706435 320830
400000 400000 400000 400000 706009 352472 706009 352472
400000 400000 400000 400000 702899 393571 702899 393571
400000 400000 400000 400000 666412 390940 666412 390940
400000 400000 400000 400000 667168 395721 667168 395721
400000 400000 400000 400000 655028 397799 655028 397799
400000 400000 400000 400000 626392 345992 626392 345992
400000 400000 400000 400000 606624 322317 606624 322317
400000 400000 400000 400000 554303 335308 554303 335308
400000 400000 400000 400000 500818 294662 500818 294662
400000 400000 400000 400000 451599 245949 451599 245949
400000 400000 400000 400000 435084 277829 435084 277829
400000 400000 400000 400000 414598 275924 414598 275924
400000 400000 400000 400000 396584 252119 396584 252119
400000 400000 400000 400000 360785 214096 360785 214096
400000 400000 400000 400000 386954 276769 386954 276769
400000 400000 400000 400000 359704 292388 359704 292388
400000 400000 400000 400000 332157 339870 332157 339870
400000 400000 400000 400000 320355 321272 320355 321272
400000 400000 400000 400000 302751 307088 302751 307088
400000 400000 400000 400000 282478 301822 282478 301822
400000 400000 400000 400000 262288 224412 262288 224412
400000 400000 400000 400000 262146 223867 262146 223867
400000 400000 400000 400000 265131 216233 265131 216233
400000 400000 400000 400000 200000 200000 200000 200000
