999999 999999 999999 999999 983417 999999 983417 999999
999998 999999 999998 999999 983418 999998 983418 999998
999999 972470 999999 972470 999999 978023 999999 978023
999999 972469 999999 972469 999998 978023 999998 978023
999999 967035 999999 967035 999998 972589 999998 972589
999998 967035 999998 967035 999998 972588 999998 972588
999999 939506 999999 939506 999999 945059 999999 945059
999999 939505 999999 939505 999998 945059 999998 945059
999999 934071 999999 934071 999998 939625 999998 939625
999998 934071 999998 934071 999998 939624 999998 939624
999999 906542 999999 906542 999999 912095 999999 912095
999999 906541 999999 906541 999998 912095 999998 912095
999999 901107 999999 901107 999998 906661 999998 906661
999998 901107 999998 901107 999998 906660 999998 906660
999999 873578 999999 873578 999999 879131 999999 879131
999999 873577 999999 873577 999998 879131 999998 879131
999999 868143 999999 868143 999998 873697 999998 873697
999998 868143 999998 868143 999998 873696 999998 873696
999999 840614 999999 840614 999999 846167 999999 846167
999999 840613 999999 840613 999998 846167 999998 846167
999999 835179 999999 835179 999998 840733 999998 840733
999998 835179 999998 835179 999998 840732 999998 840732
999999 807650 999999 807650 999999 813203 999999 813203
999999 807649 999999 807649 999998 813203 999998 813203
999999 802215 999999 802215 999998 807769 999998 807769
999998 802215 999998 802215 999998 807768 999998 807768
999999 774686 999999 774686 999999 780239 999999 780239
999999 774685 999999 774685 999998 780239 999998 780239
999999 769251 999999 769251 999998 774805 999998 774805
999998 769251 999998 769251 999998 774804 999998 774804
999999 741722 999999 741722 999999 747275 999999 747275
999999 741721 999999 741721 999998 747275 999998 747275
999999 736287 999999 736287 999998 741841 999998 741841
999998 736287 999998 736287 999998 741840 999998 741840
999999 708758 999999 708758 999999 714311 999999 714311
999999 708757 999999 708757 999998 714311 999998 714311
999999 703323 999999 703323 999998 708877 999998 708877
999998 703323 999998 703323 999998 708876 999998 708876
999999 675794 999999 675794 999999 681347 999999 681347
999999 675793 999999 675793 999998 681347 999998 681347
999999 670359 999999 670359 999998 675913 999998 675913
999998 670359 999998 670359 999998 675912 999998 675912
999999 642830 999999 642830 999999 648383 999999 648383
999999 642829 999999 642829 999998 648383 999998 648383
999999 637395 999999 637395 999998 642949 999998 642949
999998 637395 999998 637395 999998 642948 999998 642948
999999 609866 999999 609866 999999 615419 999999 615419
999999 609865 999999 609865 999998 615419 999998 615419
999999 604431 999999 604431 999998 609985 999998 609985
999998 604431 999998 604431 999998 609984 999998 609984
999999 576902 999999 576902 999999 582455 999999 582455
999999 576901 999999 576901 999998 582455 999998 582455
999999 571467 999999 571467 999998 577021 999998 577021
999998 571467 999998 571467 999998 577020 999998 577020
999999 543938 999999 543938 999999 549491 999999 549491
999999 543937 999999 543937 999998 549491 999998 549491
999999 538503 999999 538503 999998 544057 999998 544057
999998 538503 999998 538503 999998 544056 999998 544056
999999 510974 999999 510974 999999 516527 999999 516527
999999 510973 999999 510973 999998 516527 999998 516527
999999 505539 999999 505539 999998 511093 999998 511093
999998 505539 999998 505539 999998 511092 999998 511092
999999 478010 999999 478010 999999 483563 999999 483563
999999 478009 999999 478009 999998 483563 999998 483563
999999 472575 999999 472575 999998 478129 999998 478129
999998 472575 999998 472575 999998 478128 999998 478128
999999 445046 999999 445046 999999 450599 999999 450599
999999 445045 999999 445045 999998 450599 999998 450599
999999 439611 999999 439611 999998 445165 999998 445165
999998 439611 999998 439611 999998 445164 999998 445164
999999 412082 999999 412082 999999 417635 999999 417635
999999 412081 999999 412081 999998 417635 999998 417635
999999 406647 999999 406647 999998 412201 999998 412201
999998 406647 999998 406647 999998 412200 999998 412200
999999 379118 999999 379118 999999 384671 999999 384671
999999 379117 999999 379117 999998 384671 999998 384671
999999 373683 999999 373683 999998 379237 999998 379237
999998 373683 999998 373683 999998 379236 999998 379236
999999 346154 999999 346154 999999 351707 999999 351707
999999 346153 999999 346153 999998 351707 999998 351707
999999 340719 999999 340719 999998 346273 999998 346273
999998 340719 999998 340719 999998 346272 999998 346272
999999 313190 999999 313190 999999 318743 999999 318743
999999 313189 999999 313189 999998 318743 999998 318743
999999 307755 999999 307755 999998 313309 999998 313309
999998 307755 999998 307755 999998 313308 999998 313308
999999 280226 999999 280226 999999 285779 999999 285779
999999 280225 999999 280225 999998 285779 999998 285779
999999 274791 999999 274791 999998 280345 999998 280345
999998 274791 999998 274791 999998 280344 999998 280344
999999 247262 999999 247262 999999 252815 999999 252815
999999 247261 999999 247261 999998 252815 999998 252815
999999 241827 999999 241827 999998 247381 999998 247381
999998 241827 999998 241827 999998 247380 999998 247380
999999 214298 999999 214298 999999 219851 999999 219851
999999 214297 999999 214297 999998 219851 999998 219851
999999 208863 999999 208863 999998 214417 999998 214417
999998 208863 999998 208863 999998 214416 999998 214416
999999 181334 999999 181334 999999 186887 999999 186887
999999 181333 999999 181333 999998 186887 999998 186887
999999 175899 999999 175899 999998 181453 999998 181453
999998 175899 999998 175899 999998 181452 999998 181452
999999 148370 999999 148370 999999 153923 999999 153923
999999 148369 999999 148369 999998 153923 999998 153923
999999 142935 999999 142935 999998 148489 999998 148489
999998 142935 999998 142935 999998 148488 999998 148488
999999 115406 999999 115406 999999 120959 999999 120959
999999 115405 999999 115405 999998 120959 999998 120959
999999 109971 999999 109971 999998 115525 999998 115525
999998 109971 999998 109971 999998 115524 999998 115524
999999 82442 999999 82442 999999 87995 999999 87995
999999 82441 999999 82441 999998 87995 999998 87995
999999 77007 999999 77007 999998 82561 999998 82561
999998 77007 999998 77007 999998 82560 999998 82560
999999 49478 999999 49478 999999 55031 999999 55031
999999 49477 999999 49477 999998 55031 999998 55031
999999 44043 999999 44043 999998 49597 999998 49597
999046 71557 999046 71557 999999 22067 999999 22067
996277 151509 996277 151509 996617 101995 996617 101995
993508 231461 993508 231461 993236 181924 993236 181924
990739 311413 990739 311413 989854 261852 989854 261852
987969 391365 987969 391365 986473 341781 986473 341781
985200 471317 985200 471317 983091 421709 983091 421709
982431 551269 982431 551269 979709 501638 979709 501638
979662 631221 979662 631221 976328 581566 976328 581566
976893 711173 976893 711173 972946 661495 972946 661495
974123 791125 974123 791125 969565 741423 969565 741423
971354 871077 971354 871077 966183 821352 966183 821352
968585 951029 968585 951029 962802 901280 962802 901280
966889 999999 966889 999999 960730 950236 960730 950236
966890 999999 966890 999999 960730 950237 960730 950237
942097 999999 942097 999999 959682 975008 959682 975008
942098 999999 942098 999999 959682 975009 959682 975009
917305 999999 917305 999999 958634 999779 958634 999779
917306 999999 917306 999999 958634 999780 958634 999780
917087 999999 917087 999999 958625 999999 958625 999999
917086 999999 917086 999999 958626 999999 958626 999999
892513 999999 892513 999999 934053 999999 934053 999999
892514 999999 892514 999999 934052 999999 934052 999999
892295 999999 892295 999999 933833 999999 933833 999999
892294 999999 892294 999999 933834 999999 933834 999999
867721 999999 867721 999999 909261 999999 909261 999999
867722 999999 867722 999999 909260 999999 909260 999999
867503 999999 867503 999999 909041 999999 909041 999999
867502 999999 867502 999999 909042 999999 909042 999999
842929 999999 842929 999999 884469 999999 884469 999999
842930 999999 842930 999999 884468 999999 884468 999999
842711 999999 842711 999999 884249 999999 884249 999999
842710 999999 842710 999999 884250 999999 884250 999999
818137 999999 818137 999999 859677 999999 859677 999999
818138 999999 818138 999999 859676 999999 859676 999999
817919 999999 817919 999999 859457 999999 859457 999999
817918 999999 817918 999999 859458 999999 859458 999999
793345 999999 793345 999999 834885 999999 834885 999999
793346 999999 793346 999999 834884 999999 834884 999999
793127 999999 793127 999999 834665 999999 834665 999999
793126 999999 793126 999999 834666 999999 834666 999999
768553 999999 768553 999999 810093 999999 810093 999999
768554 999999 768554 999999 810092 999999 810092 999999
768335 999999 768335 999999 809873 999999 809873 999999
768334 999999 768334 999999 809874 999999 809874 999999
743761 999999 743761 999999 785301 999999 785301 999999
743762 999999 743762 999999 785300 999999 785300 999999
743543 999999 743543 999999 785081 999999 785081 999999
743542 999999 743542 999999 785082 999999 785082 999999
718969 999999 718969 999999 760509 999999 760509 999999
718970 999999 718970 999999 760508 999999 760508 999999
718751 999999 718751 999999 760289 999999 760289 999999
718750 999999 718750 999999 760290 999999 760290 999999
694177 999999 694177 999999 735717 999999 735717 999999
694178 999999 694178 999999 735716 999999 735716 999999
693959 999999 693959 999999 735497 999999 735497 999999
693958 999999 693958 999999 735498 999999 735498 999999
669385 999999 669385 999999 710925 999999 710925 999999
669386 999999 669386 999999 710924 999999 710924 999999
669167 999999 669167 999999 710705 999999 710705 999999
669166 999999 669166 999999 710706 999999 710706 999999
644593 999999 644593 999999 686133 999999 686133 999999
644594 999999 644594 999999 686132 999999 686132 999999
644375 999999 644375 999999 685913 999999 685913 999999
644374 999999 644374 999999 685914 999999 685914 999999
619801 999999 619801 999999 661341 999999 661341 999999
619802 999999 619802 999999 661340 999999 661340 999999
619583 999999 619583 999999 661121 999999 661121 999999
619582 999999 619582 999999 661122 999999 661122 999999
595009 999999 595009 999999 636549 999999 636549 999999
595010 999999 595010 999999 636548 999999 636548 999999
594791 999999 594791 999999 636329 999999 636329 999999
594790 999999 594790 999999 636330 999999 636330 999999
570217 999999 570217 999999 611757 999999 611757 999999
570218 999999 570218 999999 611756 999999 611756 999999
569999 999999 569999 999999 611537 999999 611537 999999
569998 999999 569998 999999 611538 999999 611538 999999
545425 999999 545425 999999 586965 999999 586965 999999
545426 999999 545426 999999 586964 999999 586964 999999
545207 999999 545207 999999 586745 999999 586745 999999
545206 999999 545206 999999 586746 999999 586746 999999
520633 999999 520633 999999 562173 999999 562173 999999
520634 999999 520634 999999 562172 999999 562172 999999
520415 999999 520415 999999 561953 999999 561953 999999
520414 999999 520414 999999 561954 999999 561954 999999
495841 999999 495841 999999 537381 999999 537381 999999
495842 999999 495842 999999 537380 999999 537380 999999
495623 999999 495623 999999 537161 999999 537161 999999
495622 999999 495622 999999 537162 999999 537162 999999
471049 999999 471049 999999 512589 999999 512589 999999
471050 999999 471050 999999 512588 999999 512588 999999
470831 999999 470831 999999 512369 999999 512369 999999
470830 999999 470830 999999 512370 999999 512370 999999
446257 999999 446257 999999 487797 999999 487797 999999
446258 999999 446258 999999 487796 999999 487796 999999
446039 999999 446039 999999 487577 999999 487577 999999
446038 999999 446038 999999 487578 999999 487578 999999
421465 999999 421465 999999 463005 999999 463005 999999
421466 999999 421466 999999 463004 999999 463004 999999
421247 999999 421247 999999 462785 999999 462785 999999
421246 999999 421246 999999 462786 999999 462786 999999
396673 999999 396673 999999 438213 999999 438213 999999
396674 999999 396674 999999 438212 999999 438212 999999
396455 999999 396455 999999 437993 999999 437993 999999
396454 999999 396454 999999 437994 999999 437994 999999
371881 999999 371881 999999 413421 999999 413421 999999
371882 999999 371882 999999 413420 999999 413420 999999
371663 999999 371663 999999 413201 999999 413201 999999
371662 999999 371662 999999 413202 999999 413202 999999
347089 999999 347089 999999 388629 999999 388629 999999
347090 999999 347090 999999 388628 999999 388628 999999
346871 999999 346871 999999 388409 999999 388409 999999
346870 999999 346870 999999 388410 999999 388410 999999
322297 999999 322297 999999 363837 999999 363837 999999
322298 999999 322298 999999 363836 999999 363836 999999
322079 999999 322079 999999 363617 999999 363617 999999
322078 999999 322078 999999 363618 999999 363618 999999
297505 999999 297505 999999 339045 999999 339045 999999
297506 999999 297506 999999 339044 999999 339044 999999
297287 999999 297287 999999 338825 999999 338825 999999
297286 999999 297286 999999 338826 999999 338826 999999
272713 999999 272713 999999 314253 999999 314253 999999
272714 999999 272714 999999 314252 999999 314252 999999
272495 999999 272495 999999 314033 999999 314033 999999
272494 999999 272494 999999 314034 999999 314034 999999
247921 999999 247921 999999 289461 999999 289461 999999
247922 999999 247922 999999 289460 999999 289460 999999
247703 999999 247703 999999 289241 999999 289241 999999
247702 999999 247702 999999 289242 999999 289242 999999
223129 999999 223129 999999 264669 999999 264669 999999
223130 999999 223130 999999 264668 999999 264668 999999
222911 999999 222911 999999 264449 999999 264449 999999
222910 999999 222910 999999 264450 999999 264450 999999
198337 999999 198337 999999 239877 999999 239877 999999
198338 999999 198338 999999 239876 999999 239876 999999
198119 999999 198119 999999 239657 999999 239657 999999
198118 999999 198118 999999 239658 999999 239658 999999
173545 999999 173545 999999 215085 999999 215085 999999
173546 999999 173546 999999 215084 999999 215084 999999
173327 999999 173327 999999 214865 999999 214865 999999
173326 999999 173326 999999 214866 999999 214866 999999
148753 999999 148753 999999 190293 999999 190293 999999
148754 999999 148754 999999 190292 999999 190292 999999
148535 999999 148535 999999 190073 999999 190073 999999
148534 999999 148534 999999 190074 999999 190074 999999
123961 999999 123961 999999 165501 999999 165501 999999
123962 999999 123962 999999 165500 999999 165500 999999
123743 999999 123743 999999 165281 999999 165281 999999
123742 999999 123742 999999 165282 999999 165282 999999
99169 999999 99169 999999 140709 999999 140709 999999
99170 999999 99170 999999 140708 999999 140708 999999
98951 999999 98951 999999 140489 999999 140489 999999
98950 999999 98950 999999 140490 999999 140490 999999
74377 999999 74377 999999 115917 999999 115917 999999
74378 999999 74378 999999 115916 999999 115916 999999
74159 999999 74159 999999 115697 999999 115697 999999
74158 999999 74158 999999 115698 999999 115698 999999
49585 999999 49585 999999 91125 999999 91125 999999
49586 999999 49586 999999 91124 999999 91124 999999
49367 999999 49367 999999 90905 999999 90905 999999
49366 999999 49366 999999 90906 999999 90906 999999
24793 999999 24793 999999 66333 999999 66333 999999
24794 999999 24794 999999 66332 999999 66332 999999
24575 999999 24575 999999 66113 999999 66113 999999
24574 999999 24574 999999 66114 999999 66114 999999
1 999999 1 999999 41541 999999 41541 999999
2 999999 2 999999 41540 999999 41540 999999
2 999780 2 999780 41321 999999 41321 999999
2 999779 2 999779 41322 999999 41322 999999
1 974986 1 974986 16529 999999 16529 999999
1 955957 1 955957 5121 984768 5121 984768
2 955957 2 955957 5120 984768 5120 984768
2 947418 2 947418 1 977933 1 977933
2 947417 2 947417 2 977933 2 977933
1 922993 1 922993 1 953509 1 953509
2 922993 2 922993 1 953508 1 953508
2 914454 2 914454 1 944969 1 944969
2 914453 2 914453 2 944969 2 944969
1 890029 1 890029 1 920545 1 920545
2 890029 2 890029 1 920544 1 920544
2 881490 2 881490 1 912005 1 912005
2 881489 2 881489 2 912005 2 912005
1 857065 1 857065 1 887581 1 887581
2 857065 2 857065 1 887580 1 887580
2 848526 2 848526 1 879041 1 879041
2 848525 2 848525 2 879041 2 879041
1 824101 1 824101 1 854617 1 854617
2 824101 2 824101 1 854616 1 854616
2 815562 2 815562 1 846077 1 846077
2 815561 2 815561 2 846077 2 846077
1 791137 1 791137 1 821653 1 821653
2 791137 2 791137 1 821652 1 821652
2 782598 2 782598 1 813113 1 813113
2 782597 2 782597 2 813113 2 813113
1 758173 1 758173 1 788689 1 788689
2 758173 2 758173 1 788688 1 788688
2 749634 2 749634 1 780149 1 780149
2 749633 2 749633 2 780149 2 780149
1 725209 1 725209 1 755725 1 755725
2 725209 2 725209 1 755724 1 755724
2 716670 2 716670 1 747185 1 747185
2 716669 2 716669 2 747185 2 747185
1 692245 1 692245 1 722761 1 722761
2 692245 2 692245 1 722760 1 722760
2 683706 2 683706 1 714221 1 714221
2 683705 2 683705 2 714221 2 714221
1 659281 1 659281 1 689797 1 689797
2 659281 2 659281 1 689796 1 689796
2 650742 2 650742 1 681257 1 681257
2 650741 2 650741 2 681257 2 681257
1 626317 1 626317 1 656833 1 656833
2 626317 2 626317 1 656832 1 656832
2 617778 2 617778 1 648293 1 648293
2 617777 2 617777 2 648293 2 648293
1 593353 1 593353 1 623869 1 623869
2 593353 2 593353 1 623868 1 623868
2 584814 2 584814 1 615329 1 615329
2 584813 2 584813 2 615329 2 615329
1 560389 1 560389 1 590905 1 590905
2 560389 2 560389 1 590904 1 590904
2 551850 2 551850 1 582365 1 582365
2 551849 2 551849 2 582365 2 582365
1 527425 1 527425 1 557941 1 557941
2 527425 2 527425 1 557940 1 557940
2 518886 2 518886 1 549401 1 549401
2 518885 2 518885 2 549401 2 549401
1 494461 1 494461 1 524977 1 524977
2 494461 2 494461 1 524976 1 524976
2 485922 2 485922 1 516437 1 516437
2 485921 2 485921 2 516437 2 516437
1 461497 1 461497 1 492013 1 492013
2 461497 2 461497 1 492012 1 492012
2 452958 2 452958 1 483473 1 483473
2 452957 2 452957 2 483473 2 483473
1 428533 1 428533 1 459049 1 459049
2 428533 2 428533 1 459048 1 459048
2 419994 2 419994 1 450509 1 450509
2 419993 2 419993 2 450509 2 450509
1 395569 1 395569 1 426085 1 426085
2 395569 2 395569 1 426084 1 426084
2 387030 2 387030 1 417545 1 417545
2 387029 2 387029 2 417545 2 417545
1 362605 1 362605 1 393121 1 393121
2 362605 2 362605 1 393120 1 393120
2 354066 2 354066 1 384581 1 384581
2 354065 2 354065 2 384581 2 384581
1 329641 1 329641 1 360157 1 360157
2 329641 2 329641 1 360156 1 360156
2 321102 2 321102 1 351617 1 351617
2 321101 2 321101 2 351617 2 351617
1 296677 1 296677 1 327193 1 327193
2 296677 2 296677 1 327192 1 327192
2 288138 2 288138 1 318653 1 318653
2 288137 2 288137 2 318653 2 318653
1 263713 1 263713 1 294229 1 294229
2 263713 2 263713 1 294228 1 294228
2 255174 2 255174 1 285689 1 285689
2 255173 2 255173 2 285689 2 285689
1 230749 1 230749 1 261265 1 261265
2 230749 2 230749 1 261264 1 261264
2 222210 2 222210 1 252725 1 252725
2 222209 2 222209 2 252725 2 252725
1 197785 1 197785 1 228301 1 228301
2 197785 2 197785 1 228300 1 228300
2 189246 2 189246 1 219761 1 219761
2 189245 2 189245 2 219761 2 219761
1 164821 1 164821 1 195337 1 195337
2 164821 2 164821 1 195336 1 195336
2 156282 2 156282 1 186797 1 186797
2 156281 2 156281 2 186797 2 186797
1 131857 1 131857 1 162373 1 162373
2 131857 2 131857 1 162372 1 162372
2 123318 2 123318 1 153833 1 153833
2 123317 2 123317 2 153833 2 153833
1 98893 1 98893 1 129409 1 129409
2 98893 2 98893 1 129408 1 129408
2 90354 2 90354 1 120869 1 120869
2 90353 2 90353 2 120869 2 120869
1 65929 1 65929 1 96445 1 96445
2 65929 2 65929 1 96444 1 96444
2 57390 2 57390 1 87905 1 87905
2 57389 2 57389 2 87905 2 87905
1 32965 1 32965 1 63481 1 63481
2 32965 2 32965 1 63480 1 63480
2 24426 2 24426 1 54941 1 54941
2 24425 2 24425 2 54941 2 54941
1 1 1 1 1 30517 1 30517
1 1 1 1 1 21977 1 21977
