869196 382948 869196 382948 149438 213957 149438 213957
872405 405303 872405 405303 171439 219056 171439 219056
854465 457920 854465 457920 225595 231606 225595 231606
850297 470146 850297 470146 222954 244250 222954 244250
835534 437056 835534 437056 215544 279718 215544 279718
830061 424788 830061 424788 208225 290983 208225 290983
828255 414509 828255 414509 202539 299735 202539 299735
826301 403389 826301 403389 191586 296998 191586 296998
827517 366176 827517 366176 155464 287971 155464 287971
828103 348223 828103 348223 159236 305533 159236 305533
797789 354323 797789 354323 165730 335765 165730 335765
767663 384448 767663 384448 174677 377419 174677 377419
773673 387762 773673 387762 176119 384129 176119 384129
795972 410907 795972 410907 182868 415552 182868 415552
798744 414652 798744 414652 183847 420107 183847 420107
769722 426277 769722 426277 190412 450674 190412 450674
760178 471780 760178 471780 200176 496130 200176 496130
736492 476223 736492 476223 205237 519692 205237 519692
710814 480808 710814 480808 210715 545194 210715 545194
714820 465731 714820 465731 213991 560446 213991 560446
695922 448159 695922 448159 219410 585676 219410 585676
645709 452591 645709 452591 229996 634960 229996 634960
675656 430594 675656 430594 237800 671289 237800 671289
708989 375499 708989 375499 251323 734247 251323 734247
711734 370961 711734 370961 250480 739483 250480 739483
703026 372051 703026 372051 249085 748147 249085 748147
629465 365120 629465 365120 237338 821094 237338 821094
587696 361185 587696 361185 253703 782463 253703 782463
577854 316146 577854 316146 271687 740013 271687 740013
560775 237990 560775 237990 342744 703258 342744 703258
559245 230987 559245 230987 349111 699965 349111 699965
562121 225891 562121 225891 354308 697276 354308 697276
519567 217233 519567 217233 392879 677325 392879 677325
506809 214637 506809 214637 395751 690024 395751 690024
506781 252070 506781 252070 404010 726534 404010 726534
487010 288974 487010 288974 413247 767369 413247 767369
482289 297787 482289 297787 422394 771405 422394 771405
426831 268018 426831 268018 479981 796812 479981 796812
456954 250732 456954 250732 511756 810831 511756 810831
466394 245315 466394 245315 517944 801877 517944 801877
476953 216278 476953 216278 535511 776460 535511 776460
475835 212633 475835 212633 537679 773323 537679 773323
466870 210818 466870 210818 542879 765799 542879 765799
499749 169169 499749 169169 573049 722147 573049 722147
450631 161746 450631 161746 601292 681281 601292 681281
450328 135408 450328 135408 616268 659613 616268 659613
442400 124184 442400 124184 624081 648309 624081 648309
428041 136561 428041 136561 634859 632714 634859 632714
421638 142080 421638 142080 642630 636042 642630 636042
410575 140554 410575 140554 652896 640438 652896 640438
382943 136744 382943 136744 653141 612546 653141 612546
363433 134054 363433 134054 665438 597162 665438 597162
351343 132387 351343 132387 653375 599015 653375 599015
359801 153045 359801 153045 631312 602405 631312 602405
359027 167713 359027 167713 616794 604636 616794 604636
356663 212504 356663 212504 579879 579157 579879 579157
353740 267903 353740 267903 620084 540932 620084 540932
352645 288644 352645 288644 639926 547069 639926 547069
356137 299307 356137 299307 650645 550385 650645 550385
363467 321686 363467 321686 672990 557817 672990 557817
365520 327955 365520 327955 679489 556681 679489 556681
373916 353591 373916 353591 704269 546021 704269 546021
388070 396806 388070 396806 674239 511874 674239 511874
391195 406347 391195 406347 664276 513120 664276 513120
396759 439998 396759 439998 630432 517353 630432 517353
400408 462070 400408 462070 640306 497279 640306 497279
412051 532488 412051 532488 649241 426466 649241 426466
450979 553052 450979 553052 654753 382787 654753 382787
455812 559819 455812 559819 655794 374536 655794 374536
480371 580036 480371 580036 659776 342977 659776 342977
489520 597297 489520 597297 662222 323595 662222 323595
502398 589078 502398 589078 664134 308438 664134 308438
522370 576332 522370 576332 679149 290110 679149 290110
532206 571337 532206 571337 686140 281577 686140 281577
561031 556700 561031 556700 684538 249288 684538 249288
574980 549617 574980 549617 669028 247241 669028 247241
589535 542226 589535 542226 652880 249633 652880 249633
633562 549330 633562 549330 608765 256168 608765 256168
686608 557890 686608 557890 655703 230015 655703 230015
705388 574028 705388 574028 677333 217963 677333 217963
715085 582362 715085 582362 678318 205215 678318 205215
716015 574716 716015 574716 678911 197535 678911 197535
716925 567237 716925 567237 675438 190850 675438 190850
713293 548235 713293 548235 666518 173682 666518 173682
710699 534665 710699 534665 654124 179786 654124 179786
709081 526202 709081 526202 649651 187150 649651 187150
707861 519818 707861 519818 650405 180695 650405 180695
716718 526499 716718 526499 651693 169675 651693 169675
745646 548321 745646 548321 652628 133452 652628 133452
752196 541848 752196 541848 652866 124246 652866 124246
766073 528136 766073 528136 661193 141889 661193 141889
790540 538751 790540 538751 672576 166008 672576 166008
808855 546697 808855 546697 692501 167256 692501 167256
809231 558283 809231 558283 704071 167980 704071 167980
810522 560890 810522 560890 706974 168162 706974 168162
816691 573348 816691 573348 704989 181921 704989 181921
832567 566852 832567 566852 702540 198899 702540 198899
844189 562097 844189 562097 707482 210443 707482 210443
862793 571842 862793 571842 715746 229750 715746 229750
854255 579080 854255 579080 720151 240040 720151 240040
845456 586540 845456 586540 708934 242736 708934 242736
841373 590001 841373 590001 706758 247626 706758 247626
829905 598696 829905 598696 700906 260774 700906 260774
806889 616146 806889 616146 728078 270568 728078 270568
784455 633154 784455 633154 716873 296394 716873 296394
782806 634404 782806 634404 716309 298385 716309 298385
761668 644781 761668 644781 709886 321040 709886 321040
738681 656066 738681 656066 735374 323510 735374 323510
727382 661613 727382 661613 742896 333602 742896 333602
704887 672656 704887 672656 748510 309179 748510 309179
679022 685354 679022 685354 775659 318832 775659 318832
670248 689661 670248 689661 783342 324874 783342 324874
659118 689475 659118 689475 792091 331756 792091 331756
579129 688138 579129 688138 775394 409994 775394 409994
499140 686802 499140 686802 758697 488232 758697 488232
473907 686380 473907 686380 753430 512914 753430 512914
477854 678048 477854 678048 751506 521930 751506 521930
483205 666753 483205 666753 749198 534214 749198 534214
467748 639844 467748 639844 743468 564713 743468 564713
452317 631997 452317 631997 740272 581727 740272 581727
441626 626560 441626 626560 751500 585945 751500 585945
434570 630745 434570 630745 759179 588829 759179 588829
427926 619224 427926 619224 771629 593506 771629 593506
424325 612980 424325 612980 778837 593605 778837 593605
416363 599175 416363 599175 784814 608378 784814 608378
407469 583752 407469 583752 802491 606257 802491 606257
407137 583177 407137 583177 802804 605671 802804 605671
397724 577159 397724 577159 808064 595815 808064 595815
397386 577624 397386 577624 808335 595308 808335 595308
386532 592577 386532 592577 814018 577727 814018 577727
380555 588716 380555 588716 816207 570956 816207 570956
361605 576478 361605 576478 793734 572915 793734 572915
360642 575856 360642 575856 792846 572191 792846 572191
354848 572114 354848 572114 785953 572441 785953 572441
347046 567075 347046 567075 786769 563189 786769 563189
346702 561799 346702 561799 787233 557922 787233 557922
346119 552859 346119 552859 795986 559833 795986 559833
345665 545886 345665 545886 796747 552887 796747 552887
345281 539999 345281 539999 800913 548710 800913 548710
326132 563111 326132 563111 822108 527458 822108 527458
316593 574625 316593 574625 825475 542026 825475 542026
297582 597570 297582 597570 842204 566684 842204 566684
282038 616331 282038 616331 850242 543685 850242 543685
279372 619549 279372 619549 854090 542055 854090 542055
281645 621485 281645 621485 856839 540890 856839 540890
302578 639315 302578 639315 879947 555794 879947 555794
322703 656457 322703 656457 870729 580571 870729 580571
332745 665010 332745 665010 868333 593542 868333 593542
371314 631847 371314 631847 859092 643562 859092 643562
374909 646251 374909 646251 856395 658161 856395 658161
384011 682717 384011 682717 832462 629181 832462 629181
387847 698084 387847 698084 820868 618391 820868 618391
390123 707202 390123 707202 817350 627106 817350 627106
387167 711978 387167 711978 815248 632314 815248 632314
385901 714023 385901 714023 813821 634250 813821 634250
386307 713894 386307 713894 813568 634593 813568 634593
399786 709598 399786 709598 806229 622498 806229 622498
409533 706492 409533 706492 796002 622730 796002 622730
410141 710732 410141 710732 791720 622827 791720 622827
411685 721502 411685 721502 794557 633331 794557 633331
412124 724566 412124 724566 797347 634672 797347 634672
412832 729504 412832 729504 797336 639660 797336 639660
415503 743419 415503 743419 797303 653829 797303 653829
417204 752282 417204 752282 796471 662815 796471 662815
420336 774395 420336 774395 794412 685054 794412 685054
421679 783878 421679 783878 791660 694228 791660 694228
423016 793312 423016 793312 788458 703202 788458 703202
424018 800388 424018 800388 788889 696068 788889 696068
412276 815974 412276 815974 790065 676590 790065 676590
408647 820789 408647 820789 787397 671183 787397 671183
406865 823155 406865 823155 786475 668368 786475 668368
406698 833863 406698 833863 783141 658191 783141 658191
394596 819030 394596 819030 777182 639999 777182 639999
391589 815344 391589 815344 774660 635965 774660 635965
384469 806618 384469 806618 768485 626546 768485 626546
385513 795842 385513 795842 762549 617492 762549 617492
386688 783709 386688 783709 751379 612613 751379 612613
384435 783138 384435 783138 749249 611683 749249 611683
346134 773438 346134 773438 709776 613399 709776 613399
350309 789829 350309 789829 692877 614134 692877 614134
358993 823926 358993 823926 699854 648620 699854 648620
364381 832173 364381 832173 701807 658276 701807 658276
371993 843823 371993 843823 715224 661969 715224 661969
380507 856853 380507 856853 728265 653472 728265 653472
384075 862314 384075 862314 724301 658653 724301 658653
384344 862726 384344 862726 724034 659066 724034 659066
371295 859188 371295 859188 716690 670418 716690 670418
335506 849483 335506 849483 708424 706567 708424 706567
329818 857404 329818 857404 706250 716073 706250 716073
321755 868635 321755 868635 711255 728961 711255 728961
311865 860578 311865 860578 715872 740852 715872 740852
303395 836555 303395 836555 725093 764597 725093 764597
303229 835979 303229 835979 725310 765156 725310 765156
290166 790756 290166 790756 729557 812036 729557 812036
246290 802953 246290 802953 733666 857390 733666 857390
241564 797171 241564 797171 734340 864827 734340 864827
243309 795721 243309 795721 734545 867087 734545 867087
246318 793222 246318 793222 734545 867087 734545 867087
196608 730541 196608 730541 734545 867087 734545 867087
164203 689680 164203 689680 734545 867087 734545 867087
162790 689397 162790 689397 734545 867087 734545 867087
172101 726081 172101 726081 734545 867087 734545 867087
180986 805586 180986 805586 734545 867087 734545 867087
181117 806754 181117 806754 734545 867087 734545 867087
