897305 319111 897305 319111 105361 229274 105361 229274
870713 353246 870713 353246 146543 215992 146543 215992
845156 343033 845156 343033 172736 207544 172736 207544
837320 339901 837320 339901 174100 215872 174100 215872
788046 362514 788046 362514 182866 269374 182866 269374
750298 368445 750298 368445 189043 307082 189043 307082
749433 366496 749433 366496 189388 309186 189388 309186
738449 341765 738449 341765 213945 320553 213945 320553
735771 318614 735771 318614 235095 330343 235095 330343
707774 307070 707774 307070 262577 343064 262577 343064
707548 306276 707548 306276 263326 343411 263326 343411
703719 292844 703719 292844 261831 357298 261831 357298
740094 290362 740094 290362 257927 393548 257927 393548
746667 289913 746667 289913 254686 399284 254686 399284
766164 304002 766164 304002 242851 420226 242851 420226
773331 309182 773331 309182 243097 429066 243097 429066
775505 302743 775505 302743 243285 435859 243285 435859
769508 296540 769508 296540 243525 444484 243525 444484
769972 294206 769972 294206 243591 446863 243591 446863
771974 284145 771974 284145 233353 446225 233353 446225
772132 283348 772132 283348 232560 446050 232560 446050
785291 279553 785291 279553 219184 443107 219184 443107
793533 277176 793533 277176 212644 437557 212644 437557
796592 291740 796592 291740 201297 427928 201297 427928
797358 300761 797358 300761 194394 422070 194394 422070
797377 300990 797377 300990 194172 422129 194172 422129
812089 303144 812089 303144 179798 425934 179798 425934
829561 305701 829561 305701 193212 437417 193212 437417
837760 306902 837760 306902 188297 444089 188297 444089
840113 307246 840113 307246 188661 446438 188661 446438
846915 291199 846915 291199 191333 463662 191333 463662
847067 290841 847067 290841 190944 463662 190944 463662
861812 282911 861812 282911 174202 463662 174202 463662
859254 282248 859254 282248 171560 463662 171560 463662
840092 277280 840092 277280 157585 449641 157585 449641
820225 254895 820225 254895 136457 428443 136457 428443
806057 240469 806057 240469 122183 414122 122183 414122
799773 244798 799773 244798 116796 408717 116796 408717
795104 248014 795104 248014 113889 413584 113889 413584
777801 202783 777801 202783 89054 455159 89054 455159
771764 200310 771764 200310 85709 460760 85709 460760
740878 187656 740878 187656 86714 494123 86714 494123
736389 213344 736389 213344 87499 520188 87499 520188
735792 222427 735792 222427 87773 529287 87773 529287
714417 212390 714417 212390 88484 552890 88484 552890
712186 211342 712186 211342 90594 551616 90594 551616
700663 204985 700663 204985 101859 544812 101859 544812
680803 172795 680803 172795 134235 525257 134235 525257
640336 198391 640336 198391 175222 500501 175222 500501
634841 201867 634841 201867 181004 503474 181004 503474
591223 245234 591223 245234 235706 531597 235706 531597
576271 245104 576271 245104 249004 538434 249004 538434
554729 244916 554729 244916 255769 517981 255769 517981
527894 244683 527894 244683 266541 493401 266541 493401
470420 244183 470420 244183 308119 453718 308119 453718
466335 244147 466335 244147 310402 450331 310402 450331
417366 232433 417366 232433 338544 408579 338544 408579
401963 208189 401963 208189 354598 384760 354598 384760
360957 143647 360957 143647 333020 311402 333020 311402
328293 157294 328293 157294 323030 277440 323030 277440
271384 181070 271384 181070 324195 215775 324195 215775
231200 250245 231200 250245 325707 135789 325707 135789
227770 256149 227770 256149 325836 128963 325836 128963
204189 296743 204189 296743 344698 171953 344698 171953
280029 271282 280029 271282 376840 245212 376840 245212
295438 266109 295438 266109 383371 260097 383371 260097
302526 320765 302526 320765 405514 310566 405514 310566
315904 348190 315904 348190 417774 338509 417774 338509
328644 374306 328644 374306 422827 367124 422827 367124
349944 364717 349944 364717 426889 390127 426889 390127
368022 356578 368022 356578 446504 387244 446504 387244
369767 355793 369767 355793 447223 385471 447223 385471
366045 329731 366045 329731 457111 361072 457111 361072
361919 300847 361919 300847 479914 379275 479914 379275
361034 299347 361034 299347 481275 380362 481275 380362
348787 278579 348787 278579 475039 357073 475039 357073
341715 266588 341715 266588 481437 344709 481437 344709
358803 260199 358803 260199 489821 328506 489821 328506
361329 259691 361329 259691 491005 326218 491005 326218
373060 257334 373060 257334 502919 325103 502919 325103
384943 272314 384943 272314 521956 323321 521956 323321
405615 284925 405615 284925 546066 321064 546066 321064
418567 292826 418567 292826 536203 332592 536203 332592
417931 309915 417931 309915 525085 345585 525085 345585
417885 311149 417885 311149 524486 346665 524486 346665
430972 306259 430972 306259 517712 358884 517712 358884
439583 303042 439583 303042 520640 367597 520640 367597
447595 300048 447595 300048 529191 367372 529191 367372
447944 317227 447944 317227 546367 366919 546367 366919
448494 344314 448494 344314 573350 369356 573350 369356
475177 327028 475177 327028 605014 372216 605014 372216
480131 323818 480131 323818 607644 377501 607644 377501
491481 300771 491481 300771 619089 400501 619089 400501
496951 289665 496951 289665 631379 401989 631379 401989
559676 318173 559676 318173 699779 410268 699779 410268
565445 333220 565445 333220 715777 412204 715777 412204
587057 338610 587057 338610 737890 414881 737890 414881
614403 345430 614403 345430 725707 440295 725707 440295
627932 358853 627932 358853 717469 457481 717469 457481
692788 399764 692788 399764 684322 526628 684322 526628
707058 405664 707058 405664 677647 540552 677647 540552
746343 421906 746343 421906 644190 514327 644190 514327
757033 434670 757033 434670 631086 504056 631086 504056
769738 453047 769738 453047 613503 490274 613503 490274
737244 477321 737244 477321 581581 465252 581581 465252
737624 480422 737624 480422 579122 463325 579122 463325
738983 491514 738983 491514 588905 457925 588905 457925
710823 495225 710823 495225 613772 444199 613772 444199
707963 494911 707963 494911 616291 442808 616291 442808
707132 500177 707132 500177 620958 440232 620958 440232
706428 504642 706428 504642 616653 438854 616653 438854
690027 505678 690027 505678 601001 433845 601001 433845
657781 507716 657781 507716 588085 404228 588085 404228
629731 509489 629731 509489 560145 401178 560145 401178
607190 515081 607190 515081 537058 398657 537058 398657
583448 520972 583448 520972 515840 410830 515840 410830
571943 523826 571943 523826 505328 416308 505328 416308
566313 525223 566313 525223 499528 416402 499528 416402
593033 530703 593033 530703 472256 416846 472256 416846
647627 541901 647627 541901 488399 470188 488399 470188
648303 541733 648303 541733 488601 470854 488601 470854
665001 537591 665001 537591 495328 486689 495328 486689
694167 538902 694167 538902 506744 513560 506744 513560
700153 535164 700153 535164 509503 520055 509503 520055
717120 524568 717120 524568 516310 538865 516310 538865
719768 526019 719768 526019 517338 541705 517338 541705
736159 535001 736159 535001 500980 550746 500980 550746
789856 567383 789856 567383 446099 581077 446099 581077
784761 566436 784761 566436 441563 583584 441563 583584
755117 560923 755117 560923 433167 612544 433167 612544
732903 570322 732903 570322 426450 635710 426450 635710
712142 578252 712142 578252 420261 657055 420261 657055
676164 591995 676164 591995 381748 656957 381748 656957
683894 596134 683894 596134 372979 656935 372979 656935
686712 598471 686712 598471 369318 656926 369318 656926
707299 615542 707299 615542 367142 683581 367142 683581
697192 639685 697192 639685 365012 709667 365012 709667
688652 660084 688652 660084 345825 720664 345825 720664
706703 678136 706703 678136 323676 733358 323676 733358
713082 684515 713082 684515 330382 739392 330382 739392
728995 683644 728995 683644 342228 750053 342228 750053
746406 682691 746406 682691 337105 766720 337105 766720
731275 697664 731275 697664 330851 787068 330851 787068
719331 709484 719331 709484 319904 799817 319904 799817
715329 710402 715329 710402 317229 802932 317229 802932
706839 712351 706839 712351 308832 805249 308832 805249
709852 719806 709852 719806 301081 807388 301081 807388
740121 731327 740121 731327 269860 816002 269860 816002
742227 732409 742227 732409 267578 816632 267578 816632
736466 739780 736466 739780 258559 819120 258559 819120
724117 745286 724117 745286 245526 822717 245526 822717
721617 754585 721617 754585 236243 825278 236243 825278
715894 775867 715894 775867 255968 835105 255968 835105
707291 837123 707291 837123 311335 862689 311335 862689
695311 790075 695311 790075 354790 884338 354790 884338
680984 733806 680984 733806 406774 910205 406774 910205
665710 735876 665710 735876 420574 917072 420574 917072
630300 740643 630300 740643 452562 932989 452562 932989
632301 748380 632301 748380 459717 936549 459717 936549
638638 772881 638638 772881 465705 911961 465705 911961
603745 763302 603745 763302 474266 876804 474266 876804
590407 777872 590407 777872 478940 857612 478940 857612
584769 784030 584769 784030 478190 849296 478190 849296
553157 785762 553157 785762 475345 817765 475345 817765
504249 788443 504249 788443 430229 836837 430229 836837
457390 791011 457390 791011 399311 801533 399311 801533
377510 795389 377510 795389 395576 721620 395576 721620
374406 795559 374406 795559 395431 718515 395431 718515
369091 795850 369091 795850 399882 721435 399882 721435
358349 787377 358349 787377 411322 728939 411322 728939
346916 778357 346916 778357 423516 720978 423516 720978
317903 755472 317903 755472 457746 734899 457746 734899
308556 748098 308556 748098 451626 745111 451626 745111
279991 725565 279991 725565 454942 781342 454942 781342
237181 691796 237181 691796 493402 742691 493402 742691
211827 671795 211827 671795 508033 713902 508033 713902
210555 670792 210555 670792 509605 713510 509605 713510
206878 666335 206878 666335 515211 712113 515211 712113
190631 646647 190631 646647 511160 686910 511160 686910
152390 600304 152390 600304 567948 667285 567948 667285
143673 589739 143673 589739 563162 680118 563162 680118
143673 589739 143673 589739 561149 685515 561149 685515
143673 589739 143673 589739 565960 731983 565960 731983
143673 589739 143673 589739 548163 751298 548163 751298
143673 589739 143673 589739 535380 782261 535380 782261
143673 589739 143673 589739 583821 741929 583821 741929
143673 589739 143673 589739 600953 711924 600953 711924
143673 589739 143673 589739 612750 693375 612750 693375
143673 589739 143673 589739 632900 728916 632900 728916
143673 589739 143673 589739 639991 751105 639991 751105
143673 589739 143673 589739 636145 762168 636145 762168
143673 589739 143673 589739 675152 738525 675152 738525
143673 589739 143673 589739 724713 732693 724713 732693
143673 589739 143673 589739 765273 762067 765273 762067
143673 589739 143673 589739 708156 818082 708156 818082
143673 589739 143673 589739 703236 822907 703236 822907
143673 589739 143673 589739 677866 800253 677866 800253
143673 589739 143673 589739 666852 850487 666852 850487
143673 589739 143673 589739 617451 828182 617451 828182
143673 589739 143673 589739 635630 854159 635630 854159
143673 589739 143673 589739 624673 933405 624673 933405
143673 589739 143673 589739 621204 958491 621204 958491
143673 589739 143673 589739 646608 954167 646608 954167
143673 589739 143673 589739 652729 989957 652729 989957
