377635 922740 377635 922740 242959 240753 242959 240753
403152 913956 403152 913956 242686 267738 242686 267738
435120 902950 435120 902950 275628 275350 275628 275350
475327 889108 475327 889108 289054 235003 289054 235003
504400 879099 504400 879099 319749 236814 319749 236814
510527 876990 510527 876990 324456 232361 324456 232361
541589 845404 541589 845404 356637 201916 356637 201916
549968 836883 549968 836883 367603 206665 367603 206665
551863 834956 551863 834956 369744 205015 369744 205015
567435 792417 567435 792417 405620 177357 405620 177357
577049 787606 577049 787606 414134 170793 414134 170793
558984 768257 558984 768257 435099 154631 435099 154631
591782 707460 591782 707460 489808 112454 489808 112454
555619 684295 555619 684295 523820 86233 523820 86233
509475 654735 509475 654735 527746 140893 527746 140893
497192 646711 497192 646711 528797 155527 528797 155527
480986 658190 480986 658190 530220 175335 530220 175335
478283 660104 478283 660104 529367 178535 529367 178535
467929 678512 467929 678512 523925 198942 523925 198942
463786 685877 463786 685877 526905 206850 526905 206850
437615 699684 437615 699684 537340 234538 537340 234538
440699 704664 440699 704664 539406 240020 539406 240020
451161 721561 451161 721561 559279 240074 559279 240074
461577 759750 461577 759750 598863 240183 598863 240183
448987 759686 448987 759686 611453 240217 611453 240217
445702 759669 445702 759669 611235 243495 611235 243495
443349 759657 443349 759657 609740 245312 609740 245312
400202 793174 400202 793174 575032 287507 575032 287507
385054 804942 385054 804942 557309 294846 557309 294846
382237 803106 382237 803106 554203 296132 554203 296132
315214 759428 315214 759428 486576 338870 486576 338870
313273 758163 313273 758163 484618 340108 484618 340108
321150 756716 321150 756716 477848 344386 477848 344386
357624 750015 357624 750015 505611 368973 505611 368973
359343 739298 359343 739298 513737 376169 513737 376169
361630 725045 361630 725045 528145 377043 528145 377043
369611 675293 369611 675293 577147 388781 577147 388781
407291 715751 407291 715751 630913 401661 630913 401661
410113 709457 410113 709457 637621 403268 637621 403268
422565 681680 422565 681680 609602 415165 609602 415165
422876 656548 422876 656548 586467 424988 586467 424988
407624 642042 407624 642042 567093 433215 567093 433215
419332 635853 419332 635853 554903 438391 554903 438391
438808 625557 438808 625557 536236 450089 536236 450089
456307 619483 456307 619483 520540 459926 520540 459926
462030 617496 462030 617496 514798 457995 514798 457995
499274 612489 499274 612489 479178 446019 479178 446019
502978 600841 502978 600841 467593 442124 467593 442124
504777 595186 504777 595186 463465 446387 463465 446387
507353 592862 507353 592862 461052 448880 461052 448880
541778 561800 541778 561800 433345 411701 433345 411701
543027 562529 543027 562529 432481 410542 432481 410542
573595 580373 573595 580373 409666 437603 409666 437603
593105 591761 593105 591761 387076 437497 387076 437497
602204 597073 602204 597073 383621 447451 383621 447451
601044 578090 601044 578090 377385 465418 377385 465418
601463 577771 601463 577771 377212 465915 377212 465915
614077 568165 614077 568165 370094 451747 370094 451747
619104 564336 619104 564336 368619 445603 368619 445603
642130 577615 642130 577615 362415 419756 362415 419756
644349 578895 644349 578895 361238 417481 361238 417481
659593 587686 659593 587686 347573 428569 347573 428569
669862 593608 669862 593608 336810 423602 336810 423602
672072 599839 672072 599839 330807 420832 330807 420832
688486 628363 688486 628363 300925 407044 300925 407044
701161 650389 701161 650389 320993 391452 320993 391452
707441 661302 707441 661302 331701 384830 331701 384830
697249 667368 697249 667368 341789 378592 341789 378592
686223 673930 686223 673930 352001 370823 352001 370823
675165 680512 675165 680512 353530 358046 353530 358046
650712 695065 650712 695065 381059 350842 381059 350842
651998 703044 651998 703044 388878 348796 388878 348796
658206 741562 658206 741562 398028 310869 398028 310869
663715 775741 663715 775741 386867 278098 386867 278098
664422 780129 664422 780129 382876 280056 382876 280056
669339 788189 669339 788189 374400 284214 374400 284214
673016 794215 673016 794215 370917 278074 370917 278074
693915 783604 693915 783604 359354 257686 359354 257686
723629 768517 723629 768517 327272 266703 327272 266703
725013 758372 725013 758372 317415 269473 317415 269473
727448 740513 727448 740513 303239 280605 303239 280605
717043 731839 717043 731839 292585 288971 292585 288971
703073 720194 703073 720194 276778 297964 276778 297964
708208 718289 708208 718289 272017 300673 272017 300673
716199 715324 716199 715324 266011 306720 266011 306720
760502 698888 760502 698888 311340 320070 311340 320070
765843 696907 765843 696907 312076 325719 312076 325719
774340 690013 774340 690013 313491 336569 313491 336569
787850 679052 787850 679052 329184 344077 329184 344077
805698 664571 805698 664571 306346 346664 306346 346664
805976 664346 805976 664346 306037 346844 306037 346844
797079 652017 797079 652017 292889 354479 292889 354479
780252 628700 780252 628700 265803 364133 265803 364133
765368 608074 765368 608074 249494 383651 249494 383651
762237 603736 762237 603736 252699 387935 252699 387935
754274 609196 754274 609196 258483 395665 258483 395665
743723 593798 743723 593798 269666 410611 269666 410611
734108 579765 734108 579765 252686 409590 252686 409590
720709 577409 720709 577409 239106 408773 239106 408773
721128 561061 721128 561061 222782 407792 222782 407792
721388 550897 721388 550897 218427 416979 218427 416979
713835 539297 713835 539297 212497 429488 212497 429488
704115 524369 704115 524369 225991 441116 225991 441116
729804 498687 729804 498687 253509 464827 253509 464827
732725 490065 732725 490065 260406 470770 260406 470770
750546 437469 750546 437469 313962 456085 313962 456085
755612 422516 755612 422516 320501 470455 320501 470455
766911 404486 766911 404486 329313 489822 329313 489822
775957 390050 775957 390050 334740 505971 334740 505971
780221 383247 780221 383247 342036 509323 342036 509323
789946 367728 789946 367728 357520 499543 357520 499543
790371 364048 790371 364048 360652 497565 360652 497565
791866 351094 791866 351094 368599 507904 368599 507904
787600 338847 787600 338847 376502 518186 376502 518186
774482 320980 774482 320980 390010 535760 390010 535760
756390 296338 756390 296338 407319 510562 407319 510562
758143 308290 758143 308290 414159 500605 414159 500605
761992 334531 761992 334531 439651 507926 439651 507926
760730 352072 760730 352072 456554 512781 456554 512781
759468 369606 759468 369606 464190 528615 464190 528615
714535 435795 714535 435795 498938 600674 498938 600674
709817 442746 709817 442746 502587 608241 502587 608241
670479 500693 670479 500693 460324 664091 460324 664091
659725 534390 659725 534390 438980 692297 438980 692297
669489 555460 669489 555460 424967 710815 424967 710815
650722 546163 650722 546163 412330 727516 412330 727516
602961 535933 602961 535933 382856 766465 382856 766465
563816 527548 563816 527548 417860 747038 417860 747038
565676 479552 565676 479552 459857 723730 459857 723730
542404 483731 542404 483731 480531 712256 480531 712256
530509 433431 530509 433431 525725 687174 525725 687174
528201 423673 528201 423673 530286 696104 530286 696104
523268 443715 523268 443715 539674 714485 539674 714485
518954 461239 518954 461239 546603 731149 546603 731149
507990 467994 507990 467994 551548 743040 551548 743040
497725 474318 497725 474318 558181 753108 558181 753108
492077 477798 492077 477798 558653 759725 558653 759725
457646 508704 457646 508704 561942 805876 561942 805876
419398 543036 419398 543036 577232 756807 577232 756807
400298 560181 400298 560181 602831 754946 602831 754946
397257 558789 397257 558789 606166 754704 606166 754704
374524 548381 374524 548381 630954 757970 630954 757970
353253 538643 353253 538643 629738 734607 629738 734607
321142 560776 321142 560776 627712 695660 627712 695660
308314 569618 308314 569618 612696 699814 612696 699814
301524 574299 301524 574299 605935 695092 605935 695092
296623 577677 296623 577677 601478 699038 601478 699038
284715 585885 284715 585885 588590 705602 588590 705602
286766 589209 286766 589209 585110 707374 585110 707374
293892 600761 293892 600761 586762 693901 586762 693901
312714 631270 312714 631270 601298 661133 601298 661133
330052 643197 330052 643197 609831 641896 609831 641896
333172 645343 333172 645343 606981 639403 606981 639403
329465 644839 329465 644839 604165 636940 604165 636940
287097 639074 287097 639074 634814 607126 634814 607126
263949 635924 263949 635924 645417 627943 645417 627943
236796 639090 236796 639090 657824 652302 657824 652302
195568 643896 195568 643896 697246 665292 697246 665292
158191 648254 158191 648254 698287 627676 698287 627676
158592 646251 158592 646251 698344 625634 698344 625634
163262 622924 163262 622924 722100 626912 722100 626912
170481 586869 170481 586869 722606 663679 722606 663679
179010 544268 179010 544268 766011 661786 766011 661786
182746 525608 182746 525608 774522 678807 774522 678807
189853 490113 189853 490113 802692 701541 802692 701541
200148 438693 200148 438693 750337 698536 750337 698536
233049 422059 233049 422059 713531 696424 713531 696424
242411 417326 242411 417326 706201 703928 706201 703928
260810 395016 260810 395016 685994 724615 685994 724615
268283 385955 268283 385955 689375 735863 689375 735863
284688 366062 284688 366062 672963 755750 672963 755750
279697 364438 279697 364438 669622 759798 669622 759798
203621 339691 203621 339691 694475 835840 694475 835840
198586 338053 198586 338053 696120 840872 696120 840872
137385 318144 137385 318144 720581 781344 720581 781344
164655 310775 164655 310775 731317 755215 731317 755215
197229 301974 197229 301974 764847 751444 764847 751444
214000 297442 214000 297442 775900 764847 775900 764847
240873 287012 240873 287012 794240 787087 794240 787087
247700 284363 247700 284363 801562 787206 801562 787206
259009 286090 259009 286090 813000 787393 813000 787393
313598 294427 313598 294427 813000 787393 813000 787393
326496 293125 326496 293125 813000 787393 813000 787393
321815 230845 321815 230845 813000 787393 813000 787393
344329 270832 344329 270832 813000 787393 813000 787393
352218 301848 352218 301848 813000 787393 813000 787393
391031 294444 391031 294444 813000 787393 813000 787393
380528 263689 380528 263689 813000 787393 813000 787393
390803 262052 390803 262052 813000 787393 813000 787393
390271 251482 390271 251482 813000 787393 813000 787393
371291 234921 371291 234921 813000 787393 813000 787393
380831 220250 380831 220250 813000 787393 813000 787393
389953 218137 389953 218137 813000 787393 813000 787393
390776 216402 390776 216402 813000 787393 813000 787393
421845 189943 421845 189943 813000 787393 813000 787393
372047 189206 372047 189206 813000 787393 813000 787393
372649 186276 372649 186276 813000 787393 813000 787393
363785 153336 363785 153336 813000 787393 813000 787393
409871 155484 409871 155484 813000 787393 813000 787393
413448 128507 413448 128507 813000 787393 813000 787393
452805 123799 452805 123799 813000 787393 813000 787393
418924 82736 418924 82736 813000 787393 813000 787393
