75755 584842 75755 584842 805333 665977 805333 665977
135255 608083 135255 608083 758347 709252 758347 709252
153914 559197 153914 559197 719858 744700 719858 744700
167029 524839 167029 524839 725531 708364 725531 708364
169317 514197 169317 514197 727211 697609 727211 697609
208350 533149 208350 533149 733904 654738 733904 654738
239381 541970 239381 541970 738881 622864 738881 622864
243796 543225 243796 543225 734980 625283 734980 625283
250265 515066 250265 515066 710424 640507 710424 640507
250829 512609 250829 512609 707934 640113 707934 640113
250458 500891 250458 500891 696354 638282 696354 638282
238006 468137 238006 468137 661743 632808 661743 632808
209421 452045 209421 452045 629342 627684 629342 627684
168256 428870 168256 428870 582711 620126 582711 620126
158768 423529 158768 423529 572920 615363 572920 615363
175814 407788 175814 407788 552055 605213 552055 605213
224868 362488 224868 362488 575298 542618 575298 542618
251191 338179 251191 338179 551947 515441 551947 515441
266407 324127 266407 324127 548554 535873 548554 535873
267251 323348 267251 323348 547412 535994 547412 535994
310766 328293 310766 328293 503860 540600 503860 540600
327787 330227 327787 330227 509680 556712 509680 556712
359472 333827 359472 333827 499069 586783 499069 586783
378312 354203 378312 354203 489835 612953 489835 612953
381396 357538 381396 357538 493236 615964 493236 615964
395589 332298 395589 332298 514917 635159 514917 635159
400315 323893 400315 323893 522144 641542 522144 641542
402582 310181 402582 310181 532560 650743 532560 650743
406061 307157 406061 307157 536015 653795 536015 653795
423330 292146 423330 292146 548841 672744 548841 672744
434856 282127 434856 282127 550202 657533 550202 657533
435825 281245 435825 281245 550319 656229 550319 656229
448248 269939 448248 269939 556598 640649 556598 640649
473213 247218 473213 247218 588166 652607 588166 652607
476661 244080 476661 244080 590922 656367 590922 656367
490234 262564 490234 262564 604479 674863 604479 674863
501952 278520 501952 278520 587221 684562 587221 684562
515464 296920 515464 296920 598267 704540 598267 704540
547432 305042 547432 305042 614227 733405 614227 733405
550862 288958 550862 288958 622185 747797 622185 747797
552926 279278 552926 279278 613729 752941 613729 752941
548692 252556 548692 252556 590615 767003 590615 767003
555942 230546 555942 230546 570817 779046 570817 779046
554542 212922 554542 212922 555713 788235 555713 788235
552797 190948 552797 190948 534547 782079 534547 782079
557906 183120 557906 183120 525571 779468 525571 779468
567772 168005 567772 168005 512464 767058 512464 767058
590794 132731 590794 132731 470342 767087 470342 767087
598932 137654 598932 137654 460831 767093 460831 767093
624859 153340 624859 153340 438375 787440 438375 787440
641870 163631 641870 163631 440805 767708 440805 767708
668585 179793 668585 179793 437232 736689 437232 736689
666242 215680 666242 215680 433116 700962 433116 700962
664538 241791 664538 241791 441956 676334 441956 676334
666879 243901 666879 243901 443021 673368 443021 673368
688262 263178 688262 263178 462014 695003 462014 695003
714825 287124 714825 287124 491471 715285 491471 715285
710672 286845 710672 286845 494899 717645 494899 717645
674364 284410 674364 284410 530824 711848 530824 711848
647569 282613 647569 282613 536970 685706 536970 685706
619959 280761 619959 280761 511281 675419 511281 675419
619010 287742 619010 287742 504740 672800 504740 672800
618565 291023 618565 291023 505866 669687 505866 669687
616081 309304 616081 309304 491779 657773 491779 657773
622063 311347 622063 311347 486953 653691 486953 653691
631279 314495 631279 314495 487559 643971 487559 643971
640717 317719 640717 317719 477704 642439 477704 642439
644377 323962 644377 323962 470553 641328 470553 641328
661958 353947 661958 353947 444118 618759 444118 618759
662043 354092 662043 354092 444124 618591 444124 618591
678396 361095 678396 361095 444705 600811 444705 600811
676160 361681 676160 361681 444781 598501 444781 598501
645150 369807 645150 369807 421099 576894 421099 576894
631207 373461 631207 373461 415908 563447 415908 563447
618585 376682 618585 376682 411217 551295 411217 551295
615753 377405 615753 377405 409888 553898 409888 553898
602252 377727 602252 377727 403750 565927 403750 565927
589323 378036 589323 378036 392093 571528 392093 571528
571256 380679 571256 380679 375634 579436 375634 579436
567507 381228 567507 381228 375436 583219 375436 583219
566063 381439 566063 381439 376641 584042 376641 584042
564024 367936 564024 367936 387918 591744 387918 591744
563072 361633 563072 361633 383517 596356 383517 596356
570614 347631 570614 347631 372538 607862 372538 607862
573769 341773 573769 341773 368409 613079 368409 613079
569950 317949 569950 317949 353435 631999 353435 631999
564562 324225 564562 324225 348302 638485 348302 638485
563602 330273 563602 330273 344501 643287 344501 643287
561237 345165 561237 345165 329911 647093 329911 647093
555691 346017 555691 346017 324481 648509 324481 648509
553996 347097 553996 347097 322537 649016 322537 649016
545365 343270 545365 343270 313401 651399 313401 651399
550951 362816 550951 362816 293730 656530 293730 656530
547635 369195 547635 369195 286774 658344 286774 658344
544597 375039 544597 375039 291110 653386 291110 653386
544885 379275 544885 379275 293905 650189 293905 650189
542168 429344 542168 429344 326912 612443 326912 612443
541709 437801 541709 437801 320019 607522 320019 607522
513264 438410 513264 438410 296863 590990 296863 590990
503680 438615 503680 438615 303724 584295 303724 584295
481304 416299 481304 416299 326341 562223 326341 562223
473122 401192 473122 401192 338637 550224 338637 550224
485319 388944 485319 388944 351008 538152 351008 538152
486152 385876 486152 385876 353283 535932 353283 535932
471558 380078 471558 380078 364522 524964 364522 524964
482633 357754 482633 357754 382357 507559 382357 507559
486504 349952 486504 349952 376799 500854 376799 500854
467764 333162 467764 333162 360743 481481 360743 481481
465151 323958 465151 323958 354637 474115 354637 474115
458431 300287 458431 300287 335748 458346 335748 458346
447490 331554 447490 331554 310318 437117 310318 437117
439133 355435 439133 355435 334853 430939 334853 430939
426143 390218 426143 390218 370859 421874 370859 421874
397914 465072 397914 465072 448438 402341 448438 402341
385222 498725 385222 498725 483316 393559 483316 393559
379904 501291 379904 501291 489042 392117 489042 392117
320422 529993 320422 529993 528349 339043 528349 339043
338232 592490 338232 592490 567026 286821 567026 286821
303510 585852 303510 585852 588065 258413 588065 258413
271772 579784 271772 579784 620111 254264 620111 254264
251139 609240 251139 609240 655777 249646 655777 249646
269846 645044 269846 645044 695839 244459 695839 244459
246664 665784 246664 665784 726687 240465 726687 240465
221331 688447 221331 688447 759458 231442 759458 231442
237248 702023 237248 702023 779628 225888 779628 225888
245643 745016 245643 745016 821861 214259 821861 214259
256167 718177 256167 718177 849655 206606 849655 206606
274994 670167 274994 670167 798304 201861 798304 201861
279435 660662 279435 660662 787857 200896 787857 200896
302305 650279 302305 650279 762847 198585 762847 198585
352212 641402 352212 641402 712372 193921 712372 193921
402934 610033 402934 610033 652987 188434 652987 188434
403097 610366 403097 610366 652618 188400 652618 188400
431719 668905 431719 668905 620622 131634 620622 131634
442345 690640 442345 690640 624287 107720 624287 107720
459918 726580 459918 726580 593598 82055 593598 82055
483573 774963 483573 774963 571390 131119 571390 131119
515281 839815 515281 839815 569520 203283 569520 203283
544662 899906 544662 899906 512101 237595 512101 237595
619117 870641 619117 870641 443428 278631 443428 278631
676111 848240 676111 848240 390861 310044 390861 310044
676310 848162 676310 848162 390692 309912 390692 309912
636166 818424 636166 818424 351324 279154 351324 279154
629294 813333 629294 813333 348847 270969 348847 270969
617156 805692 617156 805692 344692 257241 344692 257241
603396 797029 603396 797029 328827 253681 328827 253681
593077 790533 593077 790533 324807 242169 324807 242169
587686 787139 587686 787139 321399 247552 321399 247552
606324 763495 606324 763495 305293 272988 305293 272988
623354 741891 623354 741891 295970 247107 295970 247107
629750 741712 629750 741712 293801 241087 293801 241087
646229 741252 646229 741252 285811 255506 285811 255506
674617 740458 674617 740458 257754 251106 257754 251106
669370 737345 669370 737345 251727 250161 251727 250161
649147 725344 649147 725344 241449 229010 241449 229010
636742 707343 636742 707343 231895 209347 231895 209347
628002 694662 628002 694662 217264 214157 217264 214157
607196 669895 607196 669895 186536 224258 186536 224258
587068 645935 587068 645935 210701 244141 210701 244141
577608 634674 577608 634674 222540 252866 222540 252866
557105 625783 557105 625783 240530 266124 240530 266124
529666 613883 529666 613883 222618 290075 222618 290075
525141 603927 525141 603927 216068 298833 216068 298833
517176 586406 517176 586406 234536 304252 234536 304252
520695 586799 520695 586799 237934 305249 237934 305249
539149 588859 539149 588859 256353 302901 256353 302901
569133 592206 569133 592206 251593 332694 251593 332694
571437 579659 571437 579659 249580 345291 249580 345291
575978 554926 575978 554926 228668 359256 228668 359256
576590 551594 576590 551594 228911 362635 228911 362635
570752 529530 570752 529530 230549 385399 230549 385399
570093 527040 570093 527040 232986 384564 232986 384564
606796 553724 606796 553724 275911 369848 275911 369848
607754 554420 607754 554420 275386 370909 275386 370909
639351 574634 639351 574634 258747 404527 258747 404527
639721 574042 639721 574042 258437 405152 258437 405152
648988 559207 648988 559207 250867 420921 250867 420921
626752 546946 626752 546946 239878 443812 239878 443812
626746 546871 626746 546871 239845 443880 239845 443880
625418 530880 625418 530880 227154 434061 227154 434061
655104 530150 655104 530150 203668 415890 203668 415890
655289 530145 655289 530145 203501 415971 203501 415971
629897 495021 629897 495021 164481 434835 164481 434835
623556 486250 623556 486250 166726 424247 166726 424247
670913 495448 670913 495448 176730 377054 176730 377054
672163 497233 672163 497233 177182 374922 177182 374922
681010 509864 681010 509864 187629 363579 187629 363579
692104 525703 692104 525703 191720 344679 191720 344679
706527 546296 706527 546296 167156 350038 167156 350038
716608 560689 716608 560689 169396 332609 169396 332609
713734 552017 713734 552017 170560 323548 170560 323548
709751 540002 709751 540002 169417 310941 169417 310941
700083 510835 700083 510835 165073 280523 165073 280523
693522 491039 693522 491039 146478 289967 146478 289967
691923 486216 691923 486216 147900 294845 147900 294845
691655 475466 691655 475466 150911 305168 150911 305168
691369 463970 691369 463970 139537 306863 139537 306863
693615 464387 693615 464387 137278 307200 137278 307200
725061 470229 725061 470229 125129 277613 125129 277613
733628 471820 733628 471820 125129 277613 125129 277613
809238 445684 809238 445684 125129 277613 125129 277613
876308 422500 876308 422500 125129 277613 125129 277613
