571668 929440 571668 929440 554508 758910 554508 758910
583389 904848 583389 904848 529768 747505 529768 747505
617502 833276 617502 833276 527818 668243 527818 668243
628368 810478 628368 810478 515304 646306 515304 646306
635257 796025 635257 796025 499294 646468 499294 646468
634776 795887 634776 795887 498794 646473 498794 646473
595222 784566 595222 784566 522554 612885 522554 612885
581416 786697 581416 786697 530622 601481 530622 601481
553940 790937 553940 790937 555591 589256 555591 589256
542096 790245 542096 790245 566247 584039 566247 584039
530841 789545 530841 789545 576375 579081 576375 579081
496380 787403 496380 787403 571182 544946 571182 544946
489186 783458 489186 783458 569948 536835 569948 536835
485511 781443 485511 781443 571569 532970 571569 532970
474534 775423 474534 775423 583730 529994 583730 529994
453903 764110 453903 764110 600875 513880 600875 513880
441830 757489 441830 757489 610457 503991 610457 503991
440503 756761 440503 756761 610649 505492 610649 505492
441502 749430 441502 749430 611586 512831 611586 512831
442923 738998 442923 738998 617759 521360 617759 521360
444071 730571 444071 730571 620709 529337 620709 529337
456205 717320 456205 717320 626943 546188 626943 546188
485987 720708 485987 720708 637341 574301 637341 574301
485303 713550 485303 713550 639836 581045 639836 581045
482872 688084 482872 688084 631977 605389 631977 605389
481774 676587 481774 676587 620506 606730 620506 606730
481108 669614 481108 669614 613503 606575 613503 606575
492502 665906 492502 665906 601523 606309 601523 606309
497076 664417 497076 664417 603529 610681 603529 610681
505352 661724 505352 661724 610940 615243 610940 615243
507897 663524 507897 663524 613595 616877 613595 616877
521559 673188 521559 673188 628523 624439 628523 624439
523892 674838 523892 674838 630369 626621 630369 626621
544974 665143 544974 665143 645359 644333 645359 644333
557671 659304 557671 659304 651235 657013 651235 657013
561763 654457 561763 654457 653902 662769 653902 662769
579249 633746 579249 633746 670510 641348 670510 641348
572247 631875 572247 631875 674951 635620 674951 635620
506240 614236 506240 614236 721545 685591 721545 685591
501239 612900 501239 612900 723230 680697 723230 680697
475736 614326 475736 614326 731546 656546 731546 656546
428311 616977 428311 616977 704058 617809 704058 617809
417431 617585 417431 617585 694351 612857 694351 612857
397749 616460 397749 616460 676790 603897 676790 603897
378549 615364 378549 615364 660568 614225 660568 614225
377629 615311 377629 615311 660910 613369 660910 613369
351787 612687 351787 612687 670553 589251 670553 589251
349087 609136 349087 609136 672209 585108 672209 585108
339846 596985 339846 596985 673190 569874 673190 569874
337176 593473 337176 593473 670245 566590 670245 566590
312430 580195 312430 580195 651494 545683 651494 545683
310520 579170 310520 579170 652584 543810 652584 543810
307240 574838 307240 574838 655316 539113 655316 539113
285676 546357 285676 546357 686202 521161 686202 521161
283056 542896 283056 542896 689889 523451 689889 523451
271781 528005 271781 528005 708475 525304 708475 525304
274130 527332 274130 527332 710907 525546 710907 525546
294621 521463 294621 521463 706635 546428 706635 546428
313137 521828 313137 521828 702923 564572 702923 564572
334220 522244 334220 522244 722481 572454 722481 572454
341626 543266 341626 543266 743154 580786 743154 580786
341767 543667 341767 543667 743342 581167 743342 581167
339379 547581 339379 547581 745368 585280 745368 585280
341886 549636 341886 549636 746801 588188 746801 588188
355670 560932 355670 560932 758323 574593 758323 574593
358648 563373 358648 563373 761853 576133 761853 576133
360946 572025 360946 572025 770058 579712 770058 579712
399976 511914 399976 511914 835749 608371 835749 608371
400045 511808 400045 511808 835662 608279 835662 608279
430369 537659 430369 537659 808408 579210 808408 579210
418281 570219 418281 570219 784652 553873 784652 553873
439824 562474 439824 562474 768994 537173 768994 537173
461115 550189 461115 550189 752181 519241 752181 519241
479248 539725 479248 539725 768200 505761 768200 505761
504240 552514 504240 552514 789681 487686 789681 487686
504710 552755 504710 552755 789165 487572 789165 487572
513149 527252 513149 527252 762934 481781 762934 481781
519463 508169 519463 508169 742894 483347 742894 483347
525073 501822 525073 501822 734449 484006 734449 484006
512860 501319 512860 501319 722263 484958 722263 484958
510817 487844 510817 487844 708675 486020 708675 486020
504761 447890 504761 447890 674743 464075 674743 464075
504180 444056 504180 444056 671041 462919 671041 462919
496434 451115 496434 451115 661038 459795 661038 459795
493126 454130 493126 454130 656620 460511 656620 460511
463542 481089 463542 481089 628623 431907 628623 431907
462762 480532 462762 480532 627953 431222 627953 431222
435777 461257 435777 461257 599393 414367 599393 414367
419128 449365 419128 449365 585591 429470 585591 429470
391631 429725 391631 429725 556688 411964 556688 411964
385485 425335 385485 425335 556309 419507 556309 419507
398944 402297 398944 402297 554968 446154 554968 446154
424062 359300 424062 359300 507294 460539 507294 460539
443942 325270 443942 325270 521736 497208 521736 497208
419927 321770 419927 321770 530630 519789 530630 519789
413192 320788 413192 320788 535954 524029 535954 524029
410288 311062 410288 311062 543893 530353 543893 530353
404496 291670 404496 291670 542530 550546 542530 550546
401218 280692 401218 280692 531088 549965 531088 549965
401286 280669 401286 280669 531016 549961 531016 549961
411891 277143 411891 277143 522939 557685 522939 557685
444740 266221 444740 266221 489493 548759 489493 548759
456324 266920 456324 266920 478280 545766 478280 545766
487596 268808 487596 268808 456750 568525 456750 568525
521061 270828 521061 270828 430379 547824 430379 547824
522868 270937 522868 270937 430206 546022 430206 546022
553049 249828 553049 249828 426677 509361 426677 509361
555471 292539 555471 292539 422578 466778 422578 466778
564289 320138 564289 320138 419802 437938 419802 437938
577079 360167 577079 360167 411003 396847 411003 396847
583761 365832 583761 365832 409169 388281 409169 388281
601085 380519 601085 380519 397066 369063 397066 369063
611675 389497 611675 389497 397484 355185 397484 355185
620630 397089 620630 397089 386055 357868 386055 357868
603285 401179 603285 401179 368706 361942 368706 361942
590994 441178 590994 441178 327969 371506 327969 371506
588238 446638 588238 446638 322015 372904 322015 372904
577847 467226 577847 467226 308435 354264 308435 354264
569384 483993 569384 483993 319911 339396 319911 339396
554907 533745 554907 533745 351572 298379 351572 298379
571951 534672 571951 534672 362001 284867 362001 284867
585573 530807 585573 530807 370653 273658 370653 273658
588505 529975 588505 529975 372538 276053 372538 276053
607049 569117 607049 569117 399328 310087 399328 310087
612717 555571 612717 555571 408410 321625 408410 321625
616629 546220 616629 546220 408049 331755 408049 331755
621759 541641 621759 541641 407804 338627 407804 338627
630963 533424 630963 533424 418570 332599 418570 332599
633646 531029 633646 531029 420778 329760 420778 329760
644566 521280 644566 521280 435365 328541 435365 328541
645469 520474 645469 520474 435114 329726 435114 329726
641399 508162 641399 508162 432428 342412 432428 342412
631897 479418 631897 479418 450727 366529 450727 366529
631492 476315 631492 476315 452619 369022 452619 369022
631034 472808 631034 472808 455979 367919 455979 367919
628832 455932 628832 455932 465318 353691 465318 353691
627390 444885 627390 444885 462657 342873 462657 342873
630360 440192 630360 440192 461330 337480 461330 337480
633057 435929 633057 435929 466332 338131 466332 338131
637358 429133 637358 429133 474315 337149 474315 337149
638623 427133 638623 427133 473937 334813 473937 334813
648999 427635 648999 427635 472276 324559 472276 324559
670275 428663 670275 428663 455804 311053 455804 311053
686134 431795 686134 431795 443303 300803 443303 300803
691167 432789 691167 432789 442340 295764 442340 295764
691061 432961 691061 432961 442302 295566 442302 295566
688019 437891 688019 437891 443381 289875 443381 289875
681021 449234 681021 449234 430100 288755 430100 288755
680436 450182 680436 450182 430737 287841 430737 287841
681372 501148 681372 501148 459868 246010 459868 246010
700522 510522 700522 510522 472053 228514 472053 228514
715045 517631 715045 517631 477595 243704 477595 243704
730658 489841 730658 489841 488519 273649 488519 273649
738002 476769 738002 476769 498401 284926 498401 284926
742915 499508 742915 499508 513733 302423 513733 302423
764872 513325 764872 513325 530830 321935 530830 321935
816084 545551 816084 545551 531350 382440 531350 382440
819472 547683 819472 547683 535353 382418 535353 382418
812714 500703 812714 500703 582816 382161 582816 382161
812373 498330 812373 498330 585178 381749 585178 381749
828319 455301 828319 455301 630384 373866 630384 373866
849082 399276 849082 399276 600005 322417 600005 322417
847400 397944 847400 397944 598914 320569 598914 320569
815441 372624 815441 372624 638460 330498 638460 330498
815147 372391 815147 372391 638835 330505 638835 330505
772150 347421 772150 347421 688547 331498 688547 331498
741474 378037 741474 378037 731878 332363 731878 332363
728679 390807 728679 390807 725655 315391 725655 315391
689152 369149 689152 369149 710138 273074 710138 273074
665980 380442 665980 380442 701264 248872 701264 248872
664451 381187 664451 381187 699646 248349 699646 248349
661223 374063 661223 374063 692203 245946 692203 245946
655182 360966 655182 360966 678478 241514 678478 241514
625447 349725 625447 349725 648227 231745 648227 231745
618858 347234 618858 347234 641407 229983 641407 229983
613399 315821 613399 315821 610537 222008 610537 222008
603625 259578 603625 259578 577544 175421 577544 175421
599873 237984 599873 237984 568790 155328 568790 155328
632919 206848 632919 206848 550655 113704 550655 113704
631799 205502 631799 205502 549955 112098 549955 112098
580623 144012 580623 144012 549955 112098 549955 112098
565176 125452 565176 125452 549955 112098 549955 112098
529981 111949 529981 111949 549955 112098 549955 112098
459501 149799 459501 149799 549955 112098 549955 112098
404170 179513 404170 179513 549955 112098 549955 112098
368106 247058 368106 247058 549955 112098 549955 112098
351857 216072 351857 216072 549955 112098 549955 112098
340165 216823 340165 216823 549955 112098 549955 112098
334858 202848 334858 202848 549955 112098 549955 112098
317866 178149 317866 178149 549955 112098 549955 112098
317674 175767 317674 175767 549955 112098 549955 112098
313392 178841 313392 178841 549955 112098 549955 112098
296866 203136 296866 203136 549955 112098 549955 112098
286224 207070 286224 207070 549955 112098 549955 112098
277965 272468 277965 272468 549955 112098 549955 112098
269673 226742 269673 226742 549955 112098 549955 112098
263306 212072 263306 212072 549955 112098 549955 112098
256586 136083 256586 136083 549955 112098 549955 112098
207492 108431 207492 108431 549955 112098 549955 112098
202512 96703 202512 96703 549955 112098 549955 112098
230611 68495 230611 68495 549955 112098 549955 112098
