975000 975000 975000 975000 975000 25000 975000 25000
939645 939645 939645 939645 975000 75000 975000 75000
939644 939644 939644 939644 975001 75000 975001 75000
925000 925000 925000 925000 975001 95710 975001 95710
925000 875000 925000 875000 975001 145710 975001 145710
854081 839540 854081 839540 975000 225000 975000 225000
825000 825000 825000 825000 952010 247990 952010 247990
797990 852010 797990 852010 925000 275000 925000 275000
775000 875000 775000 875000 892487 275000 892487 275000
767180 890641 767180 890641 875000 275000 875000 275000
744819 935362 744819 935362 875000 325000 875000 325000
725000 975000 725000 975000 914638 344819 914638 344819
725000 907513 725000 907513 975000 375000 975000 375000
725000 907512 725000 907512 975001 375000 975001 375000
725000 875000 725000 875000 952011 397989 952011 397989
675000 875000 675000 875000 916656 433345 916656 433345
675000 825000 675000 825000 881300 468700 881300 468700
668700 831300 668700 831300 875000 475000 875000 475000
625000 875000 625000 875000 918700 518700 918700 518700
618700 868700 618700 868700 925000 525000 925000 525000
575000 825000 575000 825000 952638 580276 952638 580276
575001 825000 575001 825000 952639 580277 952639 580277
575000 774998 575000 774998 975000 625000 975000 625000
575000 725000 575000 725000 975000 674998 975000 674998
574999 724998 574999 724998 975000 675000 975000 675000
539222 653444 539222 653444 939223 746554 939223 746554
525000 625000 525000 625000 925001 774998 925001 774998
525000 625002 525000 625002 925000 775000 925000 775000
525000 675000 525000 675000 925000 824998 925000 824998
525001 675000 525001 675000 925000 824999 925000 824999
525001 675001 525001 675001 925000 825000 925000 825000
525001 675002 525001 675002 925001 825000 925001 825000
525000 755002 525000 755002 925000 905000 925000 905000
525000 825000 525000 825000 925000 974998 925000 974998
524998 825000 524998 825000 925000 975000 925000 975000
475000 825000 475000 825000 877567 959189 877567 959189
403446 789223 403446 789223 801673 933891 801673 933891
378298 776649 378298 776649 775000 925000 775000 925000
378298 776649 378298 776649 775001 925000 775001 925000
375000 775000 375000 775000 775001 921313 775001 921313
325000 775000 325000 775000 775001 871313 775001 871313
325001 775000 325001 775000 775001 871312 775001 871312
325000 855000 325000 855000 775000 791312 775000 791312
325000 871312 325000 871312 775000 775000 775000 775000
325000 875000 325000 875000 777608 772392 777608 772392
277608 827608 277608 827608 825000 725000 825000 725000
275000 825000 275000 825000 822392 722392 822392 722392
227608 872392 227608 872392 775000 675000 775000 675000
225000 875000 225000 875000 772392 677608 772392 677608
254974 934947 254974 934947 725000 725000 725000 725000
275000 975000 275000 975000 725000 769781 725000 769781
225000 975000 225000 975000 725000 819781 725000 819781
219781 975000 219781 975000 725000 825000 725000 825000
175000 975000 175000 975000 704974 865053 704974 865053
115053 945026 115053 945026 675000 925000 675000 925000
115052 945026 115052 945026 675001 925000 675001 925000
75000 925000 75000 925000 630221 925000 630221 925000
25000 925000 25000 925000 580221 925000 580221 925000
25000 919779 25000 919779 575000 925000 575000 925000
25000 875000 25000 875000 575000 880221 575000 880221
29670 872665 29670 872665 575000 875000 575000 875000
74392 850304 74392 850304 525000 875000 525000 875000
119113 827944 119113 827944 475000 875000 475000 875000
125000 825000 125000 825000 475000 881582 475000 881582
155701 794299 155701 794299 475000 925000 475000 925000
175000 775000 175000 775000 475000 952293 475000 952293
191057 758943 191057 758943 475000 975000 475000 975000
225000 725000 225000 725000 426997 975000 426997 975000
225001 725000 225001 725000 426996 975000 426996 975000
223005 725000 223005 725000 425000 975000 425000 975000
173005 725000 173005 725000 425000 925000 425000 925000
125000 725000 125000 725000 425000 876995 425000 876995
123005 725000 123005 725000 425000 875000 425000 875000
75000 725000 75000 725000 425000 826995 425000 826995
75000 723005 75000 723005 425000 825000 425000 825000
75000 723004 75000 723004 425001 825000 425001 825000
75000 675000 75000 675000 376997 825000 376997 825000
125000 675000 125000 675000 326997 825000 326997 825000
124107 673214 124107 673214 325000 825000 325000 825000
88330 601660 88330 601660 289223 896554 289223 896554
75000 575000 75000 575000 275893 923214 275893 923214
76786 574107 76786 574107 275000 925000 275000 925000
148340 538330 148340 538330 239223 853446 239223 853446
175000 525000 175000 525000 225893 826786 225893 826786
176412 526412 176412 526412 225000 825000 225000 825000
225000 575000 225000 575000 273588 776412 273588 776412
275000 625000 275000 625000 323588 726412 323588 726412
276786 624107 276786 624107 325000 725000 325000 725000
340031 592484 340031 592484 275000 675000 275000 675000
375000 575000 375000 575000 302645 647355 302645 647355
365003 545008 365003 545008 325000 625000 325000 625000
349191 497574 349191 497574 325000 575000 325000 575000
326830 430491 326830 430491 375000 625000 375000 625000
325000 425000 325000 425000 375000 630789 375000 630789
369211 425000 369211 425000 375000 675000 375000 675000
375000 425000 375000 425000 379093 679093 379093 679093
420907 470907 420907 470907 425000 725000 425000 725000
425000 475000 425000 475000 429093 729093 429093 729093
489922 475000 489922 475000 475000 775000 475000 775000
525000 475000 525000 475000 499804 750196 499804 750196
560633 475000 560633 475000 525000 725000 525000 725000
575000 475000 575000 475000 514841 714841 514841 714841
625000 475000 625000 475000 479486 679486 479486 679486
622163 469326 622163 469326 475000 675000 475000 675000
590540 406081 590540 406081 425000 625000 425000 625000
590540 406080 590540 406080 425001 625000 425001 625000
575000 375000 575000 375000 425001 590252 425001 590252
525000 375000 525000 375000 425000 540252 425000 540252
525000 359748 525000 359748 425000 525000 425000 525000
525000 325000 525000 325000 456080 540540 456080 540540
475000 325000 475000 325000 500801 562901 500801 562901
475000 297945 475000 297945 525000 575000 525000 575000
475000 275000 475000 275000 541224 591224 541224 591224
475001 275000 475001 275000 541225 591225 541225 591225
522766 275000 522766 275000 575000 625000 575000 625000
572766 275000 572766 275000 625000 625000 625000 625000
575000 275000 575000 275000 625000 622766 625000 622766
622766 275000 622766 275000 625000 575000 625000 575000
625000 275000 625000 275000 622766 575000 622766 575000
667723 296362 667723 296362 575000 575000 575000 575000
712444 318722 712444 318722 575000 525000 575000 525000
712445 318723 712445 318723 575001 525000 575001 525000
725000 325000 725000 325000 575001 510963 575001 510963
775000 375000 775000 375000 575000 440253 575000 440253
775001 375000 775001 375000 575000 440252 575000 440252
775001 390252 775001 390252 575000 425000 575000 425000
775000 440252 775000 440252 625000 425000 625000 425000
775000 475000 775000 475000 649571 400429 649571 400429
739038 475000 739038 475000 675000 375000 675000 375000
725000 475000 725000 475000 684926 384926 684926 384926
684926 515074 684926 515074 725000 425000 725000 425000
684925 515075 684925 515075 725001 425000 725001 425000
675000 525000 675000 525000 725001 439037 725001 439037
725000 575000 725000 575000 725000 509747 725000 509747
714215 585785 714215 585785 725000 525000 725000 525000
678859 621141 678859 621141 775000 525000 775000 525000
675000 625000 675000 625000 778859 521141 778859 521141
725000 625000 725000 625000 814215 485785 814215 485785
740253 625000 740253 625000 825000 475000 825000 475000
775000 625000 775000 625000 825000 440253 825000 440253
775001 625000 775001 625000 825000 440252 825000 440252
785786 614215 785786 614215 825000 425000 825000 425000
785786 614215 785786 614215 825001 425000 825001 425000
842355 557646 842355 557646 825000 345000 825000 345000
856497 543504 856497 543504 825000 325000 825000 325000
875000 525000 875000 525000 798832 325000 798832 325000
875001 525000 875001 525000 798831 325000 798831 325000
898832 525000 898832 525000 775000 325000 775000 325000
969543 525000 969543 525000 725000 275000 725000 275000
975000 525000 975000 525000 729881 272559 729881 272559
925000 475000 925000 475000 793127 240937 793127 240937
925000 439364 925000 439364 825000 225000 825000 225000
925000 425000 925000 425000 825000 210636 825000 210636
960636 425000 960636 425000 825000 175000 825000 175000
960637 425000 960637 425000 825001 175000 825001 175000
975000 425000 975000 425000 825001 160637 825001 160637
975001 425000 975001 425000 825001 160636 825001 160636
975000 345000 975000 345000 825000 80636 825000 80636
975000 339364 975000 339364 825000 75000 825000 75000
975000 325000 975000 325000 814843 64843 814843 64843
949801 274602 949801 274602 775000 25000 775000 25000
949801 274602 949801 274602 775001 25000 775001 25000
925000 225000 925000 225000 719545 25000 719545 25000
925000 180455 925000 180455 675000 25000 675000 25000
925000 175000 925000 175000 671143 28857 671143 28857
975000 125000 975000 125000 621143 78857 621143 78857
975001 125000 975001 125000 621142 78858 621142 78858
909747 125000 909747 125000 575000 125000 575000 125000
839036 125000 839036 125000 525000 75000 525000 75000
825000 125000 825000 125000 525000 89036 525000 89036
799569 99569 799569 99569 525000 125000 525000 125000
775000 75000 775000 75000 525000 159747 525000 159747
775000 90253 775000 90253 525000 175000 525000 175000
775000 125000 775000 125000 493922 190539 493922 190539
775000 175000 775000 175000 449200 212900 449200 212900
775000 202057 775000 202057 425000 225000 425000 225000
775000 225000 775000 225000 408777 241223 408777 241223
727232 225000 727232 225000 375000 275000 375000 275000
725000 225000 725000 225000 375000 272768 375000 272768
725000 177232 725000 177232 375000 225000 375000 225000
725000 125000 725000 125000 375000 172768 375000 172768
677232 125000 677232 125000 375000 125000 375000 125000
675000 125000 675000 125000 373003 124002 373003 124002
675000 75000 675000 75000 328282 101641 328282 101641
621718 48359 621718 48359 275000 75000 275000 75000
576997 25998 576997 25998 225000 75000 225000 75000
576996 25998 576996 25998 225001 75000 225001 75000
575000 25000 575000 25000 225001 77231 225001 77231
575001 25000 575001 25000 225001 77232 225001 77232
575000 105000 575000 105000 225000 157232 225000 157232
575000 122768 575000 122768 225000 175000 225000 175000
575000 122769 575000 122769 225001 175000 225001 175000
575000 175000 575000 175000 172770 175000 172770 175000
525000 225000 525000 225000 102059 175000 102059 175000
500798 212899 500798 212899 75000 175000 75000 175000
500797 212898 500797 212898 75001 175000 75001 175000
429243 177121 429243 177121 75000 255000 75000 255000
425000 175000 425000 175000 75000 259744 75000 259744
418177 161354 418177 161354 75000 275000 75000 275000
395816 116633 395816 116633 75000 325000 75000 325000
395816 116632 395816 116632 75001 325000 75001 325000
375000 75000 375000 75000 121547 325000 121547 325000
339223 146554 339223 146554 201547 325000 201547 325000
328734 167531 328734 167531 225000 325000 225000 325000
325000 175000 325000 175000 228734 332469 228734 332469
275000 225000 275000 225000 260357 395714 260357 395714
298152 248152 298152 248152 275000 425000 275000 425000
325000 275000 325000 275000 275000 462968 275000 462968
325000 287032 325000 287032 275000 475000 275000 475000
325000 325000 325000 325000 237032 475000 237032 475000
312968 325000 312968 325000 225000 475000 225000 475000
275000 325000 275000 325000 188980 462993 188980 462993
239223 396554 239223 396554 113085 437695 113085 437695
225000 425000 225000 425000 82914 427638 82914 427638
219101 419101 219101 419101 75000 425000 75000 425000
175000 375000 175000 375000 102892 480784 102892 480784
125565 375000 125565 375000 125000 525000 125000 525000
125000 375000 125000 375000 124435 525000 124435 525000
125000 325565 125000 325565 75000 525000 75000 525000
125000 325000 125000 325000 74600 525400 74600 525400
62260 356370 62260 356370 25000 575000 25000 575000
25000 375000 25000 375000 25000 616658 25000 616658
25001 375000 25001 375000 25000 616659 25000 616659
25001 366659 25001 366659 25000 625000 25000 625000
25001 316659 25001 316659 75000 625000 75000 625000
25001 316658 25001 316658 75001 625000 75001 625000
25000 236658 25000 236658 155001 625000 155001 625000
25000 225000 25000 225000 166659 625000 166659 625000
33341 225000 33341 225000 175000 625000 175000 625000
75000 225000 75000 225000 175000 666659 175000 666659
75001 225000 75001 225000 175000 666660 175000 666660
75000 166660 75000 166660 175000 725000 175000 725000
75000 125000 75000 125000 145542 754458 145542 754458
100984 112008 100984 112008 125000 775000 125000 775000
172538 76231 172538 76231 53446 810777 53446 810777
175000 75000 175000 75000 50984 812008 50984 812008
175000 45949 175000 45949 25000 825000 25000 825000
175000 25000 175000 25000 39813 839813 39813 839813
125238 25000 125238 25000 75000 875000 75000 875000
75000 25000 75000 25000 110524 910524 110524 910524
75000 25000 75000 25000 125000 925000 125000 925000
75000 25000 75000 25000 125000 975000 125000 975000
75000 25000 75000 25000 45000 975000 45000 975000
75000 25000 75000 25000 25000 975000 25000 975000
