999983 999999 999983 999999 979150 999999 979150 999999
999984 999999 999984 999999 979151 999998 979151 999998
970500 999999 970500 999999 999999 979150 999999 979150
970499 999999 970499 999999 999998 979150 999998 979150
958317 999999 958317 999999 999998 966968 999998 966968
958318 999999 958318 999999 999998 966967 999998 966967
928835 999999 928835 999999 999999 937484 999999 937484
928834 999999 928834 999999 999998 937484 999998 937484
916651 999999 916651 999999 999998 925301 999998 925301
916652 999999 916652 999999 999998 925300 999998 925300
887170 999999 887170 999999 999999 895818 999999 895818
887169 999999 887169 999999 999998 895818 999998 895818
874985 999999 874985 999999 999998 883634 999998 883634
874986 999999 874986 999999 999998 883633 999998 883633
845505 999999 845505 999999 999999 854152 999999 854152
845504 999999 845504 999999 999998 854152 999998 854152
833319 999999 833319 999999 999998 841967 999998 841967
833320 999999 833320 999999 999998 841966 999998 841966
803840 999999 803840 999999 999999 812486 999999 812486
803839 999999 803839 999999 999998 812486 999998 812486
791653 999999 791653 999999 999998 800300 999998 800300
791654 999999 791654 999999 999998 800299 999998 800299
762175 999999 762175 999999 999999 770820 999999 770820
762174 999999 762174 999999 999998 770820 999998 770820
749987 999999 749987 999999 999998 758633 999998 758633
749988 999999 749988 999999 999998 758632 999998 758632
720510 999999 720510 999999 999999 729154 999999 729154
720509 999999 720509 999999 999998 729154 999998 729154
708321 999999 708321 999999 999998 716966 999998 716966
708322 999999 708322 999999 999998 716965 999998 716965
678845 999999 678845 999999 999999 687488 999999 687488
678844 999999 678844 999999 999998 687488 999998 687488
666655 999999 666655 999999 999998 675299 999998 675299
666656 999999 666656 999999 999998 675298 999998 675298
637180 999999 637180 999999 999999 645822 999999 645822
637179 999999 637179 999999 999998 645822 999998 645822
624989 999999 624989 999999 999998 633632 999998 633632
624990 999999 624990 999999 999998 633631 999998 633631
595515 999999 595515 999999 999999 604156 999999 604156
595514 999999 595514 999999 999998 604156 999998 604156
583323 999999 583323 999999 999998 591965 999998 591965
583324 999999 583324 999999 999998 591964 999998 591964
553850 999999 553850 999999 999999 562490 999999 562490
553849 999999 553849 999999 999998 562490 999998 562490
541657 999999 541657 999999 999998 550298 999998 550298
541658 999999 541658 999999 999998 550297 999998 550297
512185 999999 512185 999999 999999 520824 999999 520824
512184 999999 512184 999999 999998 520824 999998 520824
499993 999999 499993 999999 999998 508633 999998 508633
499994 999999 499994 999999 999998 508632 999998 508632
470522 999999 470522 999999 999999 479160 999999 479160
470521 999999 470521 999999 999998 479160 999998 479160
458327 999999 458327 999999 999998 466966 999998 466966
458328 999999 458328 999999 999998 466965 999998 466965
428857 999999 428857 999999 999999 437494 999999 437494
428856 999999 428856 999999 999998 437494 999998 437494
416661 999999 416661 999999 999998 425299 999998 425299
416662 999999 416662 999999 999998 425298 999998 425298
387192 999999 387192 999999 999999 395828 999999 395828
387191 999999 387191 999999 999998 395828 999998 395828
374995 999999 374995 999999 999998 383632 999998 383632
374996 999999 374996 999999 999998 383631 999998 383631
345527 999999 345527 999999 999999 354162 999999 354162
345526 999999 345526 999999 999998 354162 999998 354162
333329 999999 333329 999999 999998 341965 999998 341965
333330 999999 333330 999999 999998 341964 999998 341964
303862 999999 303862 999999 999999 312496 999999 312496
303861 999999 303861 999999 999998 312496 999998 312496
291663 999999 291663 999999 999998 300298 999998 300298
291664 999999 291664 999999 999998 300297 999998 300297
262197 999999 262197 999999 999999 270830 999999 270830
262196 999999 262196 999999 999998 270830 999998 270830
249997 999999 249997 999999 999998 258631 999998 258631
249998 999999 249998 999999 999998 258630 999998 258630
220532 999999 220532 999999 999999 229164 999999 229164
220531 999999 220531 999999 999998 229164 999998 229164
208331 999999 208331 999999 999998 216964 999998 216964
208332 999999 208332 999999 999998 216963 999998 216963
178867 999999 178867 999999 999999 187498 999999 187498
178866 999999 178866 999999 999998 187498 999998 187498
166665 999999 166665 999999 999998 175297 999998 175297
166666 999999 166666 999999 999998 175296 999998 175296
137202 999999 137202 999999 999999 145832 999999 145832
137201 999999 137201 999999 999998 145832 999998 145832
124999 999999 124999 999999 999998 133630 999998 133630
125000 999999 125000 999999 999998 133629 999998 133629
95537 999999 95537 999999 999999 104166 999999 104166
95536 999999 95536 999999 999998 104166 999998 104166
83333 999999 83333 999999 999998 91963 999998 91963
83334 999999 83334 999999 999998 91962 999998 91962
53872 999999 53872 999999 999999 62500 999999 62500
53871 999999 53871 999999 999998 62500 999998 62500
41667 999999 41667 999999 999998 50296 999998 50296
12205 999988 12205 999988 999999 20834 999999 20834
1 999983 1 999983 991366 12208 991366 12208
2 999983 2 999983 991365 12207 991365 12207
2 982714 2 982714 979150 1 979150 1
2 982713 2 982713 979151 1 979151 1
1 958317 1 958317 954755 1 954755 1
2 958317 2 958317 954754 1 954754 1
2 941047 2 941047 937484 1 937484 1
2 941046 2 941046 937485 1 937485 1
1 916651 1 916651 913090 1 913090 1
2 916651 2 916651 913089 1 913089 1
2 899380 2 899380 895818 1 895818 1
2 899379 2 899379 895819 1 895819 1
1 874985 1 874985 871425 1 871425 1
2 874985 2 874985 871424 1 871424 1
2 857713 2 857713 854152 1 854152 1
2 857712 2 857712 854153 1 854153 1
1 833319 1 833319 829760 1 829760 1
2 833319 2 833319 829759 1 829759 1
2 816046 2 816046 812486 1 812486 1
2 816045 2 816045 812487 1 812487 1
1 791653 1 791653 788095 1 788095 1
2 791653 2 791653 788094 1 788094 1
2 774379 2 774379 770820 1 770820 1
2 774378 2 774378 770821 1 770821 1
1 749987 1 749987 746430 1 746430 1
2 749987 2 749987 746429 1 746429 1
2 732712 2 732712 729154 1 729154 1
2 732711 2 732711 729155 1 729155 1
1 708321 1 708321 704765 1 704765 1
2 708321 2 708321 704764 1 704764 1
2 691045 2 691045 687488 1 687488 1
2 691044 2 691044 687489 1 687489 1
1 666655 1 666655 663100 1 663100 1
2 666655 2 666655 663099 1 663099 1
2 649378 2 649378 645822 1 645822 1
2 649377 2 649377 645823 1 645823 1
1 624989 1 624989 621435 1 621435 1
2 624989 2 624989 621434 1 621434 1
2 607711 2 607711 604156 1 604156 1
2 607710 2 607710 604157 1 604157 1
1 583323 1 583323 579770 1 579770 1
2 583323 2 583323 579769 1 579769 1
2 566044 2 566044 562490 1 562490 1
2 566043 2 566043 562491 1 562491 1
1 541657 1 541657 538105 1 538105 1
2 541657 2 541657 538104 1 538104 1
2 524377 2 524377 520824 1 520824 1
2 524376 2 524376 520825 1 520825 1
1 499993 1 499993 496442 1 496442 1
2 499993 2 499993 496441 1 496441 1
2 482712 2 482712 479160 1 479160 1
2 482711 2 482711 479161 1 479161 1
1 458327 1 458327 454777 1 454777 1
2 458327 2 458327 454776 1 454776 1
2 441045 2 441045 437494 1 437494 1
2 441044 2 441044 437495 1 437495 1
1 416661 1 416661 413112 1 413112 1
2 416661 2 416661 413111 1 413111 1
2 399378 2 399378 395828 1 395828 1
2 399377 2 399377 395829 1 395829 1
1 374995 1 374995 371447 1 371447 1
2 374995 2 374995 371446 1 371446 1
2 357711 2 357711 354162 1 354162 1
2 357710 2 357710 354163 1 354163 1
1 333329 1 333329 329782 1 329782 1
2 333329 2 333329 329781 1 329781 1
2 316044 2 316044 312496 1 312496 1
2 316043 2 316043 312497 1 312497 1
1 291663 1 291663 288117 1 288117 1
2 291663 2 291663 288116 1 288116 1
2 274377 2 274377 270830 1 270830 1
2 274376 2 274376 270831 1 270831 1
1 249997 1 249997 246452 1 246452 1
2 249997 2 249997 246451 1 246451 1
2 232710 2 232710 229164 1 229164 1
2 232709 2 232709 229165 1 229165 1
1 208331 1 208331 204787 1 204787 1
2 208331 2 208331 204786 1 204786 1
2 191043 2 191043 187498 1 187498 1
2 191042 2 191042 187499 1 187499 1
1 166665 1 166665 163122 1 163122 1
2 166665 2 166665 163121 1 163121 1
2 149376 2 149376 145832 1 145832 1
2 149375 2 149375 145833 1 145833 1
1 124999 1 124999 121457 1 121457 1
13906 135276 13906 135276 104166 1 104166 1
78240 182828 78240 182828 153082 63304 153082 63304
142574 230379 142574 230379 201998 126606 201998 126606
206908 277931 206908 277931 250914 189909 250914 189909
271241 325482 271241 325482 299830 253212 299830 253212
335575 373034 335575 373034 348746 316514 348746 316514
399909 420585 399909 420585 397662 379817 397662 379817
464243 468137 464243 468137 446578 443120 446578 443120
479168 479168 479168 479168 457926 457805 457926 457805
479168 479838 479168 479838 458335 458335 458335 458335
479168 520832 479168 520832 499329 458335 499329 458335
509104 490896 509104 490896 541665 458335 541665 458335
509104 490896 509104 490896 541666 458335 541666 458335
520832 479168 520832 479168 529938 470062 529938 470062
520832 520832 520832 520832 500477 499523 500477 499523
564845 561016 564845 561016 458335 541665 458335 541665
623925 614957 623925 614957 538335 541665 538335 541665
626384 617202 626384 617202 541665 541665 541665 541665
685464 671143 685464 671143 593953 602212 593953 602212
744543 725083 744543 725083 646242 662759 646242 662759
803623 779024 803623 779024 698530 723305 698530 723305
862703 832964 862703 832964 750819 783852 750819 783852
921783 886905 921783 886905 803107 844399 803107 844399
980863 940845 980863 940845 855396 904946 855396 904946
999999 958317 999999 958317 872332 924558 872332 924558
999998 958317 999998 958317 872333 924558 872333 924558
999999 916651 999999 916651 899566 956093 899566 956093
999998 916651 999998 916651 899567 956093 899567 956093
999999 874985 999999 874985 926800 987628 926800 987628
999998 874985 999998 874985 926801 987628 926801 987628
999998 858640 999998 858640 937484 999999 937484 999999
999998 858639 999998 858639 937485 999999 937485 999999
999999 833319 999999 833319 912165 999999 912165 999999
999998 833319 999998 833319 912164 999999 912164 999999
999998 816973 999998 816973 895818 999999 895818 999999
999998 816972 999998 816972 895819 999999 895819 999999
999999 791653 999999 791653 870500 999999 870500 999999
999998 791653 999998 791653 870499 999999 870499 999999
999998 775306 999998 775306 854152 999999 854152 999999
999998 775305 999998 775305 854153 999999 854153 999999
999999 749987 999999 749987 828835 999999 828835 999999
999998 749987 999998 749987 828834 999999 828834 999999
999998 733639 999998 733639 812486 999999 812486 999999
999998 733638 999998 733638 812487 999999 812487 999999
999999 708321 999999 708321 787170 999999 787170 999999
999998 708321 999998 708321 787169 999999 787169 999999
999998 691972 999998 691972 770820 999999 770820 999999
999998 691971 999998 691971 770821 999999 770821 999999
999999 666655 999999 666655 745505 999999 745505 999999
999998 666655 999998 666655 745504 999999 745504 999999
999998 650305 999998 650305 729154 999999 729154 999999
999998 650304 999998 650304 729155 999999 729155 999999
999999 624989 999999 624989 703840 999999 703840 999999
999998 624989 999998 624989 703839 999999 703839 999999
999998 608638 999998 608638 687488 999999 687488 999999
999998 608637 999998 608637 687489 999999 687489 999999
999999 583323 999999 583323 662175 999999 662175 999999
999998 583323 999998 583323 662174 999999 662174 999999
999998 566971 999998 566971 645822 999999 645822 999999
999998 566970 999998 566970 645823 999999 645823 999999
999999 541657 999999 541657 620510 999999 620510 999999
999998 541657 999998 541657 620509 999999 620509 999999
999998 525304 999998 525304 604156 999999 604156 999999
999998 525303 999998 525303 604157 999999 604157 999999
999999 499993 999999 499993 578847 999999 578847 999999
999998 499993 999998 499993 578846 999999 578846 999999
999998 483637 999998 483637 562490 999999 562490 999999
999998 483636 999998 483636 562491 999999 562491 999999
999999 458327 999999 458327 537182 999999 537182 999999
999998 458327 999998 458327 537181 999999 537181 999999
999998 441970 999998 441970 520824 999999 520824 999999
999998 441969 999998 441969 520825 999999 520825 999999
999999 416661 999999 416661 495517 999999 495517 999999
999998 416661 999998 416661 495516 999999 495516 999999
999998 400305 999998 400305 479160 999999 479160 999999
999998 400304 999998 400304 479161 999999 479161 999999
999999 374995 999999 374995 453852 999999 453852 999999
999998 374995 999998 374995 453851 999999 453851 999999
999998 358638 999998 358638 437494 999999 437494 999999
999998 358637 999998 358637 437495 999999 437495 999999
999999 333329 999999 333329 412187 999999 412187 999999
999998 333329 999998 333329 412186 999999 412186 999999
999998 316971 999998 316971 395828 999999 395828 999999
999998 316970 999998 316970 395829 999999 395829 999999
999999 291663 999999 291663 370522 999999 370522 999999
999998 291663 999998 291663 370521 999999 370521 999999
999998 275304 999998 275304 354162 999999 354162 999999
999998 275303 999998 275303 354163 999999 354163 999999
999999 249997 999999 249997 328857 999999 328857 999999
999998 249997 999998 249997 328856 999999 328856 999999
999998 233637 999998 233637 312496 999999 312496 999999
999998 233636 999998 233636 312497 999999 312497 999999
999999 208331 999999 208331 287192 999999 287192 999999
999998 208331 999998 208331 287191 999999 287191 999999
999998 191970 999998 191970 270830 999999 270830 999999
999998 191969 999998 191969 270831 999999 270831 999999
999999 166665 999999 166665 245527 999999 245527 999999
999998 166665 999998 166665 245526 999999 245526 999999
999998 150303 999998 150303 229164 999999 229164 999999
999998 150302 999998 150302 229165 999999 229165 999999
999999 124999 999999 124999 203862 999999 203862 999999
999998 124999 999998 124999 203861 999999 203861 999999
999998 108636 999998 108636 187498 999999 187498 999999
999998 108635 999998 108635 187499 999999 187499 999999
999999 83333 999999 83333 162197 999999 162197 999999
999998 83333 999998 83333 162196 999999 162196 999999
999998 66969 999998 66969 145832 999999 145832 999999
999998 66968 999998 66968 145833 999999 145833 999999
999999 41667 999999 41667 120532 999999 120532 999999
999998 41667 999998 41667 120531 999999 120531 999999
999998 25302 999998 25302 104166 999999 104166 999999
999998 25301 999998 25301 104167 999999 104167 999999
999999 1 999999 1 78867 999999 78867 999999
999998 1 999998 1 78866 999999 78866 999999
983632 1 983632 1 62500 999999 62500 999999
983631 1 983631 1 62501 999999 62501 999999
958317 1 958317 1 37187 999999 37187 999999
958318 1 958318 1 37186 999999 37186 999999
941966 1 941966 1 20834 999999 20834 999999
916651 1 916651 1 2941 982092 2941 982092
916652 1 916652 1 2940 982091 2940 982091
912494 1 912494 1 1 979150 1 979150
912493 1 912493 1 2 979150 2 979150
874985 1 874985 1 1 941642 1 941642
874986 1 874986 1 1 941641 1 941641
870829 1 870829 1 1 937484 1 937484
870828 1 870828 1 2 937484 2 937484
833319 1 833319 1 1 899975 1 899975
833320 1 833320 1 1 899974 1 899974
829164 1 829164 1 1 895818 1 895818
829163 1 829163 1 2 895818 2 895818
791653 1 791653 1 1 858308 1 858308
791654 1 791654 1 1 858307 1 858307
787499 1 787499 1 1 854152 1 854152
787498 1 787498 1 2 854152 2 854152
749987 1 749987 1 1 816641 1 816641
749988 1 749988 1 1 816640 1 816640
745834 1 745834 1 1 812486 1 812486
745833 1 745833 1 2 812486 2 812486
708321 1 708321 1 1 774974 1 774974
708322 1 708322 1 1 774973 1 774973
704169 1 704169 1 1 770820 1 770820
704168 1 704168 1 2 770820 2 770820
666655 1 666655 1 1 733307 1 733307
666656 1 666656 1 1 733306 1 733306
662504 1 662504 1 1 729154 1 729154
662503 1 662503 1 2 729154 2 729154
624989 1 624989 1 1 691640 1 691640
624990 1 624990 1 1 691639 1 691639
620839 1 620839 1 1 687488 1 687488
620838 1 620838 1 2 687488 2 687488
583323 1 583323 1 1 649973 1 649973
583324 1 583324 1 1 649972 1 649972
579174 1 579174 1 1 645822 1 645822
579173 1 579173 1 2 645822 2 645822
541657 1 541657 1 1 608306 1 608306
541658 1 541658 1 1 608305 1 608305
537509 1 537509 1 1 604156 1 604156
537508 1 537508 1 2 604156 2 604156
499993 1 499993 1 1 566641 1 566641
499994 1 499994 1 1 566640 1 566640
495844 1 495844 1 1 562490 1 562490
495843 1 495843 1 2 562490 2 562490
458327 1 458327 1 1 524974 1 524974
458328 1 458328 1 1 524973 1 524973
454179 1 454179 1 1 520824 1 520824
454178 1 454178 1 2 520824 2 520824
416661 1 416661 1 1 483307 1 483307
416662 1 416662 1 1 483306 1 483306
412516 1 412516 1 1 479160 1 479160
412515 1 412515 1 2 479160 2 479160
374995 1 374995 1 1 441640 1 441640
374996 1 374996 1 1 441639 1 441639
370851 1 370851 1 1 437494 1 437494
370850 1 370850 1 2 437494 2 437494
333329 1 333329 1 1 399973 1 399973
333330 1 333330 1 1 399972 1 399972
329186 1 329186 1 1 395828 1 395828
329185 1 329185 1 2 395828 2 395828
291663 1 291663 1 1 358306 1 358306
291664 1 291664 1 1 358305 1 358305
287521 1 287521 1 1 354162 1 354162
287520 1 287520 1 2 354162 2 354162
249997 1 249997 1 1 316639 1 316639
249998 1 249998 1 1 316638 1 316638
245856 1 245856 1 1 312496 1 312496
245855 1 245855 1 2 312496 2 312496
208331 1 208331 1 1 274972 1 274972
208332 1 208332 1 1 274971 1 274971
204191 1 204191 1 1 270830 1 270830
204190 1 204190 1 2 270830 2 270830
166665 1 166665 1 1 233305 1 233305
166666 1 166666 1 1 233304 1 233304
162526 1 162526 1 1 229164 1 229164
162525 1 162525 1 2 229164 2 229164
124999 1 124999 1 1 191638 1 191638
125000 1 125000 1 1 191637 1 191637
120861 1 120861 1 1 187498 1 187498
120860 1 120860 1 2 187498 2 187498
83333 1 83333 1 1 149971 1 149971
83334 1 83334 1 1 149970 1 149970
79196 1 79196 1 1 145832 1 145832
79195 1 79195 1 2 145832 2 145832
41667 1 41667 1 1 108304 1 108304
39817 3702 39817 3702 1 104166 1 104166
39816 3703 39816 3703 2 104166 2 104166
21182 40970 21182 40970 1 62500 1 62500
21182 40971 21182 40971 2 62500 2 62500
2548 78238 2548 78238 1 20834 1 20834
1 83333 1 83333 5405 19033 5405 19033
2 83333 2 83333 5406 19032 5406 19032
1 41667 1 41667 44934 5856 44934 5856
2 41667 2 41667 44935 5856 44935 5856
2 23151 2 23151 62500 1 62500 1
2 23150 2 23150 62501 1 62501 1
1 1 1 1 39352 1 39352 1
1 1 1 1 20834 1 20834 1
