87668 337770 87668 337770 326766 125788 326766 125788
127422 293220 127422 293220 328938 185457 328938 185457
136295 303749 136295 303749 329439 199217 329439 199217
136685 304348 136685 304348 329465 199931 329465 199931
143897 315410 143897 315410 341751 204773 341751 204773
171060 357080 171060 357080 325607 251822 325607 251822
171881 353198 171881 353198 324319 255575 324319 255575
177843 325000 177843 325000 307462 232198 307462 232198
181135 309432 181135 309432 297549 219750 297549 219750
182224 304282 182224 304282 296314 224866 296314 224866
182596 302524 182596 302524 294995 226087 294995 226087
182958 294819 182958 294819 289336 231328 289336 231328
183792 277059 183792 277059 273245 223765 273245 223765
185089 249451 185089 249451 253657 204266 253657 204266
193714 229199 193714 229199 238056 188737 238056 188737
196882 221759 196882 221759 236392 196650 236392 196650
217248 255727 217248 255727 228243 235408 228243 235408
216673 292052 216673 292052 220767 270960 220767 270960
216548 299968 216548 299968 228576 269658 228576 269658
217712 305861 217712 305861 234501 268670 234501 268670
249661 278741 249661 278741 275838 261777 275838 261777
261414 271118 261414 271118 289656 259473 289656 259473
271933 264295 271933 264295 283673 270491 283673 270491
280127 258980 280127 258980 290778 277193 290778 277193
279778 260884 279778 260884 292186 278521 292186 278521
275391 284801 275391 284801 299740 301634 299740 301634
272918 298288 272918 298288 313175 298892 313175 298892
284775 296804 284775 296804 324883 296503 324883 296503
288234 308015 288234 308015 336379 294157 336379 294157
289913 313457 289913 313457 341223 297151 341223 297151
293969 326603 293969 326603 336176 309950 336176 309950
277838 354780 277838 354780 324266 340154 324266 340154
274052 361552 274052 361552 321420 347372 321420 347372
269584 369545 269584 369545 316594 355154 316594 355154
267173 373857 267173 373857 312500 357919 312500 357919
254217 376820 254217 376820 301487 365358 301487 365358
240610 379933 240610 379933 287811 362562 287811 362562
220966 417045 220966 417045 246671 354153 246671 354153
231922 433685 231922 433685 227152 350163 227152 350163
233302 432343 233302 432343 225266 349777 225266 349777
251858 414294 251858 414294 224511 375652 224511 375652
282953 384048 282953 384048 212635 417373 212635 417373
283836 382622 283836 382622 212176 418986 212176 418986
298309 359243 298309 359243 234964 434373 234964 434373
314101 345169 314101 345169 252495 446211 252495 446211
322269 344717 322269 344717 259275 450789 259275 450789
353175 343006 353175 343006 288951 459589 288951 459589
355156 343945 355156 343945 291053 460212 291053 460212
366407 349281 366407 349281 303390 461900 303390 461900
373661 370092 373661 370092 325226 464888 325226 464888
379674 387343 379674 387343 338648 452495 338648 452495
385206 403215 385206 403215 325452 442084 325452 442084
388321 412153 388321 412153 332050 435297 332050 435297
401700 401998 401700 401998 343758 423254 343758 423254
427198 382645 427198 382645 349476 391758 349476 391758
400954 357598 400954 357598 355956 356063 355956 356063
402021 356608 402021 356608 356216 354631 356216 354631
409643 349537 409643 349537 362671 346481 362671 346481
426289 334092 426289 334092 384224 339332 384224 339332
428967 331608 428967 331608 384899 342922 384899 342922
430046 325197 430046 325197 386101 349311 386101 349311
444308 332503 444308 332503 389064 365059 389064 365059
449455 335140 449455 335140 393679 361574 393679 361574
446939 358161 446939 358161 412159 347618 412159 347618
448727 359359 448727 359359 413877 346321 413877 346321
472894 375550 472894 375550 428368 321098 428368 321098
474031 376311 474031 376311 427193 320397 427193 320397
484634 383415 484634 383415 420218 309709 420218 309709
503312 398288 503312 398288 407170 289713 407170 289713
490284 367260 490284 367260 388779 261531 388779 261531
489079 364391 489079 364391 391764 260652 391764 260652
485581 345622 485581 345622 410078 255256 410078 255256
485474 345049 485474 345049 410641 255106 410641 255106
487182 340978 487182 340978 414908 253973 414908 253973
486515 330437 486515 330437 425116 251260 425116 251260
476154 309560 476154 309560 447641 245275 447641 245275
482191 302355 482191 302355 456725 242861 456725 242861
465177 297219 465177 297219 473902 238297 473902 238297
437840 285755 437840 285755 502551 230684 502551 230684
468153 258638 468153 258638 541859 220239 541859 220239
478882 243079 478882 243079 560125 215386 560125 215386
449433 250508 449433 250508 589478 207586 589478 207586
395110 249109 395110 249109 641996 193631 641996 193631
393504 249068 393504 249068 643360 194481 643360 194481
416332 192317 416332 192317 695277 226829 695277 226829
427787 163840 427787 163840 669967 244194 669967 244194
507559 169873 507559 169873 604001 289454 604001 289454
562688 174043 562688 174043 558413 320732 558413 320732
559358 235771 559358 235771 507439 355705 507439 355705
555816 301425 555816 301425 473238 411859 473238 411859
555871 303223 555871 303223 472302 413395 472302 413395
557079 342375 557079 342375 439122 434215 439122 434215
564756 353364 564756 353364 427768 441340 427768 441340
543803 377829 543803 377829 400483 458461 400483 458461
543533 378144 543533 378144 400073 458524 400073 458524
565632 390724 565632 390724 374942 462404 374942 462404
577889 397701 577889 397701 361755 467404 361755 467404
592523 398953 592523 398953 348021 472611 348021 472611
594616 399132 594616 399132 347889 474707 347889 474707
624573 363431 624573 363431 344949 521219 344949 521219
628767 358432 628767 358432 343835 527648 343835 527648
647520 340763 647520 340763 339435 553036 339435 553036
646124 350566 646124 350566 337744 562792 337744 562792
642582 356917 642582 356917 336502 569957 336502 569957
626909 385022 626909 385022 368517 566699 368517 566699
611818 412083 611818 412083 371740 597515 371740 597515
606640 421369 606640 421369 377161 606661 377161 606661
600607 437415 600607 437415 385902 621408 385902 621408
601156 443068 601156 443068 388798 626294 388798 626294
602184 453649 602184 453649 392831 636130 392831 636130
603351 465659 603351 465659 396586 624663 396586 624663
596388 476049 596388 476049 400478 612776 400478 612776
588229 488222 588229 488222 415131 612633 415131 612633
587908 488701 587908 488701 415510 612198 415510 612198
583325 495360 583325 495360 420818 606101 420818 606101
578983 501668 578983 501668 424426 599346 424426 599346
578834 501884 578834 501884 424554 599575 424554 599575
560731 483779 560731 483779 437092 621898 437092 621898
559741 482789 559741 482789 437730 620652 437730 620652
534608 454056 534608 454056 455133 586676 455133 586676
538556 423173 538556 423173 469326 558965 469326 558965
531928 430302 531928 430302 473764 550301 473764 550301
520254 442859 520254 442859 486717 539069 486717 539069
518267 444996 518267 444996 486523 541981 486523 541981
500454 450629 500454 450629 485282 560622 485282 560622
467517 448280 467517 448280 483088 593570 483088 593570
457607 442801 457607 442801 482335 604869 482335 604869
455770 449540 455770 449540 481871 611838 481871 611838
452185 462696 452185 462696 468770 615619 468770 615619
447103 481344 447103 481344 477940 632634 477940 632634
469966 491449 469966 491449 489799 654638 489799 654638
494777 502416 494777 502416 468157 670992 468157 670992
504018 508203 504018 508203 459458 677566 459458 677566
515770 515564 515770 515564 455551 690871 455551 690871
526871 522516 526871 522516 448197 680032 448197 680032
539368 530343 539368 530343 436006 688328 436006 688328
545402 536346 545402 536346 428969 693116 428969 693116
568060 558890 568060 558890 399930 706471 399930 706471
574433 565230 574433 565230 400337 715451 400337 715451
551828 560965 551828 560965 401377 738432 401377 738432
531654 557159 531654 557159 410089 757021 410089 757021
517560 553711 517560 553711 416247 770159 416247 770159
478535 544162 478535 544162 381248 789887 381248 789887
476676 555471 476676 555471 371264 795515 371264 795515
444259 563416 444259 563416 342188 811904 342188 811904
396312 575167 396312 575167 390830 820325 390830 820325
395239 572915 395239 572915 393288 820751 393288 820751
387477 556621 387477 556621 401177 836984 401177 836984
377186 535020 377186 535020 422028 825248 422028 825248
384272 527820 384272 527820 430831 820293 430831 820293
389506 522502 389506 522502 431772 812890 431772 812890
403447 508338 403447 508338 422804 795155 422804 795155
411291 500367 411291 500367 429838 786461 429838 786461
413237 492150 413237 492150 435149 779896 435149 779896
417263 475153 417263 475153 443667 764646 443667 764646
403546 475146 403546 475146 450357 752671 450357 752671
381512 475135 381512 475135 465013 736218 465013 736218
366109 475127 366109 475127 469827 721587 469827 721587
355583 495816 355583 495816 477082 699537 477082 699537
347428 511847 347428 511847 494625 695571 494625 695571
345289 516051 345289 516051 496064 691079 496064 691079
342608 521320 342608 521320 497713 685402 497713 685402
338090 530201 338090 530201 506756 689587 506756 689587
289944 540986 289944 540986 551532 710311 551532 710311
278342 543585 278342 543585 561163 703340 561163 703340
279175 557301 279175 557301 572295 695283 572295 695283
280823 584427 280823 584427 550231 679417 550231 679417
282900 618610 282900 618610 566541 649305 566541 649305
283958 636034 283958 636034 557407 634429 557407 634429
286047 670408 286047 670408 586017 615262 586017 615262
289174 721885 289174 721885 634253 597013 634253 597013
296185 722257 296185 722257 640819 594529 640819 594529
306632 722811 306632 722811 650145 599270 650145 599270
386520 727049 386520 727049 725142 571424 725142 571424
399508 727738 399508 727738 737336 566897 737336 566897
425306 715911 425306 715911 763941 557019 763941 557019
432156 712770 432156 712770 769886 561650 769886 561650
509849 708898 509849 708898 831255 609453 831255 609453
556839 706556 556839 706556 784506 604156 784506 604156
636740 702574 636740 702574 715598 644798 715598 644798
646585 702083 646585 702083 707108 649805 707108 649805
658005 683715 658005 683715 688478 660793 688478 660793
678013 651534 678013 651534 650844 665221 650844 665221
685222 639938 685222 639938 659501 675780 659501 675780
677519 626397 677519 626397 669379 687827 669379 687827
691949 601437 691949 601437 687659 710122 687659 710122
702492 583200 702492 583200 677963 728823 677963 728823
662850 545698 662850 545698 652845 777268 652845 777268
659246 543787 659246 543787 650967 780890 650967 780890
652466 540193 652466 540193 644328 777042 644328 777042
636554 523798 636554 523798 624562 765585 624562 765585
627268 512608 627268 512608 611981 758293 611981 758293
622108 506389 622108 506389 603944 757448 603944 757448
641843 508110 641843 508110 584243 755376 584243 755376
665473 501455 665473 501455 559828 752808 559828 752808
674442 498929 674442 498929 556269 761419 556269 761419
700447 491605 700447 491605 545427 786165 545427 786165
751257 543772 751257 543772 516202 852865 516202 852865
753180 545746 753180 545746 516202 852865 516202 852865
748428 505540 748428 505540 516202 852865 516202 852865
787393 437265 787393 437265 516202 852865 516202 852865
791045 436830 791045 436830 516202 852865 516202 852865
