253667 887642 253667 887642 563500 869327 563500 869327
249760 862623 249760 862623 569142 844641 569142 844641
231849 810164 231849 810164 581492 790602 581492 790602
232760 809755 232760 809755 581714 789629 581714 789629
251058 801540 251058 801540 576402 770287 576402 770287
254465 800010 254465 800010 572680 769982 572680 769982
284923 803473 284923 803473 542128 767477 542128 767477
288109 803835 288109 803835 541567 764320 541567 764320
303767 804063 303767 804063 538826 748902 538826 748902
313759 768713 313759 768713 532397 712734 532397 712734
323978 732556 323978 732556 494869 714571 494869 714571
312950 732960 312950 732960 483847 715110 483847 715110
280385 734154 280385 734154 478488 682966 478488 682966
274327 713078 274327 713078 474881 661336 474881 661336
256489 739739 256489 739739 469606 629694 469606 629694
248675 742837 248675 742837 468224 621403 468224 621403
242054 727537 242054 727537 465482 604959 465482 604959
240052 722911 240052 722911 470243 603303 470243 603303
233317 714046 233317 714046 480758 599646 480758 599646
242323 693816 242323 693816 501673 592371 501673 592371
245094 687592 245094 687592 506888 596756 506888 596756
242680 670605 242680 670605 520021 607797 520021 607797
249507 663881 249507 663881 527356 613963 527356 613963
251195 663071 251195 663071 528789 615168 528789 615168
259290 663961 259290 663961 535022 620409 535022 620409
251911 658988 251911 658988 541833 626135 541833 626135
229422 643831 229422 643831 547488 652659 547488 652659
218105 648429 218105 648429 550035 664606 550035 664606
205707 655156 205707 655156 552977 678401 552977 678401
214208 666346 214208 666346 555907 692145 555907 692145
226953 683124 226953 683124 565609 710848 565609 710848
228367 692820 228367 692820 570121 719546 570121 719546
214604 697355 214604 697355 576794 732410 576794 732410
210637 696566 210637 696566 578656 736000 578656 736000
193061 693073 193061 693073 593741 745672 593741 745672
173595 696646 173595 696646 610402 756354 610402 756354
160450 699059 160450 699059 618646 766873 618646 766873
165839 690581 165839 690581 624842 774780 624842 774780
185757 659244 185757 659244 651590 800535 651590 800535
185862 659079 185862 659079 651686 800706 651686 800706
171940 618178 171940 618178 672843 838376 672843 838376
176922 616363 176922 616363 675440 842999 675440 842999
207540 605211 207540 605211 686698 812420 686698 812420
191972 579287 191972 579287 697146 784043 697146 784043
174227 549739 174227 549739 730366 793231 730366 793231
155769 519004 155769 519004 763868 805995 763868 805995
123038 464501 123038 464501 732117 750915 732117 750915
141635 456585 141635 456585 722023 733404 722023 733404
194259 434183 194259 434183 665340 725779 665340 725779
226846 420312 226846 420312 629926 726202 629926 726202
239874 414766 239874 414766 621737 714651 621737 714651
240926 414318 240926 414318 622784 714192 622784 714192
235117 442797 235117 442797 649400 702513 649400 702513
261369 458209 261369 458209 677276 690282 677276 690282
276189 470470 276189 470470 694890 682553 694890 682553
288798 480902 288798 480902 708703 691329 708703 691329
299410 468933 299410 468933 722204 699907 722204 699907
309489 457567 309489 457567 736404 705303 736404 705303
317227 448840 317227 448840 745653 698196 745653 698196
321589 448115 321589 448115 749160 695502 749160 695502
323961 447720 323961 447720 749928 697780 749928 697780
344119 444368 344119 444368 744954 717600 744954 717600
343992 443198 343992 443198 744668 718742 744668 718742
341318 418598 341318 418598 768719 724560 768719 724560
340493 411010 340493 411010 773821 730237 773821 730237
318748 410943 318748 410943 788356 746411 788356 746411
310179 410916 310179 410916 792386 738849 792386 738849
288997 392360 288997 392360 805630 713998 805630 713998
286482 390157 286482 390157 804419 710881 804419 710881
279471 384015 279471 384015 813626 712330 813626 712330
311712 394424 311712 394424 847094 717596 847094 717596
326897 389639 326897 389639 862822 720070 862822 720070
334596 377415 334596 377415 877093 722316 877093 722316
338783 370768 338783 370768 874162 715027 874162 715027
341736 366080 341736 366080 869498 712037 869498 712037
337195 342607 337195 342607 849372 699132 849372 699132
353613 328190 353613 328190 830978 687339 830978 687339
338737 302888 338737 302888 806270 671497 806270 671497
338668 302770 338668 302770 806391 671433 806391 671433
335732 283470 335732 283470 823674 662356 823674 662356
331900 258276 331900 258276 821839 636938 821839 636938
325095 213539 325095 213539 844340 597677 844340 597677
366379 272277 366379 272277 880040 535387 880040 535387
398755 318342 398755 318342 839406 496413 839406 496413
416439 343503 416439 343503 814553 478298 814553 478298
420821 377805 420821 377805 786607 457929 786607 457929
421579 383740 421579 383740 781327 460742 781327 460742
398908 393421 398908 393421 759569 472331 759569 472331
392994 395946 392994 395946 756511 477988 756511 477988
373905 404097 373905 404097 749247 458545 749247 458545
390947 426675 390947 426675 739346 432046 739346 432046
402249 441647 402249 441647 739872 413295 739872 413295
416896 460342 416896 460342 740538 389554 740538 389554
425853 471774 425853 471774 727288 395499 727288 395499
443756 494625 443756 494625 698701 390453 698701 390453
449129 501483 449129 501483 692471 396543 692471 396543
446395 550954 446395 550954 657041 431178 657041 431178
445690 563721 445690 563721 645487 425701 645487 425701
426859 586308 426859 586308 618915 413104 618915 413104
425705 587692 425705 587692 619417 414835 619417 414835
452506 592790 452506 592790 627018 441036 627018 441036
464401 595053 464401 595053 625909 453094 625909 453094
484525 605558 484525 605558 623829 475699 623829 475699
477763 608991 477763 608991 623134 483251 623134 483251
460807 617599 460807 617599 641882 486432 641882 486432
446967 624625 446967 624625 650733 499182 650733 499182
433136 631646 433136 631646 661901 488417 661901 488417
414732 619120 414732 619120 677929 472967 677929 472967
402212 610599 402212 610599 682789 487310 682789 487310
384997 603960 384997 603960 688709 504785 688709 504785
381750 602708 381750 602708 691912 506148 691912 506148
378058 601284 378058 601284 688914 508730 688914 508730
364201 581808 364201 581808 670804 524330 670804 524330
358207 573383 358207 573383 661293 528385 661293 528385
333646 567871 333646 567871 638137 538256 638137 538256
311203 567656 311203 567656 617491 547057 617491 547057
275725 567317 275725 567317 611481 582024 611481 582024
270991 571313 270991 571313 610431 588130 610431 588130
238961 598351 238961 598351 568551 586400 568551 586400
241342 602595 241342 602595 563689 586199 563689 586199
246215 611280 246215 611280 557071 578757 557071 578757
254268 625635 254268 625635 560527 562664 560527 562664
260694 619417 260694 619417 562405 553922 562405 553922
274408 630038 274408 630038 566047 536963 566047 536963
286249 635499 286249 635499 568785 524214 568785 524214
281920 640947 281920 640947 570247 517410 570247 517410
286489 656602 286489 656602 573671 501466 573671 501466
290799 671369 290799 671369 579107 487075 579107 487075
287385 676754 287385 676754 581360 481110 581360 481110
286741 677770 286741 677770 580995 479964 580995 479964
292450 676960 292450 676960 579242 474471 579242 474471
307765 678775 307765 678775 574555 459778 574555 459778
325785 664511 325785 664511 567571 437883 567571 437883
353374 662372 353374 662372 559161 411520 559161 411520
368194 678781 368194 678781 552441 390455 552441 390455
381427 693433 381427 693433 568792 379390 568792 379390
414339 694362 414339 694362 596060 360937 596060 360937
420578 694539 420578 694539 602280 361455 602280 361455
472608 696008 472608 696008 649625 383083 649625 383083
482238 696280 482238 696280 654896 375019 654896 375019
485641 696376 485641 696376 657173 372489 657173 372489
495307 711297 495307 711297 669064 359273 669064 359273
511836 736812 511836 736812 696504 372362 696504 372362
527827 761496 527827 761496 722182 358023 722182 358023
532344 768469 532344 768469 730453 358812 730453 358812
593027 759882 593027 759882 791463 364636 791463 364636
639304 753334 639304 753334 782155 318834 782155 318834
654676 751158 654676 751158 770097 309055 770097 309055
656332 750924 656332 750924 768953 310275 768953 310275
649671 737518 649671 737518 758712 321194 758712 321194
647452 733052 647452 733052 757273 325969 757273 325969
640163 718383 640163 718383 747240 338916 747240 338916
634131 706242 634131 706242 737692 329292 737692 329292
636591 696129 636591 696129 730362 321903 730362 321903
647095 652950 647095 652950 687626 309720 687626 309720
652215 631905 652215 631905 672878 293858 672878 293858
657158 611584 657158 611584 680617 274429 680617 274429
644533 607110 644533 607110 685574 261986 685574 261986
618230 597787 618230 597787 657799 259280 657799 259280
597262 590356 597262 590356 636091 254418 636091 254418
593686 594188 593686 594188 630976 253273 630976 253273
576858 612219 576858 612219 626565 277539 626565 277539
577109 597238 577109 597238 623886 292281 623886 292281
577347 583065 577347 583065 611490 299155 611490 299155
547510 575268 547510 575268 584520 314110 584520 314110
538258 572850 538258 572850 582322 304803 582322 304803
540879 572025 540879 572025 581691 302129 581691 302129
560218 565933 560218 565933 561788 298258 561788 298258
578879 560055 578879 560055 568971 316457 568971 316457
579907 559731 579907 559731 567943 316781 567943 316781
575328 553372 575328 553372 560469 319135 560469 319135
573532 550879 573532 550879 557562 320129 557562 320129
577553 546907 577553 546907 552214 321958 552214 321958
590841 533783 590841 533783 533647 323979 533647 323979
606278 518535 606278 518535 512491 328799 512491 328799
635145 485014 635145 485014 469359 338626 469359 338626
640034 479336 640034 479336 472988 332070 472988 332070
636994 478564 636994 478564 474506 329326 474506 329326
612632 442910 612632 442910 495418 291545 495418 291545
608195 436417 608195 436417 502379 295204 502379 295204
606352 437172 606352 437172 504142 296131 504142 296131
601581 439125 601581 439125 506265 300829 506265 300829
573744 450525 573744 450525 533159 287355 533159 287355
561365 455594 561365 455594 528979 274648 528979 274648
544870 464709 544870 464709 523089 256746 523089 256746
526468 474877 526468 474877 542058 247681 542058 247681
526466 474134 526466 474134 542729 247360 542729 247360
526368 439548 526368 439548 559052 216868 559052 216868
524018 437987 524018 437987 560383 214381 560383 214381
502403 423630 502403 423630 534540 212046 534540 212046
538157 409117 538157 409117 496109 208573 496109 208573
545990 405938 545990 405938 504484 207421 504484 207421
556393 399438 556393 399438 516636 205749 516636 205749
568629 391792 568629 391792 516636 205749 516636 205749
576343 418945 576343 418945 516636 205749 516636 205749
616313 407015 616313 407015 516636 205749 516636 205749
660020 386972 660020 386972 516636 205749 516636 205749
674360 390365 674360 390365 516636 205749 516636 205749
663171 311151 663171 311151 516636 205749 516636 205749
659752 286949 659752 286949 516636 205749 516636 205749
