169836 642968 169836 642968 917646 604799 917646 604799
217783 672826 217783 672826 880779 562006 880779 562006
285693 715114 285693 715114 929727 498728 929727 498728
309279 729802 309279 729802 946728 476750 946728 476750
318956 725789 318956 725789 953138 468464 953138 468464
392853 695143 392853 695143 880800 434300 880800 434300
413438 686606 413438 686606 860650 424783 860650 424783
485924 656545 485924 656545 805860 480962 805860 480962
488537 674261 488537 674261 793357 493782 793357 493782
491239 692582 491239 692582 776773 485540 776773 485540
495931 724395 495931 724395 756485 460591 756485 460591
501442 761758 501442 761758 775937 428219 775937 428219
501735 763743 501735 763743 774015 427640 774015 427640
509572 766486 509572 766486 766065 425245 766065 425245
551909 781302 551909 781302 771590 380732 771590 380732
605510 800061 605510 800061 714862 378105 714862 378105
615435 803534 615435 803534 713749 388561 713749 388561
645984 803570 645984 803570 710514 418938 710514 418938
658000 803585 658000 803585 720497 425626 720497 425626
694341 803628 694341 803628 730197 460649 730197 460649
695829 803630 695829 803630 728761 461038 728761 461038
658602 773859 658602 773859 682748 473488 682748 473488
644344 762457 644344 762457 664516 472548 664516 472548
629333 750453 629333 750453 646941 464768 646941 464768
625934 747734 625934 747734 646961 469121 646961 469121
614068 710537 614068 710537 647135 508164 647135 508164
611963 684400 611963 684400 647253 534386 647253 534386
622821 664661 622821 664661 647354 556914 647354 556914
622602 664603 622602 664603 647355 557140 647355 557140
591605 656393 591605 656393 616720 566611 616720 566611
584492 656465 584492 656465 609924 568712 609924 568712
582436 656486 582436 656486 609920 566656 609920 566656
580932 625796 580932 625796 609862 535929 609862 535929
579524 597069 579524 597069 582817 526142 582817 526142
566908 581800 566908 581800 564192 519402 564192 519402
561060 574722 561060 574722 555284 521625 555284 521625
554837 573361 554837 573361 549103 523168 549103 523168
552711 572896 552711 572896 547191 524207 547191 524207
539792 567464 539792 567464 534877 530897 534877 530897
514406 556789 514406 556789 519766 553921 519766 553921
510300 555633 510300 555633 517426 557487 517426 557487
442710 536607 442710 536607 522824 487478 522824 487478
424388 531449 424388 531449 533631 471809 533631 471809
409573 527279 409573 527279 522691 460983 522691 460983
416228 514605 416228 514605 512516 450914 512516 450914
430020 488340 430020 488340 489057 469072 489057 469072
447009 455987 447009 455987 458237 449438 458237 449438
438712 455605 438712 455605 451232 444976 451232 444976
409240 454249 409240 454249 456846 473940 456846 473940
398584 453759 398584 453759 467401 475487 467401 475487
368829 452389 368829 452389 465982 505239 465982 505239
356997 451845 356997 451845 469956 516398 469956 516398
338842 460196 338842 460196 476660 535223 476660 535223
321437 468202 321437 468202 457661 537687 457661 537687
311880 475672 311880 475672 445632 539247 445632 539247
283583 497792 283583 497792 453170 574364 453170 574364
283588 494372 283588 494372 453888 577708 453888 577708
283602 483706 283602 483706 456942 587927 456942 587927
285158 477668 285158 477668 458728 593901 458728 593901
293467 445424 293467 445424 472875 624044 472875 624044
296947 443326 296947 443326 474601 627722 474601 627722
300912 431162 300912 431162 480037 639304 480037 639304
314744 434632 314744 434632 486096 652214 486096 652214
333882 439433 333882 439433 469756 663273 469756 663273
379645 403439 379645 403439 421540 695907 421540 695907
376750 391701 376750 391701 411527 702684 411527 702684
373043 376673 373043 376673 400545 691777 400545 691777
352144 361803 352144 361803 382346 673703 382346 673703
373115 318031 373115 318031 347908 639501 347908 639501
378729 309558 378729 309558 340696 632338 340696 632338
388977 294089 388977 294089 337647 614035 337647 614035
403950 289205 403950 289205 335059 598499 335059 598499
398068 250628 398068 250628 328647 560007 328647 560007
413532 256266 413532 256266 325942 543771 325942 543771
435237 264180 435237 264180 302843 543343 302843 543343
435319 264213 435319 264213 302755 543341 302755 543341
451094 270567 451094 270567 290022 532067 290022 532067
441684 284682 441684 284682 277321 520821 277321 520821
427709 306605 427709 306605 257856 503587 257856 503587
454419 309502 454419 309502 237741 485776 237741 485776
449286 312095 449286 312095 233436 481964 233436 481964
441612 327139 441612 327139 220792 470769 220792 470769
437163 335861 437163 335861 230464 472293 230464 472293
425173 347587 425173 347587 247031 474904 247031 474904
423017 345614 423017 345614 249918 475359 249918 475359
409845 357809 409845 357809 267649 478153 267649 478153
445652 387890 445652 387890 313845 485432 313845 485432
446528 377946 446528 377946 323706 486986 323706 486986
448488 355708 448488 355708 337613 504449 337613 504449
454888 344753 454888 344753 345517 514373 345517 514373
481607 349199 481607 349199 362391 535561 362391 535561
487116 350116 487116 350116 367635 533639 367635 533639
492040 350935 492040 350935 372625 533520 372625 533520
529804 350447 529804 350447 410382 532619 410382 532619
533431 350400 533431 350400 412091 529420 412091 529420
546273 350234 546273 350234 424822 527727 424822 527727
576247 349846 576247 349846 412838 500250 412838 500250
580052 337249 580052 337249 407577 488188 407577 488188
577733 324115 577733 324115 402246 475963 402246 475963
577825 324174 577825 324174 402202 475863 402202 475863
597120 336655 597120 336655 389231 456894 389231 456894
634001 332606 634001 332606 368288 426267 368288 426267
641078 362054 641078 362054 351192 401267 351192 401267
645039 378537 645039 378537 367860 398176 367860 398176
645628 380990 645628 380990 370337 398653 370337 398653
648481 392762 648481 392762 382231 400945 382231 400945
665811 393333 665811 393333 399257 404225 399257 404225
658316 399862 658316 399862 409018 406105 409018 406105
639010 416677 639010 416677 427741 388643 427741 388643
631776 409832 631776 409832 435024 381850 435024 381850
618087 396881 618087 396881 439672 363588 439672 363588
614120 393127 614120 393127 434433 362045 434433 362045
603120 391375 603120 391375 423748 358899 423748 358899
592045 389611 592045 389611 424766 347730 424766 347730
597778 407237 597778 407237 426448 329272 426448 329272
587975 420419 587975 420419 427939 312912 427939 312912
585499 423749 585499 423749 425151 309839 425151 309839
576853 443547 576853 443547 410635 293839 410635 293839
576758 443765 576758 443765 410868 293788 410868 293788
591902 458598 591902 458598 431580 289276 431580 289276
593152 457163 593152 457163 433439 288871 433439 288871
602886 445988 602886 445988 445911 296877 445911 296877
601170 439656 601170 439656 451431 300421 451431 300421
620120 450684 620120 450684 469882 312266 469882 312266
645246 447987 645246 447987 491148 325917 491148 325917
681287 443591 681287 443591 521702 345531 521702 345531
682559 443436 682559 443436 521060 346640 521060 346640
686712 437201 686712 437201 517304 353122 517304 353122
698193 456723 698193 456723 505949 372718 505949 372718
712639 443307 712639 443307 496065 389776 496065 389776
715371 437483 715371 437483 492840 395342 492840 395342
717709 435787 717709 435787 491392 397841 491392 397841
719878 434214 719878 434214 492945 400024 492945 400024
720682 433631 720682 433631 492314 400791 492314 400791
705737 424798 705737 424798 481282 414196 481282 414196
699540 421135 699540 421135 486713 418921 486713 418921
701288 418703 701288 418703 488972 420886 488972 420886
713758 401354 713758 401354 509964 416902 509964 416902
714967 399672 714967 399672 512031 417035 512031 417035
706472 384448 706472 384448 529428 418155 529428 418155
692789 377298 692789 377298 544835 419147 544835 419147
692632 377216 692632 377216 544950 419281 544950 419281
695939 366269 695939 366269 552408 427951 552408 427951
700320 351766 700320 351766 566515 433474 566515 433474
708191 348410 708191 348410 574483 436593 574483 436593
724830 341315 724830 341315 568143 453534 568143 453534
724570 347705 724570 347705 565902 459524 565902 459524
724347 353208 724347 353208 568117 464567 568117 464567
722796 391396 722796 391396 605058 454767 605058 454767
723248 392267 723248 392267 606007 454515 606007 454515
733646 412318 733646 412318 604406 431985 604406 431985
743743 421310 743743 421310 603447 418499 603447 418499
750980 427755 750980 427755 605887 409120 605887 409120
752618 430171 752618 430171 606622 406296 606622 406296
767114 451552 767114 451552 631295 413948 631295 413948
768480 453567 768480 453567 633576 414800 633576 414800
780521 463595 780521 463595 648255 420283 648255 420283
787810 469666 787810 469666 657221 417185 657221 417185
808559 486946 808559 486946 636662 399679 636662 399679
777937 487086 777937 487086 613347 379827 613347 379827
753574 487198 753574 487198 622510 357252 622510 357252
751742 488008 751742 488008 623263 355396 623263 355396
726097 499352 726097 499352 650886 360224 650886 360224
719885 494084 719885 494084 658909 361626 658909 361626
717845 484081 717845 484081 668966 363384 668966 363384
716371 476851 716371 476851 676122 361587 676122 361587
699806 487845 699806 487845 695405 356744 695405 356744
698879 488460 698879 488460 696439 357155 696439 357155
692820 492482 692820 492482 702585 353268 702585 353268
675240 504149 675240 504149 688073 337952 688073 337952
689066 537186 689066 537186 663441 311955 663441 311955
702600 569525 702600 569525 687919 286859 687919 286859
707168 569536 707168 569536 691109 283589 691109 283589
731702 569597 731702 569597 671727 268547 671727 268547
722653 579891 722653 579891 660900 260144 660900 260144
684760 622998 684760 622998 609177 235267 609177 235267
650431 618098 650431 618098 577926 220237 577926 220237
645791 622282 645791 622282 572296 217529 572296 217529
640015 627491 640015 627491 565277 214178 565277 214178
686608 663453 686608 663453 512161 188823 512161 188823
708178 653323 708178 653323 490655 178557 490655 178557
717229 672322 717229 672322 471663 169491 471663 169491
710682 700651 710682 700651 445424 156966 445424 156966
710120 703082 710120 703082 443138 157966 443138 157966
736840 676501 736840 676501 408609 173074 408609 173074
744366 650349 744366 650349 383677 183982 383677 183982
762879 662785 762879 662785 363245 192922 363245 192922
802805 689605 802805 689605 338229 234002 338229 234002
822882 703092 822882 703092 342352 257835 342352 257835
855331 724890 855331 724890 303345 255280 303345 255280
856381 725595 856381 725595 302365 256079 302365 256079
856381 725595 856381 725595 283429 271506 283429 271506
856381 725595 856381 725595 311604 286317 311604 286317
856381 725595 856381 725595 329735 297880 329735 297880
856381 725595 856381 725595 369593 316518 369593 316518
856381 725595 856381 725595 318893 338854 318893 338854
856381 725595 856381 725595 299495 321602 299495 321602
856381 725595 856381 725595 239802 340729 239802 340729
856381 725595 856381 725595 238459 283802 238459 283802
856381 725595 856381 725595 181109 238977 181109 238977
856381 725595 856381 725595 133049 302932 133049 302932
856381 725595 856381 725595 132810 303249 132810 303249
