837975 298827 837975 298827 431544 880608 431544 880608
826145 304598 826145 304598 430660 867475 430660 867475
769102 326130 769102 326130 426567 806641 426567 806641
766414 327955 766414 327955 426349 803400 426349 803400
743703 343372 743703 343372 402053 816175 402053 816175
725413 358242 725413 358242 381189 827145 381189 827145
690750 386424 690750 386424 336599 824413 336599 824413
702161 393849 702161 393849 323010 823580 323010 823580
722679 407199 722679 407199 317344 799766 317344 799766
742971 420403 742971 420403 332750 781091 332750 781091
773126 439282 773126 439282 355389 753647 355389 753647
782479 438309 782479 438309 361373 746393 361373 746393
789708 437557 789708 437557 354146 745619 354146 745619
785411 409573 785411 409573 325995 742602 325995 742602
785383 409392 785383 409392 325982 742420 325982 742420
786817 381727 786817 381727 324003 714788 324003 714788
814183 411195 814183 411195 321129 674676 321129 674676
847709 436528 847709 436528 318127 632762 318127 632762
911536 484758 911536 484758 268269 570199 268269 570199
913095 485937 913095 485937 267051 568670 267051 568670
935961 503215 935961 503215 255542 542423 255542 542423
856575 513109 856575 513109 223415 469157 223415 469157
854098 513418 854098 513418 222413 466871 222413 466871
841875 514942 841875 514942 226354 455200 226354 455200
823005 517293 823005 517293 214020 440727 214020 440727
815458 518234 815458 518234 216474 433528 216474 433528
804864 521144 804864 521144 220018 423130 220018 423130
771234 530381 771234 530381 219315 388261 219315 388261
769474 530864 769474 530864 221004 388953 221004 388953
759332 519880 759332 519880 234836 394625 234836 394625
748753 508186 748753 508186 249426 400608 249426 400608
749221 489732 749221 489732 266506 407612 266506 407612
748300 486510 748300 486510 269606 408883 269606 408883
744530 473320 744530 473320 272972 422182 272972 422182
735931 469491 735931 469491 275281 431308 275281 431308
735766 469418 735766 469418 275461 431322 275461 431322
720258 487683 720258 487683 299350 433165 299350 433165
717901 494090 717901 494090 306157 433690 306157 433690
711757 510797 711757 510797 301879 416411 301879 416411
709215 506427 709215 506427 300664 411504 300664 411504
694079 480413 694079 480413 330483 407420 330483 407420
708554 474348 708554 474348 346032 405290 346032 405290
713556 466595 713556 466595 355173 404038 355173 404038
713761 466278 713761 466278 355209 403662 355209 403662
702885 450254 702885 450254 357047 384383 357047 384383
691649 462256 691649 462256 358607 368017 358607 368017
669291 456425 669291 456425 360800 345015 360800 345015
649724 460309 649724 460309 362693 325156 362693 325156
626381 464942 626381 464942 379099 307917 379099 307917
625688 465080 625688 465080 379464 308522 379464 308522
618207 409542 618207 409542 408440 356489 408440 356489
595764 374565 595764 374565 429927 392061 429927 392061
595592 373909 595592 373909 430278 392642 430278 392642
590559 354741 590559 354741 420920 410111 420920 410111
584721 336312 584721 336312 411791 427151 411791 427151
576217 335888 576217 335888 407770 434656 407770 434656
561763 335166 561763 335166 393653 431469 393653 431469
559171 332695 559171 332695 390160 430680 390160 430680
534962 309615 534962 309615 356940 434577 356940 434577
532688 307447 532688 307447 359758 435968 359758 435968
530197 271687 530197 271687 391901 451836 391901 451836
530181 271464 530181 271464 391904 452059 391904 452059
525752 214582 525752 214582 392606 509109 392606 509109
523462 185170 523462 185170 399433 537809 399433 537809
522291 192060 522291 192060 401050 544609 401050 544609
518292 215591 518292 215591 416516 526430 416516 526430
515080 234491 515080 234491 432841 516378 432841 516378
512228 251271 512228 251271 440346 501102 440346 501102
509677 266283 509677 266283 455222 497849 455222 497849
502088 280669 502088 280669 471111 494374 471111 494374
494242 295542 494242 295542 459503 482207 459503 482207
479149 324155 479149 324155 428645 472498 428645 472498
469759 341957 469759 341957 432825 452810 432825 452810
460007 360443 460007 360443 451869 444198 451869 444198
452044 351923 452044 351923 462495 439393 462495 439393
439351 338343 439351 338343 478560 430042 478560 430042
433572 320115 433572 320115 495086 420422 495086 420422
422334 322925 422334 322925 505097 414594 505097 414594
420134 323475 420134 323475 506938 413270 506938 413270
391822 312738 391822 312738 531519 395588 531519 395588
387838 281444 387838 281444 557128 377167 557128 377167
385880 266062 385880 266062 554012 392357 554012 392357
362116 317610 362116 317610 542605 447961 542605 447961
354791 333498 354791 333498 559887 445236 559887 445236
342921 359248 342921 359248 570607 471486 570607 471486
333833 378961 333833 378961 561936 491385 561936 491385
338634 377982 338634 377982 559979 495877 559979 495877
339429 377820 339429 377820 559500 496533 559500 496533
403555 391819 403555 391819 520804 549548 520804 549548
416370 400163 416370 400163 511788 561900 511788 561900
436070 412992 436070 412992 492336 548698 492336 548698
465146 431925 465146 431925 470144 575370 470144 575370
512278 412222 512278 412222 437471 614640 437471 614640
515302 410958 515302 410958 439159 617449 439159 617449
517552 450847 517552 450847 459737 651694 459737 651694
517938 457698 517938 457698 454923 656584 454923 656584
522807 469632 522807 469632 445880 665769 445880 665769
527718 471513 527718 471513 442191 669517 442191 669517
559471 490932 559471 490932 416079 696040 416079 696040
577645 502047 577645 502047 436247 702903 436247 702903
598348 510276 598348 510276 457338 710079 457338 710079
608666 549653 608666 549653 495875 723192 495875 723192
618835 534290 618835 534290 513316 729126 513316 729126
621947 519585 621947 519585 527546 733968 527546 733968
642811 520652 642811 520652 547324 740698 547324 740698
643318 520678 643318 520678 547831 740693 547831 740693
664869 551028 664869 551028 585052 740315 585052 740315
681229 533649 681229 533649 608919 740073 608919 740073
690955 517720 690955 517720 627582 739883 627582 739883
694464 519910 694464 519910 631718 739841 631718 739841
699474 534665 699474 534665 647299 739683 647299 739683
700771 538484 700771 538484 645921 735892 645921 735892
718395 547521 718395 547521 639154 717278 639154 717278
725782 535373 725782 535373 634296 703916 634296 703916
737278 530751 737278 530751 630062 692272 630062 692272
742988 534250 742988 534250 627774 685978 627774 685978
778846 556227 778846 556227 655992 654792 655992 654792
788724 570062 788724 570062 667398 642187 667398 642187
791266 573623 791266 573623 670661 645102 670661 645102
797225 606080 797225 606080 695270 667087 695270 667087
798918 615301 798918 615301 696808 676335 696808 676335
799917 620742 799917 620742 697501 681823 697501 681823
801822 631121 801822 631121 703494 690509 703494 690509
807175 660275 807175 660275 714761 717926 714761 717926
794301 677396 794301 677396 722903 737739 722903 737739
775247 702737 775247 702737 733365 767668 733365 767668
769028 711009 769028 711009 738453 776680 738453 776680
750490 735663 750490 735663 753185 803781 753185 803781
755866 689474 755866 689474 775394 844635 775394 844635
757456 675815 757456 675815 789092 843418 789092 843418
727104 635614 727104 635614 839266 838959 839266 838959
725281 635801 725281 635801 841091 838797 841091 838797
688925 639528 688925 639528 819608 809230 819608 809230
680881 612845 680881 612845 803227 786684 803227 786684
668525 610514 668525 610514 795836 776512 795836 776512
669166 586953 669166 586953 781981 757444 781981 757444
650920 585751 650920 585751 771233 742651 771233 742651
638619 572247 638619 572247 760495 727873 760495 727873
641662 590819 641662 590819 749433 712648 749433 712648
644578 608620 644578 608620 751314 694708 751314 694708
644572 608754 644572 608754 751328 694575 751328 694575
642090 662166 642090 662166 725176 647937 725176 647937
641921 665804 641921 665804 725804 644350 725804 644350
624376 659016 624376 659016 729048 625819 729048 625819
615632 650336 615632 650336 731173 613683 731173 613683
607807 642569 607807 642569 720442 616213 720442 616213
592503 626528 592503 626528 698863 621300 698863 621300
587980 621787 587980 621787 696408 615225 696408 615225
586641 607760 586641 607760 691127 602161 691127 602161
583903 579062 583903 579062 675745 577780 675745 577780
583067 570306 583067 570306 667770 581490 667770 581490
575783 574960 575783 574960 659932 585136 659932 585136
547334 593136 547334 593136 630245 601210 630245 601210
496024 625918 496024 625918 569486 605175 569486 605175
498291 631464 498291 631464 563507 605565 563507 605565
516264 675436 516264 675436 599689 574785 599689 574785
536532 725023 536532 725023 651121 559805 651121 559805
537427 727213 537427 727213 650203 557625 650203 557625
514596 747520 514596 747520 638340 529466 638340 529466
512067 757312 512067 757312 634414 520146 634414 520146
502714 793524 502714 793524 656800 490185 656800 490185
493445 829409 493445 829409 693858 489597 693858 489597
485950 805096 485950 805096 719297 489194 719297 489194
477545 777833 477545 777833 702211 466347 702211 466347
470915 758383 470915 758383 689904 449891 689904 449891
463754 763097 463754 763097 684770 443025 684770 443025
456349 757013 456349 757013 679030 435350 679030 435350
429737 735150 429737 735150 658327 407826 658327 407826
422847 729489 422847 729489 662102 399747 662102 399747
415602 744775 415602 744775 669262 384421 669262 384421
412100 752165 412100 752165 677386 385351 677386 385351
415572 762398 415572 762398 688122 386579 688122 386579
409440 761751 409440 761751 694248 387280 694248 387280
391231 759831 391231 759831 711542 393295 711542 393295
363912 756949 363912 756949 691858 374133 691858 374133
364468 770339 364468 770339 682255 364785 682255 364785
365547 784288 365547 784288 672230 355026 672230 355026
365864 788391 365864 788391 671592 350960 671592 350960
364480 798836 364480 798836 669960 340551 669960 340551
367677 798584 367677 798584 669463 337383 669463 337383
397950 796198 397950 796198 699205 343512 699205 343512
407158 795472 407158 795472 707792 340110 707792 340110
402414 815547 402414 815547 726970 332512 726970 332512
397524 836245 397524 836245 735988 313251 735988 313251
396040 842524 396040 842524 737044 319616 737044 319616
395889 853913 395889 853913 738909 330852 738909 330852
395889 853913 395889 853913 744848 366647 744848 366647
395889 853913 395889 853913 768582 358207 768582 358207
395889 853913 395889 853913 836362 400702 836362 400702
395889 853913 395889 853913 868445 420816 868445 420816
395889 853913 395889 853913 847098 343717 847098 343717
395889 853913 395889 853913 843940 332309 843940 332309
395889 853913 395889 853913 773226 294900 773226 294900
395889 853913 395889 853913 766529 291357 766529 291357
395889 853913 395889 853913 741124 281304 741124 281304
395889 853913 395889 853913 728091 256860 728091 256860
395889 853913 395889 853913 700110 261670 700110 261670
395889 853913 395889 853913 678656 266367 678656 266367
395889 853913 395889 853913 654384 258319 654384 258319
395889 853913 395889 853913 652275 246881 652275 246881
395889 853913 395889 853913 586712 205590 586712 205590
395889 853913 395889 853913 665809 193601 665809 193601
395889 853913 395889 853913 699293 188526 699293 188526
395889 853913 395889 853913 753328 200982 753328 200982
395889 853913 395889 853913 712840 139436 712840 139436
