945910 677832 945910 677832 284738 947104 284738 947104
925810 673905 925810 673905 295357 929592 295357 929592
885746 666076 885746 666076 319090 896378 319090 896378
839586 657057 839586 657057 303883 851872 303883 851872
829015 653406 829015 653406 300267 841289 300267 841289
816507 649086 816507 649086 313106 844497 313106 844497
824617 711912 824617 711912 374563 859854 374563 859854
828032 738372 828032 738372 366152 834535 366152 834535
826211 739588 826211 739588 365462 832456 365462 832456
787084 765717 787084 765717 374440 786272 374440 786272
784250 762549 784250 762549 375251 782099 375251 782099
780277 758109 780277 758109 375490 776146 375490 776146
772981 749953 772981 749953 380909 766638 380909 766638
768510 744955 768510 744955 383370 760401 383370 760401
751602 726055 751602 726055 397966 739663 397966 739663
743415 716904 743415 716904 401081 727786 401081 727786
740189 713299 740189 713299 403528 723613 403528 723613
735216 707740 735216 707740 408255 717843 408255 717843
720195 690950 720195 690950 421503 736065 421503 736065
719455 676531 719455 676531 429993 747742 429993 747742
718299 654025 718299 654025 451565 754263 451565 754263
731508 648578 731508 648578 465242 758397 465242 758397
769162 633052 769162 633052 505357 765441 505357 765441
776598 629986 776598 629986 509487 772344 509487 772344
798456 620973 798456 620973 533126 771905 533126 771905
808638 616775 808638 616775 539921 780572 539921 780572
810856 602581 810856 602581 548785 791878 548785 791878
819060 550096 819060 550096 563800 740922 563800 740922
823077 524397 823077 524397 538513 747018 538513 747018
827397 496754 827397 496754 527729 721202 527729 721202
830971 473886 830971 473886 506311 729977 506311 729977
832030 467109 832030 467109 500039 727199 500039 727199
832690 462889 832690 462889 495797 727694 495797 727694
834982 454975 834982 454975 487613 728649 487613 728649
838305 440987 838305 440987 473333 730315 473333 730315
840307 432561 840307 432561 469775 722419 469775 722419
845040 412643 845040 412643 476704 703154 476704 703154
854802 409714 854802 409714 480153 693564 480153 693564
873698 404044 873698 404044 461410 699722 461410 699722
883446 401119 883446 401119 458277 709405 458277 709405
890243 396519 890243 396519 455750 717213 455750 717213
907531 384819 907531 384819 440582 702870 440582 702870
925244 372832 925244 372832 431939 683306 431939 683306
925000 372297 925000 372297 431701 682768 431701 682768
920889 363285 920889 363285 434926 673403 434926 673403
907187 333248 907187 333248 402176 669231 402176 669231
899811 317080 899811 317080 400955 651502 400955 651502
892919 301972 892919 301972 406142 635727 406142 635727
884981 284570 884981 284570 387251 638721 387251 638721
878316 289052 878316 289052 379318 639978 379318 639978
866169 297221 866169 297221 380389 654577 380389 654577
843751 312297 843751 312297 379004 681557 379004 681557
830894 280709 830894 280709 377255 715617 377255 715617
826534 269995 826534 269995 384675 724490 384675 724490
821548 257746 821548 257746 371472 725263 371472 725263
819761 253354 819761 253354 368117 728613 368117 728613
811553 264553 811553 264553 358291 738424 358291 738424
804458 274233 804458 274233 354686 726977 354686 726977
805413 287838 805413 287838 350589 713968 350589 713968
807107 311967 807107 311967 336822 694080 336822 694080
808756 335462 808756 335462 316785 706459 316785 706459
789189 330214 789189 330214 299550 717107 299550 717107
774739 326338 774739 326338 285388 712283 285388 712283
744716 322159 744716 322159 256695 702509 256695 702509
746519 324388 746519 324388 253981 701585 253981 701585
771267 354989 771267 354989 292164 692047 292164 692047
774597 359106 774597 359106 292944 686810 292944 686810
763382 360421 763382 360421 294607 675641 294607 675641
760700 361374 760700 361374 295026 672826 295026 672826
751259 364728 751259 364728 304833 674876 304833 674876
748117 365844 748117 365844 306485 671979 306485 671979
735091 365922 735091 365922 312937 660664 312937 660664
723367 382756 723367 382756 323099 642843 323099 642843
762272 403578 762272 403578 344958 604511 344958 604511
784702 415582 784702 415582 333480 581808 333480 581808
784570 425513 784570 425513 328998 572944 328998 572944
783302 426753 783302 426753 328198 571361 328198 571361
763681 445938 763681 445938 328644 543923 328644 543923
726282 419618 726282 419618 329388 498197 329388 498197
724223 419725 724223 419725 329422 496136 329422 496136
703415 420809 703415 420809 333551 475713 333551 475713
683521 414928 683521 414928 337662 455379 337662 455379
643837 403196 643837 403196 358341 491223 358341 491223
634981 400578 634981 400578 367161 493962 367161 493962
631307 399895 631307 399895 370730 495070 370730 495070
617582 397344 617582 397344 382620 502384 382620 502384
597791 393665 597791 393665 376680 521618 376680 521618
604143 404873 604143 404873 372879 533927 372879 533927
624271 440384 624271 440384 413695 534434 413695 534434
629354 449353 629354 449353 423380 537967 423380 537967
658271 500373 658271 500373 470820 503490 470820 503490
678951 536860 678951 536860 497609 535759 497609 535759
664950 588568 664950 588568 531827 576977 531827 576977
658909 629522 658909 629522 558269 608829 558269 608829
656917 643023 656917 643023 570296 602381 570296 602381
642815 645779 642815 645779 582960 595591 582960 595591
619793 650279 619793 650279 606183 598900 606183 598900
618239 650583 618239 650583 604975 599923 604975 599923
592343 631018 592343 631018 580203 620893 580203 620893
571386 615184 571386 615184 591130 644779 591130 644779
562419 630425 562419 630425 598487 660859 598487 660859
550391 637517 550391 637517 604296 673556 604296 673556
531760 648502 531760 648502 625924 673366 625924 673366
543192 682120 543192 682120 661431 673054 661431 673054
550104 702445 550104 702445 647886 689710 647886 689710
550295 717277 550295 717277 638527 701218 638527 701218
584131 705724 584131 705724 615968 728957 615968 728957
586365 704961 586365 704961 618069 730032 618069 730032
583484 689044 583484 689044 632470 737399 632470 737399
585829 684563 585829 684563 636973 739702 636973 739702
595300 666461 595300 666461 657291 741833 657291 741833
599678 669594 599678 669594 662645 742394 662645 742394
656542 710288 656542 710288 670961 811823 670961 811823
674873 723407 674873 723407 687434 796435 687434 796435
656414 725561 656414 725561 701015 783749 701015 783749
636490 737036 636490 737036 717817 768054 717817 768054
628959 741374 628959 741374 722633 760820 722633 760820
624944 745741 624944 745741 725921 755882 725921 755882
617141 754227 617141 754227 726252 744359 726252 744359
597299 775807 597299 775807 736616 716936 736616 716936
597118 776004 597118 776004 736654 717201 736654 717201
608939 790520 608939 790520 739331 735729 739331 735729
611650 793849 611650 793849 743006 737948 743006 737948
622920 796430 622920 796430 752904 743924 752904 743924
653763 803493 653763 803493 739742 772697 739742 772697
641525 828646 641525 828646 728106 798134 728106 798134
631285 849693 631285 849693 744451 814888 744451 814888
631524 851130 631524 851130 745469 815930 745469 815930
615576 857106 615576 857106 757362 828121 757362 828121
589513 866872 589513 866872 782538 816256 782538 816256
526352 890539 526352 890539 849895 819788 849895 819788
487236 905196 487236 905196 833560 781342 833560 781342
484894 891891 484894 891891 828277 768908 828277 768908
483419 883514 483419 883514 820325 771925 820325 771925
479482 861146 479482 861146 814732 749912 814732 749912
476924 846618 476924 846618 812315 735360 812315 735360
463054 767830 463054 767830 887403 707760 887403 707760
461886 761191 461886 761191 893730 705434 893730 705434
448016 682402 448016 682402 821915 670183 821915 670183
446179 671968 446179 671968 812404 665515 812404 665515
435889 665409 435889 665409 801450 660138 801450 660138
427254 659905 427254 659905 794704 667842 794704 667842
443869 652695 443869 652695 782772 681468 782772 681468
471395 640750 471395 640750 764622 657574 764622 657574
501397 602661 501397 602661 735294 618964 735294 618964
499916 599468 499916 599468 733165 616161 733165 616161
466293 526999 466293 526999 696938 544958 696938 544958
453856 500193 453856 500193 726487 544677 726487 544677
439021 468219 439021 468219 750996 570010 750996 570010
427806 444045 427806 444045 767828 549350 767828 549350
416211 419054 416211 419054 787779 530351 787779 530351
415976 417974 415976 417974 788580 529589 788580 529589
412898 403801 412898 403801 781118 517153 781118 517153
402964 358064 402964 358064 822900 496062 822900 496062
388650 292160 388650 292160 757166 480986 757166 480986
387666 293518 387666 293518 755532 480611 755532 480611
362022 328900 362022 328900 750171 437243 750171 437243
359402 386802 359402 386802 743061 379719 743061 379719
358761 400966 358761 400966 757239 379835 757239 379835
356651 420151 356651 420151 776539 379993 776539 379993
352176 460838 352176 460838 817256 384183 817256 384183
329229 509325 329229 509325 870617 389675 870617 389675
306033 558338 306033 558338 835866 348050 835866 348050
288167 596089 288167 596089 835866 348050 835866 348050
276390 584455 276390 584455 835866 348050 835866 348050
260724 594141 260724 594141 835866 348050 835866 348050
252490 584291 252490 584291 835866 348050 835866 348050
239942 606905 239942 606905 835866 348050 835866 348050
252488 609295 252488 609295 835866 348050 835866 348050
269897 610464 269897 610464 835866 348050 835866 348050
280329 629984 280329 629984 835866 348050 835866 348050
274768 634632 274768 634632 835866 348050 835866 348050
282517 643508 282517 643508 835866 348050 835866 348050
284561 662787 284561 662787 835866 348050 835866 348050
238362 662221 238362 662221 835866 348050 835866 348050
229973 667726 229973 667726 835866 348050 835866 348050
214002 673914 214002 673914 835866 348050 835866 348050
203059 734827 203059 734827 835866 348050 835866 348050
159905 667464 159905 667464 835866 348050 835866 348050
152163 655379 152163 655379 835866 348050 835866 348050
203992 653489 203992 653489 835866 348050 835866 348050
209162 648713 209162 648713 835866 348050 835866 348050
228826 655898 228826 655898 835866 348050 835866 348050
225924 649378 225924 649378 835866 348050 835866 348050
225957 640686 225957 640686 835866 348050 835866 348050
230020 635040 230020 635040 835866 348050 835866 348050
238751 633339 238751 633339 835866 348050 835866 348050
226679 623673 226679 623673 835866 348050 835866 348050
215465 636201 215465 636201 835866 348050 835866 348050
208275 639149 208275 639149 835866 348050 835866 348050
199203 628279 199203 628279 835866 348050 835866 348050
194735 627667 194735 627667 835866 348050 835866 348050
183428 612529 183428 612529 835866 348050 835866 348050
166115 602622 166115 602622 835866 348050 835866 348050
160439 598039 160439 598039 835866 348050 835866 348050
165314 582884 165314 582884 835866 348050 835866 348050
186607 587842 186607 587842 835866 348050 835866 348050
223365 590153 223365 590153 835866 348050 835866 348050
192649 554392 192649 554392 835866 348050 835866 348050
184473 554138 184473 554138 835866 348050 835866 348050
169744 475506 169744 475506 835866 348050 835866 348050
168479 468750 168479 468750 835866 348050 835866 348050
135013 484158 135013 484158 835866 348050 835866 348050
