700000 672413 700000 672413 1 1001 1 1001
699999 672414 699999 672414 2 1001 2 1001
698432 673656 698432 673656 1 3001 1 3001
697324 674535 697324 674535 1001 4001 1001 4001
696216 675414 696216 675414 1 5001 1 5001
695108 676293 695108 676293 1001 6001 1001 6001
694000 677172 694000 677172 2001 5001 2001 5001
692892 678050 692892 678050 3001 6001 3001 6001
691784 678929 691784 678929 4001 5001 4001 5001
691783 678930 691783 678930 4002 5001 4002 5001
690217 680172 690217 680172 6001 5001 6001 5001
689109 681051 689109 681051 5001 4001 5001 4001
688001 681930 688001 681930 4001 3001 4001 3001
688000 681930 688000 681930 4002 3001 4002 3001
686432 683174 686432 683174 2001 3001 2001 3001
685324 684052 685324 684052 3001 2001 3001 2001
684216 684931 684216 684931 2001 1001 2001 1001
683108 685810 683108 685810 3001 1 3001 1
682000 686689 682000 686689 4001 1001 4001 1001
679523 688654 679523 688654 7001 1 7001 1
678415 689533 678415 689533 8001 1001 8001 1001
677307 690411 677307 690411 9001 1 9001 1
676199 691290 676199 691290 10001 1001 10001 1001
673721 693255 673721 693255 13001 2001 13001 2001
671243 695220 671243 695220 10001 3001 10001 3001
670135 696099 670135 696099 9001 4001 9001 4001
670135 696100 670135 696100 9002 4001 9002 4001
668568 697343 668568 697343 9001 6001 9001 6001
668567 697343 668567 697343 9002 6001 9002 6001
666351 699100 666351 699100 11001 8001 11001 8001
666351 699101 666351 699101 11002 8001 11002 8001
665217 700000 665217 700000 12449 8001 12449 8001
665218 700000 665218 700000 12450 8001 12450 8001
664667 700000 664667 700000 13001 8001 13001 8001
664666 700000 664666 700000 13002 8001 13002 8001
662666 700000 662666 700000 13001 10001 13001 10001
661252 700000 661252 700000 12001 9001 12001 9001
661251 700000 661251 700000 12002 9001 12002 9001
659250 700000 659250 700000 10001 9001 10001 9001
659249 700000 659249 700000 10002 9001 10002 9001
657248 700000 657248 700000 8001 9001 8001 9001
657247 700000 657247 700000 8002 9001 8002 9001
655246 700000 655246 700000 6001 9001 6001 9001
653831 700000 653831 700000 5001 8001 5001 8001
653830 700000 653830 700000 5002 8001 5002 8001
651829 700000 651829 700000 3001 8001 3001 8001
650415 700000 650415 700000 2001 9001 2001 9001
650414 700000 650414 700000 2002 9001 2002 9001
648413 700000 648413 700000 1 9001 1 9001
648412 700000 648412 700000 2 9001 2 9001
645584 700000 645584 700000 2001 11001 2001 11001
644170 700000 644170 700000 1001 12001 1001 12001
642756 700000 642756 700000 1 13001 1 13001
642755 700000 642755 700000 2 13001 2 13001
640756 700000 640756 700000 2001 13001 2001 13001
639342 700000 639342 700000 3001 12001 3001 12001
637928 700000 637928 700000 4001 13001 4001 13001
637927 700000 637927 700000 4002 13001 4002 13001
635927 700000 635927 700000 4001 11001 4001 11001
632764 700000 632764 700000 7001 12001 7001 12001
631350 700000 631350 700000 8001 13001 8001 13001
630434 700000 630434 700000 8649 12353 8649 12353
630435 700000 630435 700000 8650 12352 8650 12352
629938 700000 629938 700000 9001 12001 9001 12001
628524 700000 628524 700000 10001 13001 10001 13001
627109 700000 627109 700000 11001 12001 11001 12001
625695 700000 625695 700000 12001 13001 12001 13001
595652 700000 595652 700000 33894 33575 33894 33575
595653 700000 595653 700000 33895 33576 33895 33576
560869 700000 560869 700000 59242 57397 59242 57397
560870 700000 560870 700000 59243 57398 59243 57398
526086 700000 526086 700000 84590 81219 84590 81219
526087 700000 526087 700000 84591 81219 84591 81219
491304 700000 491304 700000 109937 105040 109937 105040
491305 700000 491305 700000 109938 105040 109938 105040
456521 700000 456521 700000 135286 128861 135286 128861
456522 700000 456522 700000 135286 128862 135286 128862
421739 700000 421739 700000 160633 152682 160633 152682
421740 700000 421740 700000 160634 152683 160634 152683
386956 700000 386956 700000 185981 176504 185981 176504
386957 700000 386957 700000 185982 176504 185982 176504
352173 700000 352173 700000 211329 200325 211329 200325
352174 700000 352174 700000 211330 200326 211330 200326
317391 700000 317391 700000 236677 224146 236677 224146
300000 686206 300000 686206 252852 239348 252852 239348
300001 686206 300001 686206 252853 239348 252853 239348
300000 658620 300000 658620 272955 258240 272955 258240
300001 658620 300001 658620 272955 258240 272955 258240
300000 631034 300000 631034 293058 277132 293058 277132
300001 631034 300001 631034 293058 277133 293058 277133
300000 603448 300000 603448 313160 296024 313160 296024
300001 603448 300001 603448 313161 296025 313161 296025
300001 597644 300001 597644 317391 300000 317391 300000
300000 575862 300000 575862 300325 313535 300325 313535
300001 575862 300001 575862 300325 313536 300325 313536
300001 575448 300001 575448 300000 313793 300000 313793
300001 575447 300001 575447 300001 313793 300001 313793
300000 548275 300000 548275 300000 340965 300000 340965
300001 548275 300001 548275 300000 340966 300000 340966
300001 547862 300001 547862 300000 341379 300000 341379
300001 547861 300001 547861 300001 341379 300001 341379
300000 520689 300000 520689 300000 368551 300000 368551
300001 520689 300001 520689 300000 368552 300000 368552
300001 520276 300001 520276 300000 368965 300000 368965
300001 520275 300001 520275 300001 368965 300001 368965
300000 493103 300000 493103 300000 396137 300000 396137
300001 493103 300001 493103 300000 396138 300000 396138
300001 492690 300001 492690 300000 396551 300000 396551
300001 492689 300001 492689 300001 396551 300001 396551
300000 465517 300000 465517 300000 423723 300000 423723
300001 465517 300001 465517 300000 423724 300000 423724
300001 465104 300001 465104 300000 424137 300000 424137
300001 465103 300001 465103 300001 424137 300001 424137
300000 437931 300000 437931 300000 451309 300000 451309
300001 437931 300001 437931 300000 451310 300000 451310
300001 437517 300001 437517 300000 451724 300000 451724
300001 437516 300001 437516 300001 451724 300001 451724
300000 410344 300000 410344 300000 478896 300000 478896
300001 410344 300001 410344 300000 478897 300000 478897
300001 409931 300001 409931 300000 479310 300000 479310
300001 409930 300001 409930 300001 479310 300001 479310
300000 382758 300000 382758 300000 506482 300000 506482
300346 382985 300346 382985 300000 506896 300000 506896
300347 382986 300347 382986 300001 506896 300001 506896
323422 398103 323422 398103 300000 534482 300000 534482
323423 398104 323423 398104 300001 534482 300001 534482
346497 413222 346497 413222 300000 562068 300000 562068
346498 413222 346498 413222 300001 562068 300001 562068
369574 428341 369574 428341 300000 589655 300000 589655
369574 428341 369574 428341 300001 589655 300001 589655
392649 443459 392649 443459 300000 617241 300000 617241
392650 443460 392650 443460 300001 617241 300001 617241
415725 458578 415725 458578 300000 644827 300000 644827
415725 458578 415725 458578 300001 644827 300001 644827
438800 473696 438800 473696 300000 672413 300000 672413
438801 473696 438801 473696 300001 672413 300001 672413
461876 488815 461876 488815 300000 700000 300000 700000
461877 488815 461877 488815 300001 700000 300001 700000
490970 507876 490970 507876 334782 700000 334782 700000
490971 507877 490971 507877 334783 700000 334783 700000
520065 526938 520065 526938 369565 700000 369565 700000
520066 526939 520066 526939 369566 700000 369566 700000
549158 546000 549158 546000 404347 700000 404347 700000
549159 546000 549159 546000 404348 700000 404348 700000
578253 565062 578253 565062 439130 700000 439130 700000
578254 565062 578254 565062 439131 700000 439131 700000
607348 584124 607348 584124 473913 700000 473913 700000
607349 584124 607349 584124 473914 700000 473914 700000
636442 603185 636442 603185 508695 700000 508695 700000
636442 603186 636442 603186 508696 700000 508696 700000
665536 622247 665536 622247 543478 700000 543478 700000
665537 622248 665537 622248 543479 700000 543479 700000
694630 641309 694630 641309 578260 700000 578260 700000
694631 641309 694631 641309 578261 700000 578261 700000
700000 644827 700000 644827 584680 700000 584680 700000
700001 644827 700001 644827 584681 700000 584681 700000
700000 617241 700000 617241 612267 700000 612267 700000
700001 617241 700001 617241 612268 700000 612268 700000
700001 616466 700001 616466 613043 700000 613043 700000
700001 616465 700001 616465 613044 700000 613044 700000
700000 589655 700000 589655 639854 700000 639854 700000
700001 589655 700001 589655 639855 700000 639855 700000
700001 581684 700001 581684 647826 700000 647826 700000
700000 562068 700000 562068 636166 684225 636166 684225
700001 562068 700001 562068 636166 684225 636166 684225
700000 534482 700000 534482 619769 662041 619769 662041
700001 534482 700001 534482 619768 662040 619768 662040
700000 506896 700000 506896 603371 639856 603371 639856
700001 506896 700001 506896 603371 639855 603371 639855
700000 479310 700000 479310 586974 617671 586974 617671
700001 479310 700001 479310 586973 617670 586973 617670
700000 451724 700000 451724 570576 595486 570576 595486
700001 451724 700001 451724 570576 595485 570576 595485
700000 424137 700000 424137 554178 573301 554178 573301
700001 424137 700001 424137 554178 573300 554178 573300
700000 396551 700000 396551 537781 551116 537781 551116
700001 396551 700001 396551 537780 551115 537780 551115
700000 368965 700000 368965 521383 528931 521383 528931
700001 368965 700001 368965 521383 528930 521383 528930
700000 341379 700000 341379 504986 506746 504986 506746
700001 341379 700001 341379 504985 506745 504985 506745
700000 313793 700000 313793 488588 484561 488588 484561
682608 300000 682608 300000 475394 466711 475394 466711
682609 300000 682609 300000 475394 466710 475394 466710
647826 300000 647826 300000 454719 438738 454719 438738
647827 300000 647827 300000 454718 438738 454718 438738
613043 300000 613043 300000 434043 410765 434043 410765
613044 300000 613044 300000 434042 410764 434042 410764
578260 300000 578260 300000 413367 382792 413367 382792
578261 300000 578261 300000 413367 382791 413367 382791
543478 300000 543478 300000 392692 354819 392692 354819
543479 300000 543479 300000 392691 354819 392691 354819
508695 300000 508695 300000 372016 326846 372016 326846
508696 300000 508696 300000 372015 326845 372015 326845
475313 300000 475313 300000 352173 300000 352173 300000
475312 300000 475312 300000 352174 300000 352174 300000
473913 300000 473913 300000 353573 300000 353573 300000
473914 300000 473914 300000 353574 300000 353574 300000
440532 300000 440532 300000 386956 300000 386956 300000
440531 300000 440531 300000 386957 300000 386957 300000
439130 300000 439130 300000 388358 300000 388358 300000
439131 300000 439131 300000 388359 300000 388359 300000
405751 300000 405751 300000 421739 300000 421739 300000
405750 300000 405750 300000 421740 300000 421740 300000
404347 300000 404347 300000 423143 300000 423143 300000
404348 300000 404348 300000 423144 300000 423144 300000
370971 300000 370971 300000 456521 300000 456521 300000
370970 300000 370970 300000 456522 300000 456522 300000
369565 300000 369565 300000 457927 300000 457927 300000
369566 300000 369566 300000 457928 300000 457928 300000
336190 300000 336190 300000 491304 300000 491304 300000
336189 300000 336189 300000 491305 300000 491305 300000
334782 300000 334782 300000 492712 300000 492712 300000
308634 320738 308634 320738 526086 300000 526086 300000
308633 320739 308633 320739 526087 300000 526087 300000
300000 327586 300000 327586 537106 300000 537106 300000
300001 327586 300001 327586 537107 300000 537107 300000
300000 351348 300000 351348 560869 300000 560869 300000
300000 351349 300000 351349 560870 300000 560870 300000
300000 355172 300000 355172 564693 300000 564693 300000
280139 331423 280139 331423 595652 300000 595652 300000
280138 331423 280138 331423 595653 300000 595653 300000
257825 304742 257825 304742 630434 300000 630434 300000
257824 304742 257824 304742 630435 300000 630435 300000
235510 278060 235510 278060 665217 300000 665217 300000
235510 278060 235510 278060 665218 300000 665218 300000
213196 251379 213196 251379 700000 300000 700000 300000
213195 251378 213195 251378 700001 300000 700001 300000
195498 230217 195498 230217 700000 327586 700000 327586
195497 230216 195497 230216 700001 327586 700001 327586
177800 209055 177800 209055 700000 355172 700000 355172
177799 209054 177799 209054 700001 355172 700001 355172
160102 187893 160102 187893 700000 382758 700000 382758
160101 187892 160101 187892 700001 382758 700001 382758
142404 166731 142404 166731 700000 410344 700000 410344
142403 166730 142403 166730 700001 410344 700001 410344
124705 145569 124705 145569 700000 437931 700000 437931
124705 145568 124705 145568 700001 437931 700001 437931
107008 124407 107008 124407 700000 465517 700000 465517
107007 124406 107007 124406 700001 465517 700001 465517
89310 103245 89310 103245 700000 493103 700000 493103
89309 103244 89309 103244 700001 493103 700001 493103
71612 82083 71612 82083 700000 520689 700000 520689
71611 82082 71611 82082 700001 520689 700001 520689
53914 60921 53914 60921 700000 548275 700000 548275
53913 60920 53913 60920 700001 548275 700001 548275
36215 39758 36215 39758 700000 575862 700000 575862
36214 39758 36214 39758 700001 575862 700001 575862
18517 18597 18517 18597 700000 603448 700000 603448
18516 18596 18516 18596 700001 603448 700001 603448
13001 12001 13001 12001 700001 612045 700001 612045
12001 11001 12001 11001 700001 613459 700001 613459
11001 10001 11001 10001 700001 614874 700001 614874
10001 11001 10001 11001 700001 616288 700001 616288
9001 10001 9001 10001 700000 617702 700000 617702
8001 11001 8001 11001 700000 619116 700000 619116
7001 10001 7001 10001 700000 620530 700000 620530
6001 11001 6001 11001 700000 621945 700000 621945
6002 11001 6002 11001 700000 621946 700000 621946
6001 13001 6001 13001 700000 623946 700000 623946
5001 12001 5001 12001 700000 625360 700000 625360
5002 12001 5002 12001 700000 625361 700000 625361
5001 10001 5001 10001 700000 627361 700000 627361
4001 9001 4001 9001 700000 628775 700000 628775
3001 10001 3001 10001 700000 630189 700000 630189
2200 10268 2200 10268 700000 631034 700000 631034
2199 10268 2199 10268 700001 631034 700001 631034
1 11001 1 11001 700001 633351 700001 633351
1001 10001 1001 10001 700001 634765 700001 634765
1002 10001 1002 10001 700001 634766 700001 634766
1001 8001 1001 8001 700001 636766 700001 636766
1 7001 1 7001 700001 638180 700001 638180
2 7001 2 7001 700001 638181 700001 638181
2001 7001 2001 7001 700001 640180 700001 640180
2002 7001 2002 7001 700001 640181 700001 640181
4001 7001 4001 7001 700001 642180 700001 642180
5001 6001 5001 6001 700001 643594 700001 643594
6001 7001 6001 7001 700000 645008 700000 645008
7001 8001 7001 8001 700000 646423 700000 646423
7002 8001 7002 8001 700000 646424 700000 646424
9001 8001 9001 8001 700000 648423 700000 648423
8001 7001 8001 7001 700000 649837 700000 649837
7001 6001 7001 6001 700000 651251 700000 651251
8001 5001 8001 5001 700000 652665 700000 652665
8002 5001 8002 5001 700000 652666 700000 652666
10001 5001 10001 5001 700000 654665 700000 654665
10002 5001 10002 5001 700000 654666 700000 654666
10001 7001 10001 7001 700000 656666 700000 656666
11001 6001 11001 6001 700000 658080 700000 658080
11383 6383 11383 6383 700000 658620 700000 658620
12001 7001 12001 7001 699661 659426 699661 659426
13001 6001 13001 6001 699113 660730 699113 660730
12001 5001 12001 5001 698565 662034 698565 662034
11001 4001 11001 4001 698017 663338 698017 663338
11002 4001 11002 4001 698017 663339 698017 663339
13001 4001 13001 4001 697242 665181 697242 665181
12001 3001 12001 3001 696694 666485 696694 666485
11001 2001 11001 2001 696146 667789 696146 667789
12001 1001 12001 1001 695598 669093 695598 669093
13001 1 13001 1 695050 670396 695050 670396
13002 1 13002 1 695050 670397 695050 670397
11001 1 11001 1 694275 672242 694275 672242
11002 1 11002 1 694274 672243 694274 672243
9001 2001 9001 2001 693178 674851 693178 674851
8001 3001 8001 3001 692630 676155 692630 676155
7001 4001 7001 4001 692082 677458 692082 677458
6001 3001 6001 3001 691534 678762 691534 678762
7001 2001 7001 2001 690986 680066 690986 680066
6001 1001 6001 1001 690438 681370 690438 681370
5001 1 5001 1 689890 682673 689890 682673
5002 1 5002 1 689890 682674 689890 682674
5001 2001 5001 2001 689115 684518 689115 684518
5002 2001 5002 2001 689115 684519 689115 684519
3001 4001 3001 4001 688018 687127 688018 687127
3002 4001 3002 4001 688018 687128 688018 687128
1001 2001 1001 2001 686922 689736 686922 689736
1002 2001 1002 2001 686921 689737 686921 689737
1001 1 1001 1 686147 691581 686147 691581
1001 1 1001 1 682608 700000 682608 700000
1001 1 1001 1 700000 686206 700000 686206
