97137 370013 97137 370013 796679 234708 796679 234708
98972 371589 98972 371589 795198 232796 795198 232796
140458 407217 140458 407217 741723 244239 741723 244239
195052 454101 195052 454101 807871 272576 807871 272576
204856 462521 204856 462521 813144 284375 813144 284375
210663 465849 210663 465849 815875 290486 815875 290486
247454 486933 247454 486933 786963 321504 786963 321504
246397 487427 246397 487427 786167 322358 786167 322358
240550 490158 240550 490158 781038 318442 781038 318442
245307 504667 245307 504667 768902 309176 768902 309176
260902 497766 260902 497766 755347 298827 755347 298827
263730 506213 263730 506213 748267 293421 748267 293421
264540 507735 264540 507735 746897 292375 746897 292375
266027 510529 266027 510529 744908 294837 744908 294837
270299 512994 270299 512994 741809 298674 741809 298674
274066 525285 274066 525285 733730 308674 733730 308674
263985 552460 263985 552460 715517 331221 715517 331221
249732 547509 249732 547509 706035 342958 706035 342958
241576 547346 241576 547346 700909 349304 700909 349304
240435 550327 240435 550327 698903 351787 698903 351787
235486 563261 235486 563261 703433 364873 703433 364873
231939 572532 231939 572532 708561 373372 708561 373372
230886 582074 230886 582074 713521 381592 713521 381592
227537 612433 227537 612433 731084 406580 731084 406580
226551 621365 226551 621365 737453 412920 737453 412920
226282 623804 226282 623804 735097 413607 735097 413607
236044 621898 236044 621898 725549 416394 725549 416394
237949 621684 237949 621684 723709 416931 723709 416931
246850 620683 246850 620683 731422 421484 731422 421484
258418 619383 258418 619383 736573 431924 736573 431924
261428 623734 261428 623734 738914 436668 738914 436668
264975 628859 264975 628859 744959 438187 744959 438187
267828 632982 267828 632982 743446 442967 743446 442967
264380 635951 264380 635951 742073 447305 742073 447305
246066 651716 246066 651716 765026 454861 765026 454861
254882 660276 254882 660276 776698 458704 776698 458704
262045 667230 262045 667230 766715 458635 766715 458635
242634 671220 242634 671220 746899 458499 746899 458499
237967 669311 237967 669311 741857 458464 741857 458464
214461 659694 214461 659694 721350 473448 721350 473448
198383 653117 198383 653117 713643 457880 713643 457880
194211 651410 194211 651410 712679 453477 712679 453477
177862 644722 177862 644722 703131 438616 703131 438616
182859 680693 182859 680693 683501 408062 683501 408062
184181 690205 184181 690205 677359 415445 677359 415445
181643 712324 181643 712324 663119 432560 663119 432560
180095 725818 180095 725818 649614 431112 649614 431112
179979 726825 179979 726825 649340 430136 649340 430136
191033 712781 191033 712781 644510 412929 644510 412929
229752 706661 229752 706661 633915 375188 633915 375188
234108 711873 234108 711873 632079 368649 632079 368649
239875 718773 239875 718773 627730 376521 627730 376521
239045 730318 239045 730318 622133 386652 622133 386652
253047 735999 253047 735999 614826 399879 614826 399879
265361 741563 265361 741563 608292 411706 608292 411706
271480 751865 271480 751865 602497 422195 602497 422195
270889 764694 270889 764694 596287 433436 596287 433436
271488 765151 271488 765151 595923 434095 595923 434095
280384 771935 280384 771935 602675 443016 602675 443016
315573 793831 315573 793831 627688 476062 627688 476062
321916 797778 321916 797778 635104 475160 635104 475160
317380 787966 317380 787966 645835 473856 645835 473856
312255 776878 312255 776878 652182 484292 652182 484292
304111 759259 304111 759259 642217 500950 642217 500950
296323 742411 296323 742411 654591 514784 654591 514784
306674 725809 306674 725809 667635 529366 667635 529366
320424 703756 320424 703756 675971 553981 675971 553981
302540 662341 302540 662341 690440 596709 690440 596709
305485 653094 305485 653094 693553 605901 693553 605901
307901 645508 307901 645508 697339 612904 697339 612904
339878 581750 339878 581750 731256 675652 731256 675652
335323 578743 335323 578743 733851 680453 733851 680453
320237 568783 320237 568783 715774 680323 715774 680323
309875 533547 309875 533547 679047 680060 679047 680060
311291 528834 311291 528834 674126 680025 674126 680025
312273 525565 312273 525565 672092 682766 672092 682766
316553 514029 316553 514029 664758 692646 664758 692646
312161 509040 312161 509040 660797 697983 660797 697983
310969 507686 310969 507686 660688 699784 660688 699784
309506 512920 309506 512920 660362 705209 660362 705209
300945 511900 300945 511900 659843 713815 659843 713815
286541 510184 286541 510184 661007 728274 661007 728274
287059 505046 287059 505046 661422 733421 661422 733421
287827 497437 287827 497437 658551 740510 658551 740510
278910 489938 278910 489938 654178 751309 654178 751309
275272 486879 275272 486879 650601 748179 650601 748179
278476 485735 278476 485735 648041 745938 648041 745938
292852 480599 292852 480599 637073 735320 637073 735320
295265 476616 295265 476616 633727 732081 633727 732081
300761 478812 300761 478812 629475 727964 629475 727964
304698 473516 304698 473516 624733 723374 624733 723374
305275 472740 305275 472740 623980 722768 623980 722768
309120 471243 309120 471243 620767 720180 620767 720180
312136 483789 312136 483789 610717 712086 610717 712086
313078 484982 313078 484982 609533 711133 609533 711133
316106 488815 316106 488815 614361 710388 614361 710388
336697 487084 336697 487084 634783 707236 634783 707236
336927 487069 336927 487069 635010 707201 635010 707201
339034 486930 339034 486930 635267 705105 635267 705105
337842 488297 337842 488297 635489 703305 635489 703305
328702 478365 328702 478365 637134 689908 637134 689908
319711 468594 319711 468594 647494 681602 647494 681602
318665 467993 318665 467993 648435 680847 648435 680847
311396 463813 311396 463813 643171 674321 643171 674321
306304 463773 306304 463773 639973 670357 639973 670357
301607 461646 301607 461646 636736 666344 636736 666344
292387 465538 292387 465538 630453 658554 630453 658554
291016 465057 291016 465057 629541 657424 629541 657424
287813 463934 287813 463934 629810 654040 629810 654040
285814 463847 285814 463847 629968 652045 629968 652045
283084 463729 283084 463729 627512 650849 627512 650849
264377 450884 264377 450884 607110 640913 607110 640913
259383 447455 259383 447455 601101 641678 601101 641678
267795 450809 267795 450809 592117 642822 592117 642822
281357 453024 281357 453024 578485 644557 578485 644557
285851 453757 285851 453757 574963 647443 574963 647443
293804 455056 293804 455056 567864 643631 567864 643631
299602 450262 299602 450262 561235 640072 561235 640072
306787 444228 306787 444228 552969 635634 552969 635634
315009 437322 315009 437322 560063 643695 560063 643695
312942 426910 312942 426910 567076 651663 567076 651663
329170 400192 329170 400192 587728 675130 587728 675130
329292 400409 329292 400409 587893 675317 587893 675317
338039 415951 338039 415951 596081 691160 596081 691160
347911 433494 347911 433494 575956 690714 575956 690714
346204 435109 346204 435109 573607 690662 573607 690662
334221 446444 334221 446444 557188 689076 557188 689076
339347 447797 339347 447797 551911 688566 551911 688566
343510 448895 343510 448895 548727 691464 548727 691464
348450 453112 348450 453112 543924 695836 543924 695836
348260 461094 348260 461094 538020 701211 538020 701211
359273 461149 359273 461149 529876 708624 529876 708624
380542 461256 380542 461256 521442 728150 521442 728150
389206 479191 389206 479191 513545 746436 513545 746436
430318 423664 430318 423664 486150 809863 486150 809863
477922 359369 477922 359369 406416 803343 406416 803343
503143 325304 503143 325304 364172 799888 364172 799888
507699 319151 507699 319151 366334 792544 366334 792544
474045 273761 474045 273761 382295 738339 382295 738339
456752 250438 456752 250438 404436 719557 404436 719557
466008 238419 466008 238419 416004 709743 416004 709743
514822 175037 514822 175037 336856 698098 336856 698098
521824 165946 521824 165946 325503 696428 325503 696428
542959 205610 542959 205610 281038 689886 281038 689886
542115 207533 542115 207533 278961 689580 278961 689580
531886 230840 531886 230840 272000 665097 272000 665097
541198 233828 541198 233828 269326 655690 269326 655690
563205 268113 563205 268113 258185 616503 258185 616503
587592 261839 587592 261839 251299 592281 251299 592281
604099 257593 604099 257593 243219 577274 243219 577274
636625 249226 636625 249226 213152 592239 213152 592239
627846 254789 627846 254789 203848 596870 203848 596870
587228 280530 587228 280530 228106 555349 228106 555349
581875 283922 581875 283922 225374 549631 225374 549631
573805 289150 573805 289150 221229 540955 221229 540955
572773 289818 572773 289818 221248 539726 221248 539726
575647 312635 575647 312635 221607 516731 221607 516731
580466 316641 580466 316641 221705 510465 221705 510465
603757 336002 603757 336002 240545 486751 240545 486751
612617 343367 612617 343367 251994 485461 251994 485461
613036 346275 613036 346275 254913 485132 254913 485132
620423 397530 620423 397530 302742 504982 302742 504982
624426 425309 624426 425309 320426 483188 320426 483188
635837 504491 635837 504491 384661 530873 384661 530873
638165 520644 638165 520644 397765 540601 397765 540601
643361 556692 643361 556692 400751 504303 400751 504303
646926 581434 646926 581434 387713 482975 387713 482975
651429 612676 651429 612676 356809 476548 356809 476548
651867 615717 651867 615717 355897 473614 355897 473614
702185 637587 702185 637587 339609 421223 339609 421223
709369 640710 709369 640710 337997 413557 337997 413557
743702 671391 743702 671391 328521 368498 328521 368498
693705 703535 693705 703535 316288 310332 316288 310332
696264 704490 696264 704490 315726 307659 315726 307659
712539 710567 712539 710567 299725 300893 299725 300893
720442 754249 720442 754249 258840 283603 258840 283603
721516 760186 721516 760186 262522 278823 262522 278823
725740 783532 725740 783532 259031 255356 259031 255356
704207 793243 704207 793243 255555 231992 255555 231992
701738 794357 701738 794357 255628 229284 255628 229284
705727 811406 705727 811406 256101 211781 256101 211781
756415 848737 756415 848737 257800 148853 257800 148853
756415 848737 756415 848737 259299 93331 259299 93331
756415 848737 756415 848737 209354 135169 209354 135169
756415 848737 756415 848737 207328 215143 207328 215143
756415 848737 756415 848737 205372 292331 205372 292331
756415 848737 756415 848737 192548 303933 192548 303933
756415 848737 756415 848737 177188 366200 177188 366200
756415 848737 756415 848737 199276 363729 199276 363729
756415 848737 756415 848737 197712 382154 197712 382154
756415 848737 756415 848737 267753 407837 267753 407837
756415 848737 756415 848737 285134 414812 285134 414812
756415 848737 756415 848737 273590 463197 273590 463197
756415 848737 756415 848737 247951 462027 247951 462027
756415 848737 756415 848737 232551 474731 232551 474731
756415 848737 756415 848737 222734 485285 222734 485285
756415 848737 756415 848737 212338 468713 212338 468713
756415 848737 756415 848737 159370 528666 159370 528666
756415 848737 756415 848737 158258 529925 158258 529925
756415 848737 756415 848737 136947 514236 136947 514236
756415 848737 756415 848737 150575 452176 150575 452176
756415 848737 756415 848737 130852 456139 130852 456139
756415 848737 756415 848737 52754 438800 52754 438800
756415 848737 756415 848737 46654 437446 46654 437446
756415 848737 756415 848737 39873 517158 39873 517158
756415 848737 756415 848737 37298 547428 37298 547428
