734238 176102 734238 176102 862382 561252 862382 561252
708466 199385 708466 199385 857098 595580 857098 595580
702831 219493 702831 219493 853922 616219 853922 616219
727468 235639 727468 235639 849441 645333 849441 645333
746804 261929 746804 261929 844476 677588 844476 677588
738434 267300 738434 267300 842963 687417 842963 687417
735197 269377 735197 269377 839233 686479 839233 686479
708482 286519 708482 286519 808011 692200 808011 692200
673856 321365 673856 321365 759691 701054 759691 701054
663023 337477 663023 337477 740594 704554 740594 704554
635211 306751 635211 306751 699829 712023 699829 712023
635381 306662 635381 306662 699640 712058 699640 712058
644608 301800 644608 301800 689370 713878 689370 713878
645094 299454 645094 299454 687011 714296 687011 714296
646705 268879 646705 268879 656864 719637 656864 719637
637377 261342 637377 261342 645055 721730 645055 721730
653091 260797 653091 260797 629573 724473 629573 724473
657734 250392 657734 250392 618354 726461 618354 726461
675201 259393 675201 259393 599005 729889 599005 729889
678376 233694 678376 233694 573508 734407 573508 734407
683716 190461 683716 190461 579812 777510 579812 777510
663880 166385 663880 166385 584326 808376 584326 808376
635561 185074 635561 185074 589237 841949 589237 841949
617656 172548 617656 172548 592399 863571 592399 863571
615910 171327 615910 171327 590269 863569 590269 863569
614954 171919 614954 171919 589144 863568 589144 863568
621985 207860 621985 207860 552522 863540 552522 863540
600340 211202 600340 211202 530620 863523 530620 863523
583678 185026 583678 185026 499591 863499 499591 863499
580808 180517 580808 180517 495311 860298 495311 860298
576316 176333 576316 176333 490395 856621 490395 856621
541646 248430 541646 248430 426333 808705 426333 808705
540167 251505 540167 251505 423600 806661 423600 806661
544117 255220 544117 255220 419258 803413 419258 803413
591854 300118 591854 300118 484787 802626 484787 802626
585548 313299 585548 313299 499397 802451 499397 802451
585278 314141 585278 314141 500282 802440 500282 802440
571375 357509 571375 357509 508368 757622 508368 757622
552322 416943 552322 416943 470208 708233 470208 708233
547963 430539 547963 430539 456132 705841 456132 705841
530827 434345 530827 434345 438827 702900 438827 702900
505911 439879 505911 439879 437215 677428 437215 677428
482678 445038 482678 445038 413848 672914 413848 672914
469764 447907 469764 447907 422984 663346 422984 663346
467295 448455 467295 448455 425452 662793 425452 662793
455198 454131 455198 454131 438491 659873 438491 659873
448601 486833 448601 486833 471046 652583 471046 652583
446515 497172 446515 497172 475028 642817 475028 642817
399606 551954 399606 551954 502257 576033 502257 576033
397075 554910 397075 554910 502725 572169 502725 572169
382608 536652 382608 536652 505528 549044 505528 549044
375023 507713 375023 507713 509128 519345 509128 519345
372176 496852 372176 496852 518894 513805 518894 513805
379919 473651 379919 473651 540169 501737 540169 501737
377623 466557 377623 466557 546655 498058 546655 498058
354238 394307 354238 394307 514720 429160 514720 429160
347225 372642 347225 372642 497299 443825 497299 443825
336589 339782 336589 339782 466707 427792 466707 427792
329004 316347 329004 316347 447081 412907 447081 412907
323788 300231 323788 300231 462780 406546 462780 406546
313896 293916 313896 293916 473657 402139 473657 402139
308209 304002 308209 304002 484389 397791 484389 397791
303588 312196 303588 312196 485709 388477 485709 388477
291197 302195 291197 302195 487943 372711 487943 372711
283307 295826 283307 295826 492780 363799 492780 363799
238372 295708 238372 295708 514214 324306 514214 324306
191643 293430 191643 293430 536530 283187 536530 283187
146277 291219 146277 291219 575814 260388 575814 260388
140972 290960 140972 290960 580748 262354 580748 262354
143579 297382 143579 297382 587186 264919 587186 264919
169980 362418 169980 362418 653467 288020 653467 288020
196451 427626 196451 427626 628069 222387 628069 222387
202036 441385 202036 441385 627094 207570 627094 207570
241901 466235 241901 466235 624011 160695 624011 160695
283768 492332 283768 492332 603571 205596 603571 205596
270521 510516 270521 510516 594249 226072 594249 226072
255317 531385 255317 531385 570585 215744 570585 215744
241983 549689 241983 549689 555627 232746 555627 232746
237481 555869 237481 555869 547993 233186 547993 233186
203124 592381 203124 592381 497941 236073 497941 236073
181710 615138 181710 615138 478071 260189 478071 260189
213021 615186 213021 615186 458161 284355 458161 284355
252168 640617 252168 640617 428477 320384 428477 320384
274270 613547 274270 613547 406255 347355 406255 347355
281239 619878 281239 619878 400268 354622 400268 354622
296676 605892 296676 605892 387022 370699 387022 370699
301883 604775 301883 604775 383636 374809 383636 374809
318754 601156 318754 601156 367439 380758 367439 380758
334884 605083 334884 605083 351856 386482 351856 386482
333593 606291 333593 606291 350197 387091 350197 387091
311482 626982 311482 626982 377444 400306 377444 400306
307416 629283 307416 629283 381648 402345 381648 402345
305048 629053 305048 629053 383789 403383 383789 403383
295905 628163 295905 628163 392975 403351 392975 403351
296861 642890 296861 642890 407733 403300 407733 403300
296487 645475 296487 645475 410344 403291 410344 403291
294976 655931 294976 655931 402976 410863 402976 410863
312868 660448 312868 660448 390106 424087 390106 424087
314268 660801 314268 660801 391244 424977 391244 424977
329930 662419 329930 662419 403646 434677 403646 434677
324181 646650 324181 646650 416867 445018 416867 445018
323740 645440 323740 645440 418154 445011 418154 445011
331290 642157 331290 642157 426387 444964 426387 444964
347550 635087 347550 635087 440271 455992 440271 455992
349205 634368 349205 634368 441737 454940 441737 454940
355286 645565 355286 645565 452089 447512 452089 447512
356814 648379 356814 648379 454935 446044 454935 446044
360523 655206 360523 655206 452777 453508 452777 453508
365880 665070 365880 665070 451280 464632 451280 464632
375624 655592 375624 655592 449468 478104 449468 478104
376000 652097 376000 652097 448999 481588 448999 481588
380464 610640 380464 610640 407525 477283 407525 477283
380745 608030 380745 608030 405907 479350 405907 479350
384154 610446 384154 610446 403331 482640 403331 482640
394173 617545 394173 617545 397816 493611 397816 493611
419737 635661 419737 635661 384838 465093 384838 465093
422447 637581 422447 637581 385432 461825 385432 461825
436535 638815 436535 638815 387959 447911 387959 447911
452434 640208 452434 640208 372070 446414 372070 446414
455999 640520 455999 640520 369462 443963 369462 443963
464429 646328 464429 646328 362001 436953 362001 436953
467083 648156 467083 648156 361164 440065 361164 440065
474307 617634 474307 617634 353020 470354 353020 470354
478126 601499 478126 601499 345293 485025 345293 485025
479637 600575 479637 600575 344468 486592 344468 486592
509472 582343 509472 582343 328910 455280 328910 455280
516258 578196 516258 578196 320985 454609 320985 454609
521088 590620 521088 590620 307703 453484 307703 453484
543186 609589 543186 609589 278684 451027 278684 451027
564751 628100 564751 628100 271637 478560 271637 478560
590411 650126 590411 650126 305453 478379 305453 478379
613073 669578 613073 669578 309379 507986 309379 507986
631517 685410 631517 685410 287542 518661 287542 518661
666832 715724 666832 715724 287830 565201 287830 565201
681872 725988 681872 725988 287942 583409 287942 583409
685077 728175 685077 728175 289802 580003 289802 580003
721794 711758 721794 711758 309082 544705 309082 544705
733171 706671 733171 706671 320853 548797 320853 548797
744205 701738 744205 701738 331221 555009 331221 555009
731924 716562 731924 716562 347734 564904 347734 564904
703478 750897 703478 750897 357570 521415 357570 521415
685894 772121 685894 772121 373240 544089 373240 544089
679545 775021 679545 775021 377209 549831 377209 549831
672267 778344 672267 778344 382829 555525 382829 555525
645773 805522 645773 805522 409493 582537 409493 582537
644591 813563 644591 813563 415202 588321 415202 588321
643352 821990 643352 821990 408633 593743 408633 593743
628389 813239 628389 813239 395264 604777 395264 604777
619328 826206 619328 826206 383064 614847 383064 614847
613216 834951 613216 834951 375803 622664 375803 622664
593632 862977 593632 862977 342167 628798 342167 628798
582552 878834 582552 878834 327544 641462 327544 641462
576769 887109 576769 887109 337265 644184 337265 644184
563912 873118 563912 873118 355563 649306 355563 649306
546844 854545 546844 854545 365707 672401 365707 672401
517858 823002 517858 823002 388120 708909 388120 708909
504037 807962 504037 807962 405228 720069 405228 720069
480035 781843 480035 781843 427447 747720 427447 747720
470176 771115 470176 771115 413178 750665 413178 750665
458857 758797 458857 758797 396502 749329 396502 749329
447942 746920 447942 746920 386098 737002 386098 737002
445013 742059 445013 742059 382438 732665 382438 732665
428402 731251 428402 731251 369655 717520 369655 717520
417095 723893 417095 723893 356708 713732 356708 713732
407353 717555 407353 717555 346379 719059 346379 719059
383444 710830 383444 710830 324304 730443 324304 730443
371600 707498 371600 707498 320117 718874 320117 718874
366211 769361 366211 769361 298984 660483 298984 660483
365999 771790 365999 771790 296955 659132 296955 659132
342479 763795 342479 763795 276279 645361 276279 645361
328265 737003 328265 737003 251037 628548 251037 628548
312673 707612 312673 707612 217971 632231 217971 632231
304134 707050 304134 707050 209466 633179 209466 633179
302248 704988 302248 704988 206689 633488 206689 633488
291200 692910 291200 692910 207630 649830 207630 649830
290346 680088 290346 680088 208368 662659 208368 662659
278644 688031 278644 688031 209181 676779 209181 676779
270189 688051 270189 688051 209667 685220 209667 685220
267026 685438 267026 685438 209903 689316 209903 689316
232141 656618 232141 656618 174836 717915 174836 717915
229173 654166 229173 654166 173610 714266 173610 714266
222736 682054 222736 682054 164491 687136 164491 687136
218658 683733 218658 683733 163086 682956 163086 682956
183420 701968 183420 701968 150445 645347 150445 645347
170413 703138 170413 703138 146284 632968 146284 632968
149880 688544 149880 688544 138258 609090 138258 609090
143258 683838 143258 683838 135114 601599 135114 601599
128476 667900 128476 667900 126702 581555 126702 581555
124652 663776 124652 663776 131736 579047 131736 579047
108751 646631 108751 646631 152949 569208 152949 569208
54350 587974 54350 587974 231544 554279 231544 554279
51510 584912 51510 584912 235647 553500 235647 553500
49672 582930 49672 582930 234640 550991 234640 550991
41768 595503 41768 595503 229106 537210 229106 537210
16521 635661 16521 635661 211355 493221 211355 493221
16521 635661 16521 635661 208931 487213 208931 487213
16521 635661 16521 635661 171130 480135 171130 480135
16521 635661 16521 635661 175382 494436 175382 494436
16521 635661 16521 635661 137059 525042 137059 525042
16521 635661 16521 635661 93292 537686 93292 537686
16521 635661 16521 635661 72353 515678 72353 515678
