26768 500570 26768 500570 261077 184287 261077 184287
63637 565802 63637 565802 255562 259014 255562 259014
68747 567612 68747 567612 255163 264420 255163 264420
92149 575901 92149 575901 236654 280966 236654 280966
100530 590410 100530 590410 224162 292133 224162 292133
111732 609803 111732 609803 221695 314393 221695 314393
120133 614142 120133 614142 220653 323791 220653 323791
146325 627667 146325 627667 250010 326450 250010 326450
186025 648168 186025 648168 294233 320065 294233 320065
197327 645405 197327 645405 305748 318403 305748 318403
198686 645073 198686 645073 305923 317015 305923 317015
213113 617181 213113 617181 309840 285858 309840 285858
207763 613162 207763 613162 310675 279218 310675 279218
200038 607359 200038 607359 317021 271933 317021 271933
180833 592931 180833 592931 333358 254324 333358 254324
167566 582965 167566 582965 333233 237731 333233 237731
145548 566424 145548 566424 348621 260570 348621 260570
147719 559279 147719 559279 352793 266763 352793 266763
150498 550137 150498 550137 362346 266545 362346 266545
154227 537865 154227 537865 373106 273525 373106 273525
155325 528989 155325 528989 380609 278392 380609 278392
156548 519094 156548 519094 370919 280740 370919 280740
159159 497986 159159 497986 355776 295675 355776 295675
161791 476710 161791 476710 337618 307073 337618 307073
164205 457184 164205 457184 349415 322818 349415 322818
164594 454045 164594 454045 347667 325454 347667 325454
166049 442278 166049 442278 358396 330501 358396 330501
167017 443632 167017 443632 359902 331210 359902 331210
169757 447463 169757 447463 364418 332548 364418 332548
177769 458665 177769 458665 368265 345772 368265 345772
187445 472194 187445 472194 351734 347609 351734 347609
196555 484932 196555 484932 342904 360543 342904 360543
207239 499870 207239 499870 349240 377781 349240 377781
208507 501642 208507 501642 349933 379847 349933 379847
208969 516770 208969 516770 354744 394197 354744 394197
209173 523464 209173 523464 360485 397644 360485 397644
236080 514163 236080 514163 384893 412300 384893 412300
247593 494162 247593 494162 404678 424180 404678 424180
264387 464989 264387 464989 438206 427178 438206 427178
264898 464326 264898 464326 439039 427252 439039 427252
295460 424690 295460 424690 444817 377536 444817 377536
305284 411949 305284 411949 429233 373538 429233 373538
310869 411983 310869 411983 423823 372150 423823 372150
314519 412005 314519 412005 426803 370042 426803 370042
326648 421614 326648 421614 439435 361105 439435 361105
329162 418074 329162 418074 442980 358597 442980 358597
334739 410221 334739 410221 444014 349021 444014 349021
335722 408836 335722 408836 443479 347409 443479 347409
342183 423408 342183 423408 438458 332281 438458 332281
359304 429046 359304 429046 432780 315173 432780 315173
368522 432082 368522 432082 426145 322256 426145 322256
369616 432442 369616 432442 425311 323051 425311 323051
347045 470632 347045 470632 393206 353664 393206 353664
337268 487174 337268 487174 396259 334693 396259 334693
334319 506871 334319 506871 399424 315029 399424 315029
333138 514764 333138 514764 396276 307696 396276 307696
326039 509153 326039 509153 392706 299381 392706 299381
301326 489623 301326 489623 402404 269412 402404 269412
300338 489977 300338 489977 402727 268414 402727 268414
295607 491675 295607 491675 406124 272119 406124 272119
300957 518164 300957 518164 424389 292036 424389 292036
301725 521966 301725 521966 424582 288162 424582 288162
298609 534834 298609 534834 425240 274939 425240 274939
293457 556107 293457 556107 432370 254244 432370 254244
304298 556218 304298 556218 435901 243994 435901 243994
310078 556278 310078 556278 431546 240193 431546 240193
320298 556383 320298 556383 428996 230296 428996 230296
331598 572827 331598 572827 424017 210975 424017 210975
336621 580136 336621 580136 420359 202896 420359 202896
343102 589568 343102 589568 428574 210864 428574 210864
363406 610201 363406 610201 449353 231018 449353 231018
384777 631920 384777 631920 478285 240578 478285 240578
406950 654453 406950 654453 456017 263017 456017 263017
415277 662914 415277 662914 444232 264446 444232 264446
418824 666519 418824 666519 448263 267499 448263 267499
419440 667145 419440 667145 448694 268265 448694 268265
439397 676440 439397 676440 459480 287457 459480 287457
474489 692783 474489 692783 497902 292181 497902 292181
486570 698410 486570 698410 499509 305411 499509 305411
523271 715503 523271 715503 530655 331277 530655 331277
527067 700527 527067 700527 542541 341147 542541 341147
531154 684399 531154 684399 531972 353996 531972 353996
589366 699053 589366 699053 493838 400356 493838 400356
617356 706099 617356 706099 521890 407150 521890 407150
617738 705405 617738 705405 522660 407336 522660 407336
634458 675048 634458 675048 555661 396751 555661 396751
666928 642654 666928 642654 599335 382744 599335 382744
671711 643804 671711 643804 604020 381241 604020 381241
715622 654365 715622 654365 648999 377166 648999 377166
742355 660794 742355 660794 633661 399985 633661 399985
740425 652325 740425 652325 628816 407194 628816 407194
734557 626587 734557 626587 604397 417223 604397 417223
716777 548588 716777 548588 632235 492223 632235 492223
715537 543148 715537 543148 634177 497454 634177 497454
710069 519160 710069 519160 615606 513593 615606 513593
695360 522828 695360 522828 604164 523537 604164 523537
680408 506731 680408 506731 587581 537948 587581 537948
669891 523006 669891 523006 572955 550658 572955 550658
664087 531988 664087 531988 571627 540046 571627 540046
649355 554785 649355 554785 566779 513340 566779 513340
645467 560802 645467 560802 565688 506260 565688 506260
643044 559695 643044 559695 565282 503627 565282 503627
601562 540739 601562 540739 574929 459051 574929 459051
598360 539276 598360 539276 571443 458555 571443 458555
596798 543334 596798 543334 567139 457943 567139 457943
590947 558536 590947 558536 551140 454881 551140 454881
574077 548725 574077 548725 531972 451213 531972 451213
571386 545897 571386 545897 528138 450479 528138 450479
565706 539928 565706 539928 522455 456445 522455 456445
573418 526102 573418 526102 511535 467908 511535 467908
578854 516357 578854 516357 520031 475142 520031 475142
582192 510372 582192 510372 516448 480984 516448 480984
557979 524989 557979 524989 501662 505094 501662 505094
522605 524176 522605 524176 483164 535256 483164 535256
487776 523375 487776 523375 463071 506796 463071 506796
509147 501408 509147 501408 445394 481759 445394 481759
519953 490301 519953 490301 430076 484099 430076 484099
554870 476597 554870 476597 392996 489762 392996 489762
579076 470163 579076 470163 368237 493544 368237 493544
608900 462236 608900 462236 364134 524130 364134 524130
602670 412332 602670 412332 357446 573975 357446 573975
583655 402987 583655 402987 354629 594974 354629 594974
570802 396670 570802 396670 355758 609251 355758 609251
550143 379502 550143 379502 357876 636028 357876 636028
548722 384878 548722 384878 358314 641572 358314 641572
543160 405929 543160 405929 359064 663332 359064 663332
541867 406113 541867 406113 359109 664637 359109 664637
537263 406768 537263 406768 355701 667802 355701 667802
533800 407261 533800 407261 355276 664330 355276 664330
505233 411326 505233 411326 328046 654785 328046 654785
496116 412624 496116 412624 321008 648846 321008 648846
510831 389385 510831 389385 299986 631107 299986 631107
505097 380701 505097 380701 292033 624396 292033 624396
493618 354749 493618 354749 270345 606096 270345 606096
487367 340616 487367 340616 268117 621388 268117 621388
469007 337902 469007 337902 265441 639754 265441 639754
458559 347588 458559 347588 263387 653852 263387 653852
457078 348961 457078 348961 262855 655800 262855 655800
438439 389825 438439 389825 251016 699126 251016 699126
436463 394156 436463 394156 255662 698088 255662 698088
419350 388733 419350 388733 273182 694175 273182 694175
412239 386479 412239 386479 280635 693857 280635 693857
418097 370695 418097 370695 297456 693141 297456 693141
401405 370433 401405 370433 314135 692430 314135 692430
398475 370387 398475 370387 316640 690909 316640 690909
396694 370359 396694 370359 318291 691577 318291 691577
394371 376030 394371 376030 323971 693876 323971 693876
391671 382620 391671 382620 326432 687193 326432 687193
384144 378633 384144 378633 329375 679199 329375 679199
374265 373400 374265 373400 340131 682244 340131 682244
360347 366027 360347 366027 344482 697382 344482 697382
361065 359807 361065 359807 346212 703399 346212 703399
347644 357410 347644 357410 349978 716502 349978 716502
353338 345274 353338 345274 353681 729386 353681 729386
358512 334246 358512 334246 360996 719646 360996 719646
331454 338355 331454 338355 377431 697762 377431 697762
321922 339802 321922 339802 386834 699894 386834 699894
315984 338622 315984 338622 392738 701232 392738 701232
323117 290347 323117 290347 440330 712020 440330 712020
291219 278459 291219 278459 473529 719546 473529 719546
220233 252004 220233 252004 531239 768622 531239 768622
222963 250549 222963 250549 533596 770626 533596 770626
268718 226162 268718 226162 582723 754051 582723 754051
301409 217283 301409 217283 614821 743221 614821 743221
344675 205531 344675 205531 595257 702882 595257 702882
351292 219354 351292 219354 588570 689092 588570 689092
343158 245000 343158 245000 576829 664884 576829 664884
337705 262195 337705 262195 594863 664491 594863 664491
344087 266176 344087 266176 602383 664327 602383 664327
399308 300622 399308 300622 653885 624534 653885 624534
403972 303531 403972 303531 653467 619053 653467 619053
413279 282005 413279 282005 651686 595669 651686 595669
420701 264839 420701 264839 662393 580335 662393 580335
443671 232421 443671 232421 685139 547760 685139 547760
459341 210306 459341 210306 706162 564867 706162 564867
468704 253887 468704 253887 740737 593002 740737 593002
495199 258056 495199 258056 761540 609931 761540 609931
500805 291811 500805 291811 788081 631528 788081 631528
524985 281019 524985 281019 808619 648240 808619 648240
528993 276129 528993 276129 813523 652231 813523 652231
559455 238965 559455 238965 770173 672965 770173 672965
604594 251206 604594 251206 727981 693145 727981 693145
654563 214929 654563 214929 672276 719789 672276 719789
682610 194567 682610 194567 686488 751400 686488 751400
681662 234403 681662 234403 702827 787743 702827 787743
680480 284098 680480 284098 749905 771785 749905 771785
672177 288290 672177 288290 758714 768799 758714 768799
673307 290355 673307 290355 760943 768043 760943 768043
698239 335935 698239 335935 760943 768043 760943 768043
620710 316204 620710 316204 760943 768043 760943 768043
601876 311411 601876 311411 760943 768043 760943 768043
599227 313163 599227 313163 760943 768043 760943 768043
584350 336067 584350 336067 760943 768043 760943 768043
589422 343286 589422 343286 760943 768043 760943 768043
624254 383753 624254 383753 760943 768043 760943 768043
644039 370988 644039 370988 760943 768043 760943 768043
666049 419876 666049 419876 760943 768043 760943 768043
705716 429698 705716 429698 760943 768043 760943 768043
726666 402035 726666 402035 760943 768043 760943 768043
740484 412181 740484 412181 760943 768043 760943 768043
757868 408692 757868 408692 760943 768043 760943 768043
