36473 347842 36473 347842 616437 273534 616437 273534
110208 363627 110208 363627 611570 348782 611570 348782
158810 374032 158810 374032 575523 383003 575523 383003
161531 376708 161531 376708 572755 385630 572755 385630
179325 394212 179325 394212 562023 408166 562023 408166
204888 419356 204888 419356 591081 429173 591081 429173
218750 432992 218750 432992 574356 439091 574356 439091
213698 454204 213698 454204 555601 450214 555601 450214
203159 498455 203159 498455 597566 467770 597566 467770
202821 498386 202821 498386 597884 467903 597884 467903
173569 492437 173569 492437 595188 497632 595188 497632
174526 507220 174526 507220 593850 512385 593850 512385
174620 508673 174620 508673 594632 513613 594632 513613
184445 506640 184445 506640 600020 522077 600020 522077
198342 544504 198342 544504 621683 556100 621683 556100
187620 546361 187620 546361 627527 565279 627527 565279
154612 552078 154612 552078 595827 554448 595827 554448
105762 591545 105762 591545 536400 534143 536400 534143
74100 617125 74100 617125 508729 504291 508729 504291
76755 617924 76755 617924 506844 502257 506844 502257
86085 620733 86085 620733 497371 504535 497371 504535
133813 635101 133813 635101 447559 502746 447559 502746
134896 635427 134896 635427 446849 501865 446849 501865
171539 625394 171539 625394 423008 472285 423008 472285
180585 622918 180585 622918 423353 462913 423353 462913
188977 620620 188977 620620 431795 460805 431795 460805
203079 616759 203079 616759 433868 446332 433868 446332
215526 613351 215526 613351 427294 435227 427294 435227
207865 623581 207865 623581 420783 424229 420783 424229
203574 629311 203574 629311 425834 419156 425834 419156
208772 653101 208772 653101 443015 401900 443015 401900
209323 655622 209323 655622 445510 401240 445510 401240
215917 655882 215917 655882 451889 399551 451889 399551
219551 656026 219551 656026 455503 399963 455503 399963
242447 663099 242447 663099 479313 402674 479313 402674
244934 673349 244934 673349 489792 403868 489792 403868
249511 692213 249511 692213 508486 409099 508486 409099
253410 708281 253410 708281 524909 407186 524909 407186
257366 724587 257366 724587 517003 392387 517003 392387
259023 731414 259023 731414 518910 385625 518910 385625
260584 737849 260584 737849 522301 379938 522301 379938
262769 735961 262769 735961 523780 377457 523780 377457
301071 702867 301071 702867 483558 346726 483558 346726
305684 698882 305684 698882 488050 342605 488050 342605
309162 696360 309162 696360 491216 339701 491216 339701
333499 678718 333499 678718 497740 310359 497740 310359
342977 671847 342977 671847 508652 306119 508652 306119
362111 657976 362111 657976 512115 282741 512115 282741
366599 654723 366599 654723 507371 285607 507371 285607
371811 638553 371811 638553 492829 294392 492829 294392
352932 622581 352932 622581 471663 307180 471663 307180
336997 609100 336997 609100 451847 313735 451847 313735
336722 608437 336722 608437 451165 313960 451165 313960
328533 588698 328533 588698 429939 316436 429939 316436
318446 564381 318446 564381 426901 342586 426901 342586
317237 561467 317237 561467 423760 342290 423760 342290
317119 561612 317119 561612 423574 342272 423574 342272
313945 565492 313945 565492 423084 347261 423084 347261
292616 580951 292616 580951 420508 373477 420508 373477
291712 577350 291712 577350 420145 377172 420145 377172
290714 573377 290714 573377 418749 381023 418749 381023
287966 562430 287966 562430 408281 376804 408281 376804
286348 551013 286348 551013 397586 372493 397586 372493
283482 541865 283482 541865 388694 368909 388694 368909
287057 519670 287057 519670 367843 360505 367843 360505
280111 507250 280111 507250 354644 355185 354644 355185
279086 505417 279086 505417 354389 357269 354389 357269
300743 480042 300743 480042 350335 390382 350335 390382
303437 480780 303437 480780 349995 393155 349995 393155
313136 483439 313136 483439 350535 403197 350535 403197
315519 479028 315519 479028 350804 408203 350804 408203
333405 445920 333405 445920 379285 432798 379285 432798
325420 443023 325420 443023 385714 438349 385714 438349
307536 436534 307536 436534 380347 456602 380347 456602
290469 430342 290469 430342 369502 471162 369502 471162
307384 420413 307384 420413 357785 486891 357785 486891
316729 414927 316729 414927 347417 483738 347417 483738
333626 405009 333626 405009 346119 503287 346119 503287
333756 404933 333756 404933 345990 503208 345990 503208
344656 400891 344656 400891 336075 497138 336075 497138
378169 388465 378169 388465 305701 478299 305701 478299
370063 378656 370063 378656 294887 471592 294887 471592
339443 341603 339443 341603 285078 424536 285078 424536
345491 339431 345491 339431 283767 418245 283767 418245
401764 319224 401764 319224 257028 471724 257028 471724
429450 309281 429450 309281 258186 501119 258186 501119
431693 308476 431693 308476 260051 502602 260051 502602
437849 306793 437849 306793 265047 506573 265047 506573
464923 299392 464923 299392 293050 508473 293050 508473
496334 290806 496334 290806 287479 540556 287479 540556
503411 313936 503411 313936 283342 564388 283342 564388
504309 316666 504309 316666 282850 567220 282850 567220
505817 321254 505817 321254 287543 566079 287543 566079
518074 336388 518074 336388 306466 561478 306466 561478
522312 341620 522312 341620 309026 555250 309026 555250
521540 353588 521540 353588 313585 544158 313585 544158
520972 362377 520972 362377 312062 535483 312062 535483
520132 375401 520132 375401 319539 524786 319539 524786
522546 374599 522546 374599 320996 522701 320996 522701
542262 368048 542262 368048 337035 535907 337035 535907
556811 363214 556811 363214 352325 537026 352325 537026
566542 359981 566542 359981 361643 532746 361643 532746
568524 362518 568524 362518 364568 531402 364568 531402
578485 375271 578485 375271 380516 528660 380516 528660
579556 375250 579556 375250 381572 528478 381572 528478
599146 374868 599146 374868 385477 547679 385477 547679
627595 374313 627595 374313 408630 564219 408630 564219
625951 375151 625951 375151 410131 565292 410131 565292
557968 409793 557968 409793 354261 617257 354261 617257
554784 411416 554784 411416 352278 614284 352278 614284
522693 417931 522693 417931 334107 587043 334107 587043
489017 424767 489017 424767 315081 615658 315081 615658
485679 422340 485679 422340 312796 619095 312796 619095
480734 418743 480734 418743 306885 617527 306885 617527
469564 410619 469564 410619 294935 624452 294935 624452
460008 429462 460008 429462 276655 635044 276655 635044
442890 463218 442890 463218 239651 627092 239651 627092
442379 463705 442379 463705 238961 626944 238961 626944
431898 473692 431898 473692 237292 641325 237292 641325
393751 490754 393751 490754 232475 682835 232475 682835
367661 502423 367661 502423 240732 710197 240732 710197
369341 505242 369341 505242 241680 713339 241680 713339
381524 534510 381524 534510 250839 743689 250839 743689
386126 537486 386126 537486 252422 748936 252422 748936
399981 547568 399981 547568 257372 765340 257372 765340
434309 572547 434309 572547 299824 764817 299824 764817
439841 604804 439841 604804 332549 764413 332549 764413
449638 592254 449638 592254 348469 764217 348469 764217
460399 578471 460399 578471 348545 746731 348545 746731
468998 567457 468998 567457 361173 740748 361173 740748
479839 553570 479839 553570 376335 731778 376335 731778
480128 553200 480128 553200 375976 731475 375976 731475
470903 522236 470903 522236 351287 710634 351287 710634
488285 507375 488285 507375 333812 695883 333812 695883
492588 503696 492588 503696 339219 694203 339219 694203
498417 461538 498417 461538 379861 681575 379861 681575
509111 471084 509111 471084 393550 677321 393550 677321
518166 469856 518166 469856 402276 674610 402276 674610
543909 466366 543909 466366 422582 690814 422582 690814
557785 464485 557785 464485 435026 697235 435026 697235
557916 464625 557916 464625 435197 697323 435197 697323
568970 476423 568970 476423 432278 713224 432278 713224
590968 499903 590968 499903 431062 745376 431062 745376
604654 502795 604654 502795 430533 759354 430533 759354
636640 509556 636640 509556 462747 764930 462747 764930
648567 512076 648567 512076 472452 757554 472452 757554
668542 516298 668542 516298 492269 752641 492269 752641
673008 514103 673008 514103 497099 751444 497099 751444
722878 489599 722878 489599 515450 698997 515450 698997
759358 471674 759358 471674 505165 659674 505165 659674
737321 504513 737321 504513 495158 621413 495158 621413
721080 528715 721080 528715 513676 643921 513676 643921
677079 594284 677079 594284 579843 687017 579843 687017
663029 597146 663029 597146 591858 694842 591858 694842
654965 598789 654965 598789 585052 699469 585052 699469
590619 611898 590619 611898 598093 763829 598093 763829
655006 629054 655006 629054 611325 829135 611325 829135
678318 641684 678318 641684 616590 855121 616590 855121
705372 656341 705372 656341 589554 840431 589554 840431
674927 698944 674927 698944 543544 815432 543544 815432
649780 724395 649780 724395 512106 798351 512106 798351
637655 736666 637655 736666 501880 784457 501880 784457
636666 737667 636666 737667 501197 785687 501197 785687
637473 753128 637473 753128 493677 799220 493677 799220
609835 760089 609835 760089 479835 824134 479835 824134
606711 760876 606711 760876 477389 822037 477389 822037
597670 772270 597670 772270 466345 812571 466345 812571
585998 786979 585998 786979 454503 827143 454503 827143
594918 797990 594918 797990 445567 838141 445567 838141
617278 791767 617278 791767 430930 856153 430930 856153
638529 785853 638529 785853 411534 845647 411534 845647
660179 779827 660179 779827 416193 823662 416193 823662
696755 769648 696755 769648 382237 806680 382237 806680
703343 778669 703343 778669 372246 801683 372246 801683
726323 810139 726323 810139 350267 833860 350267 833860
737065 824849 737065 824849 350267 833860 350267 833860
756009 777226 756009 777226 350267 833860 350267 833860
735636 746251 735636 746251 350267 833860 350267 833860
730636 732621 730636 732621 350267 833860 350267 833860
739098 722652 739098 722652 350267 833860 350267 833860
758566 718177 758566 718177 350267 833860 350267 833860
736548 704343 736548 704343 350267 833860 350267 833860
722695 698840 722695 698840 350267 833860 350267 833860
718812 696359 718812 696359 350267 833860 350267 833860
729758 687082 729758 687082 350267 833860 350267 833860
738814 684604 738814 684604 350267 833860 350267 833860
743571 683825 743571 683825 350267 833860 350267 833860
743585 634905 743585 634905 350267 833860 350267 833860
738645 617769 738645 617769 350267 833860 350267 833860
752025 627546 752025 627546 350267 833860 350267 833860
776934 632793 776934 632793 350267 833860 350267 833860
778491 621223 778491 621223 350267 833860 350267 833860
813765 632504 813765 632504 350267 833860 350267 833860
835616 649039 835616 649039 350267 833860 350267 833860
809169 666070 809169 666070 350267 833860 350267 833860
782832 666726 782832 666726 350267 833860 350267 833860
811063 692247 811063 692247 350267 833860 350267 833860
808347 711669 808347 711669 350267 833860 350267 833860
814064 734348 814064 734348 350267 833860 350267 833860
