788558 902454 788558 902454 178780 700417 178780 700417
773446 860248 773446 860248 211508 669780 211508 669780
772565 857788 772565 857788 211211 667184 211211 667184
725317 846908 725317 846908 205691 619015 205691 619015
697530 819567 697530 819567 201253 580286 201253 580286
680419 802731 680419 802731 222135 592127 222135 592127
681891 802406 681891 802406 223446 592870 223446 592870
721311 793705 721311 793705 254617 618522 254617 618522
740419 789487 740419 789487 271557 608728 271557 608728
759581 798617 759581 798617 289933 598104 289933 598104
796704 816306 796704 816306 276900 637106 276900 637106
822841 779811 822841 779811 262673 679681 262673 679681
845508 748163 845508 748163 298052 695921 298052 695921
877599 703354 877599 703354 349613 715392 349613 715392
845032 717234 845032 717234 382732 727898 382732 727898
827066 724891 827066 724891 370854 712396 370854 712396
805141 734235 805141 734235 362524 690066 362524 690066
782796 721233 782796 721233 353489 665843 353489 665843
764972 706262 764972 706262 345354 644034 345354 644034
758817 701093 758817 701093 353339 644949 353339 644949
713641 702799 713641 702799 398253 650098 398253 650098
703216 703193 703216 703193 399989 639811 399989 639811
683359 732801 683359 732801 405922 604658 405922 604658
681242 714330 681242 714330 409016 586325 409016 586325
678666 691851 678666 691851 386429 587651 386429 587651
674857 658619 674857 658619 388293 554253 388293 554253
691948 634421 691948 634421 389944 524674 389944 524674
700043 622961 700043 622961 385985 511214 385985 511214
699994 621985 699994 621985 385709 510276 385709 510276
695994 542085 695994 542085 335948 447635 335948 447635
695784 537893 695784 537893 333338 444349 333338 444349
695426 530736 695426 530736 339328 448283 339328 448283
658649 543722 658649 543722 371928 469695 371928 469695
648860 500312 648860 500312 409122 494124 409122 494124
652798 470242 652798 470242 434471 510773 434471 510773
655799 447330 655799 447330 446863 491270 446863 491270
656859 439239 656859 439239 453238 496364 453238 496364
652835 408657 652835 408657 477335 515620 477335 515620
657798 405479 657798 405479 481939 519299 481939 519299
669135 398219 669135 398219 472530 528927 472530 528927
676017 417446 676017 417446 458257 543533 458257 543533
680251 415410 680251 415410 454973 546893 454973 546893
712061 400111 712061 400111 489168 555647 489168 555647
750859 381452 750859 381452 526319 577401 526319 577401
754947 379486 754947 379486 528814 581189 528814 581189
782956 366015 782956 366015 499089 590268 499089 590268
790055 362601 790055 362601 500182 598069 500182 598069
784296 351073 784296 351073 501971 610830 501971 610830
790852 339880 790852 339880 503771 623677 503771 623677
796292 330593 796292 330593 514465 622465 514465 622465
784340 315746 784340 315746 533404 620319 533404 620319
807024 291270 807024 291270 566563 616562 566563 616562
812744 285097 812744 285097 563628 608675 563628 608675
808940 283484 808940 283484 562187 604802 562187 604802
784063 272936 784063 272936 557016 578281 557016 578281
783156 272551 783156 272551 557679 577552 557679 577552
776495 275531 776495 275531 562587 572152 562587 572152
772476 277330 772476 277330 566683 573767 566683 573767
763101 288706 763101 288706 580397 579175 580397 579175
756034 297283 756034 297283 578093 568303 578093 568303
753158 292831 753158 292831 576994 563118 576994 563118
748692 285918 748692 285918 569358 560047 569358 560047
754506 283523 754506 283523 563524 557701 563524 557701
754679 278450 754679 278450 558815 555807 558815 555807
754876 272694 754876 272694 558397 550063 558397 550063
755571 252379 755571 252379 555612 529928 555612 529928
740703 254403 740703 254403 553556 515064 553556 515064
723653 256723 723653 256723 567236 504627 567236 504627
702578 259592 702578 259592 575016 524423 575016 524423
701903 259684 701903 259684 575686 524546 575686 524546
679589 277014 679589 277014 603475 529643 603475 529643
661958 290706 661958 290706 595071 550324 595071 550324
651530 298805 651530 298805 607500 554779 607500 554779
639053 308495 639053 308495 623154 552648 623154 552648
624294 319957 624294 319957 641360 548435 641360 548435
621166 322387 621166 322387 645215 547524 645215 547524
597582 340702 597582 340702 638178 518505 638178 518505
582406 352489 582406 352489 654026 507638 654026 507638
573768 359197 573768 359197 644877 501646 644877 501646
580123 381463 580123 381463 625505 488961 625505 488961
583405 392963 583405 392963 634389 480955 634389 480955
588983 412509 588983 412509 649494 467354 649494 467354
600141 425700 600141 425700 662333 455793 662333 455793
618238 447093 618238 447093 637017 443781 637017 443781
583477 464545 583477 464545 601877 427107 601877 427107
583611 466028 583611 466028 600531 426468 600531 426468
586456 497478 586456 497478 569022 428548 569022 428548
583813 499158 583813 499158 565897 428754 565897 428754
553840 518204 553840 518204 577140 462440 577140 462440
498171 553581 498171 553581 512432 475226 512432 475226
494072 554930 494072 554930 508199 476063 508199 476063
488312 556825 488312 556825 503455 472286 503455 472286
481091 560517 481091 560517 497111 467234 497111 467234
466886 567780 466886 567780 491784 452195 491784 452195
473390 590620 473390 590620 483855 429810 483855 429810
484813 588405 484813 588405 479970 418842 479970 418842
493152 586788 493152 586788 481737 410534 481737 410534
504140 590640 504140 590640 484159 399145 484159 399145
487195 609378 487195 609378 489415 374434 489415 374434
486703 609923 486703 609923 490100 374169 490100 374169
507471 630617 507471 630617 517444 363594 517444 363594
569016 627558 569016 627558 574917 341368 574917 341368
562067 673333 562067 673333 618100 324668 618100 324668
560971 680554 560971 680554 625393 325070 625393 325070
547299 677858 547299 677858 639307 325838 639307 325838
533268 671092 533268 671092 654860 326696 654860 326696
522626 649419 522626 649419 678968 328026 678968 328026
509337 665276 509337 665276 699626 329166 699626 329166
494134 680539 494134 680539 721136 330353 721136 330353
492763 695195 492763 695195 735834 331164 735834 331164
482393 703433 482393 703433 749058 331893 749058 331893
483254 704657 483254 704657 750552 331976 750552 331976
489811 711510 489811 711510 760022 332498 760022 332498
495612 716839 495612 716839 767887 332932 767887 332932
517148 736622 517148 736622 754105 358724 754105 358724
523530 742485 523530 742485 753154 367338 753154 367338
527355 729832 527355 729832 751703 380477 751703 380477
527942 717819 527942 717819 750383 392431 750383 392431
538450 708226 538450 708226 748821 406574 748821 406574
541954 697338 541954 697338 747565 417943 747565 417943
541949 697026 541949 697026 747531 418253 747531 418253
541838 690442 541838 690442 743517 423473 743517 423473
564440 714965 564440 714965 723186 449909 723186 449909
588291 712923 588291 712923 708593 468885 708593 468885
598940 720992 598940 720992 700448 479476 700448 479476
593388 728116 593388 728116 694942 486635 694942 486635
581653 743174 581653 743174 677438 494256 677438 494256
561297 769292 561297 769292 688274 525547 688274 525547
560707 769380 560707 769380 688469 526110 688469 526110
538315 772716 538315 772716 710787 529914 710787 529914
529918 773967 529918 773967 718995 527745 718995 527745
505112 777663 505112 777663 704222 548012 704222 548012
498052 778715 498052 778715 697115 548676 697115 548676
480608 772110 480608 772110 678544 550410 678544 550410
467823 767269 467823 767269 688571 559703 688571 559703
456328 762917 456328 762917 687620 571957 687620 571957
457683 731172 457683 731172 685162 603636 685162 603636
458596 709763 458596 709763 664363 598481 664363 598481
458842 703999 458842 703999 663912 604233 663912 604233
432239 709808 432239 709808 661783 631379 661783 631379
424728 698331 424728 698331 660711 645054 660711 645054
415696 684529 415696 684529 648058 655635 648058 655635
410393 688227 410393 688227 643098 659782 643098 659782
352371 728694 352371 728694 609565 722069 609565 722069
344805 733970 344805 733970 609942 731285 609942 731285
339096 737952 339096 737952 610596 738215 610596 738215
344100 729329 344100 729329 611533 748141 611533 748141
364689 693847 364689 693847 609930 789132 609930 789132
374051 677712 374051 677712 626633 797439 626633 797439
383873 660786 383873 660786 610073 807866 610073 807866
412610 658021 412610 658021 585642 823248 585642 823248
424586 656869 424586 656869 591604 833698 591604 833698
438153 661773 438153 661773 598752 846228 598752 846228
450627 666282 450627 666282 611746 848891 611746 848891
452613 655493 452613 655493 622493 851094 622493 851094
463436 654234 463436 654234 633167 853281 633167 853281
475276 641185 475276 641185 650428 856819 650428 856819
479801 639504 479801 639504 655157 857788 655157 857788
477414 637523 477414 637523 658196 858411 658196 858411
461445 624264 461445 624264 664451 838620 664451 838620
451598 630800 451598 630800 668012 827350 668012 827350
451393 630936 451393 630936 668161 827155 668161 827155
444382 610193 444382 610193 681443 809748 681443 809748
449231 579053 449231 579053 700561 784693 700561 784693
449250 575823 449250 575823 702520 782125 702520 782125
449334 561689 449334 561689 716281 778898 716281 778898
448034 562499 448034 562499 717772 778548 717772 778548
426901 575678 426901 575678 732984 798268 732984 798268
417029 579094 417029 579094 739365 806539 739365 806539
376108 593254 376108 593254 779879 791253 779879 791253
371232 594941 371232 594941 777436 786708 777436 786708
354756 594481 354756 594481 769634 772189 769634 772189
369920 581044 369920 581044 760043 754343 760043 754343
378796 573179 378796 573179 749225 759204 749225 759204
390710 569946 390710 569946 737965 764265 737965 764265
390812 569930 390812 569930 737871 764307 737871 764307
395114 569277 395114 569277 735208 760866 735208 760866
395378 547514 395378 547514 721889 743653 721889 743653
397512 545800 397512 545800 720214 741488 720214 741488
413854 532674 413854 532674 710819 722750 710819 722750
425466 523347 425466 523347 723612 715124 723612 715124
441123 503226 441123 503226 745512 702070 745512 702070
444844 498444 444844 498444 747485 696341 747485 696341
438363 496176 438363 496176 749721 689849 749721 689849
392614 480165 392614 480165 795485 673882 795485 673882
369318 472012 369318 472012 777055 657466 777055 657466
330743 442017 330743 442017 740566 624964 740566 624964
328039 409688 328039 409688 716341 603386 716341 603386
326244 388236 326244 388236 732621 589302 732621 589302
323382 371834 323382 371834 745213 578409 745213 578409
319187 347794 319187 347794 747907 554155 747907 554155
311599 304313 311599 304313 791898 550555 791898 550555
307810 282602 307810 282602 806221 567305 806221 567305
306323 274079 306323 274079 808008 558839 808008 558839
334465 264013 334465 264013 814179 529595 814179 529595
371777 250666 371777 250666 789746 498397 789746 498397
360804 238779 360804 238779 779771 485661 779771 485661
320881 195529 320881 195529 812055 436445 812055 436445
310838 184649 310838 184649 826732 434492 826732 434492
310838 184649 310838 184649 906033 423938 906033 423938
310838 184649 310838 184649 917186 422454 917186 422454
