3000 1000 3000 1000 6505 1000 6505 1000
3001 1000 3001 1000 6506 1000 6506 1000
11736 1000 11736 1000 15241 1000 15241 1000
11737 1000 11737 1000 15242 1000 15242 1000
13319 1000 13319 1000 16824 1000 16824 1000
13320 1000 13320 1000 16825 1000 16825 1000
27882 1000 27882 1000 31387 1000 31387 1000
27883 1000 27883 1000 31388 1000 31388 1000
35955 1000 35955 1000 39460 1000 39460 1000
35956 1000 35956 1000 39461 1000 39461 1000
45116 1000 45116 1000 48621 1000 48621 1000
45117 1000 45117 1000 48622 1000 48622 1000
45213 1000 45213 1000 48718 1000 48718 1000
45214 1000 45214 1000 48719 1000 48719 1000
58879 1000 58879 1000 62384 1000 62384 1000
58880 1000 58880 1000 62385 1000 62385 1000
69024 1000 69024 1000 72529 1000 72529 1000
69025 1000 69025 1000 72530 1000 72530 1000
83681 1000 83681 1000 87186 1000 87186 1000
83682 1000 83682 1000 87187 1000 87187 1000
86736 1000 86736 1000 90241 1000 90241 1000
86737 1000 86737 1000 90242 1000 90242 1000
102150 1000 102150 1000 105655 1000 105655 1000
102151 1000 102151 1000 105656 1000 105656 1000
105413 1000 105413 1000 108918 1000 108918 1000
105414 1000 105414 1000 108919 1000 108919 1000
111642 1000 111642 1000 115147 1000 115147 1000
111643 1000 111643 1000 115148 1000 115148 1000
116119 1000 116119 1000 119624 1000 119624 1000
116120 1000 116120 1000 119625 1000 119625 1000
121573 1000 121573 1000 125078 1000 125078 1000
121574 1000 121574 1000 125079 1000 125079 1000
131700 1000 131700 1000 135205 1000 135205 1000
131701 1000 131701 1000 135206 1000 135206 1000
148119 1000 148119 1000 151624 1000 151624 1000
148120 1000 148120 1000 151625 1000 151625 1000
157809 1000 157809 1000 161314 1000 161314 1000
157810 1000 157810 1000 161315 1000 161315 1000
171121 1000 171121 1000 174626 1000 174626 1000
171122 1000 171122 1000 174627 1000 174627 1000
177487 1000 177487 1000 180992 1000 180992 1000
177488 1000 177488 1000 180993 1000 180993 1000
192211 1000 192211 1000 195716 1000 195716 1000
192212 1000 192212 1000 195717 1000 195717 1000
203745 1000 203745 1000 207250 1000 207250 1000
203746 1000 203746 1000 207251 1000 207251 1000
212328 1000 212328 1000 215833 1000 215833 1000
212329 1000 212329 1000 215834 1000 215834 1000
212640 1000 212640 1000 216145 1000 216145 1000
212641 1000 212641 1000 216146 1000 216146 1000
229110 1000 229110 1000 232615 1000 232615 1000
229111 1000 229111 1000 232616 1000 232616 1000
242730 1000 242730 1000 246235 1000 246235 1000
242731 1000 242731 1000 246236 1000 246236 1000
255400 1000 255400 1000 258905 1000 258905 1000
255401 1000 255401 1000 258906 1000 258906 1000
263333 1000 263333 1000 266838 1000 266838 1000
263334 1000 263334 1000 266839 1000 266839 1000
279005 1000 279005 1000 282510 1000 282510 1000
279006 1000 279006 1000 282511 1000 282511 1000
291411 1000 291411 1000 294916 1000 294916 1000
291412 1000 291412 1000 294917 1000 294917 1000
308859 1000 308859 1000 312364 1000 312364 1000
308860 1000 308860 1000 312365 1000 312365 1000
321752 1000 321752 1000 325257 1000 325257 1000
321753 1000 321753 1000 325258 1000 325258 1000
335609 1000 335609 1000 339114 1000 339114 1000
335610 1000 335610 1000 339115 1000 339115 1000
346458 1000 346458 1000 349963 1000 349963 1000
346459 1000 346459 1000 349964 1000 349964 1000
367292 1000 367292 1000 370797 1000 370797 1000
367293 1000 367293 1000 370798 1000 370798 1000
369244 1000 369244 1000 372749 1000 372749 1000
369245 1000 369245 1000 372750 1000 372750 1000
379863 1000 379863 1000 383368 1000 383368 1000
379864 1000 379864 1000 383369 1000 383369 1000
385945 1000 385945 1000 389450 1000 389450 1000
385946 1000 385946 1000 389451 1000 389451 1000
390557 1000 390557 1000 394062 1000 394062 1000
390558 1000 390558 1000 394063 1000 394063 1000
394671 1000 394671 1000 398176 1000 398176 1000
394672 1000 394672 1000 398177 1000 398177 1000
402540 1000 402540 1000 406045 1000 406045 1000
402541 1000 402541 1000 406046 1000 406046 1000
403676 1000 403676 1000 407181 1000 407181 1000
403677 1000 403677 1000 407182 1000 407182 1000
419432 1000 419432 1000 422937 1000 422937 1000
419433 1000 419433 1000 422938 1000 422938 1000
423151 1000 423151 1000 426656 1000 426656 1000
423152 1000 423152 1000 426657 1000 426657 1000
443359 1000 443359 1000 446864 1000 446864 1000
443360 1000 443360 1000 446865 1000 446865 1000
454190 1000 454190 1000 457695 1000 457695 1000
454191 1000 454191 1000 457696 1000 457696 1000
466368 1000 466368 1000 469873 1000 469873 1000
466369 1000 466369 1000 469874 1000 469874 1000
467904 1000 467904 1000 471409 1000 471409 1000
467905 1000 467905 1000 471410 1000 471410 1000
485268 1000 485268 1000 488773 1000 488773 1000
485269 1000 485269 1000 488774 1000 488774 1000
486757 1000 486757 1000 490262 1000 490262 1000
486758 1000 486758 1000 490263 1000 490263 1000
499613 1000 499613 1000 503118 1000 503118 1000
499614 1000 499614 1000 503119 1000 503119 1000
506211 1000 506211 1000 509716 1000 509716 1000
506212 1000 506212 1000 509717 1000 509717 1000
525771 1000 525771 1000 529276 1000 529276 1000
525772 1000 525772 1000 529277 1000 529277 1000
527537 1000 527537 1000 531042 1000 531042 1000
527538 1000 527538 1000 531043 1000 531043 1000
541829 1000 541829 1000 545334 1000 545334 1000
541830 1000 541830 1000 545335 1000 545335 1000
543962 1000 543962 1000 547467 1000 547467 1000
543963 1000 543963 1000 547468 1000 547468 1000
549731 1000 549731 1000 553236 1000 553236 1000
549732 1000 549732 1000 553237 1000 553237 1000
550310 1000 550310 1000 553815 1000 553815 1000
550311 1000 550311 1000 553816 1000 553816 1000
565625 1000 565625 1000 569130 1000 569130 1000
565626 1000 565626 1000 569131 1000 569131 1000
568036 1000 568036 1000 571541 1000 571541 1000
568037 1000 568037 1000 571542 1000 571542 1000
580889 1000 580889 1000 584394 1000 584394 1000
580890 1000 580890 1000 584395 1000 584395 1000
592490 1000 592490 1000 595995 1000 595995 1000
592491 1000 592491 1000 595996 1000 595996 1000
600309 1000 600309 1000 603814 1000 603814 1000
600310 1000 600310 1000 603815 1000 603815 1000
605856 1000 605856 1000 609361 1000 609361 1000
605857 1000 605857 1000 609362 1000 609362 1000
611173 1000 611173 1000 614678 1000 614678 1000
611174 1000 611174 1000 614679 1000 614679 1000
618663 1000 618663 1000 622168 1000 622168 1000
618664 1000 618664 1000 622169 1000 622169 1000
635677 1000 635677 1000 639182 1000 639182 1000
635678 1000 635678 1000 639183 1000 639183 1000
640098 1000 640098 1000 643603 1000 643603 1000
640099 1000 640099 1000 643604 1000 643604 1000
646186 1000 646186 1000 649691 1000 649691 1000
646187 1000 646187 1000 649692 1000 649692 1000
646650 1000 646650 1000 650155 1000 650155 1000
646651 1000 646651 1000 650156 1000 650156 1000
664700 1000 664700 1000 668205 1000 668205 1000
664701 1000 664701 1000 668206 1000 668206 1000
675630 1000 675630 1000 679135 1000 679135 1000
675631 1000 675631 1000 679136 1000 679136 1000
691825 1000 691825 1000 695330 1000 695330 1000
691826 1000 691826 1000 695331 1000 695331 1000
705605 1000 705605 1000 709110 1000 709110 1000
705606 1000 705606 1000 709111 1000 709111 1000
712769 1000 712769 1000 716274 1000 716274 1000
712770 1000 712770 1000 716275 1000 716275 1000
720657 1000 720657 1000 724162 1000 724162 1000
720658 1000 720658 1000 724163 1000 724163 1000
728135 1000 728135 1000 731640 1000 731640 1000
728136 1000 728136 1000 731641 1000 731641 1000
737498 1000 737498 1000 741003 1000 741003 1000
737499 1000 737499 1000 741004 1000 741004 1000
752717 1000 752717 1000 756222 1000 756222 1000
752718 1000 752718 1000 756223 1000 756223 1000
753365 1000 753365 1000 756870 1000 756870 1000
753366 1000 753366 1000 756871 1000 756871 1000
760459 1000 760459 1000 763964 1000 763964 1000
760460 1000 760460 1000 763965 1000 763965 1000
769508 1000 769508 1000 773013 1000 773013 1000
769509 1000 769509 1000 773014 1000 773014 1000
783760 1000 783760 1000 787265 1000 787265 1000
783761 1000 783761 1000 787266 1000 787266 1000
784973 1000 784973 1000 788478 1000 788478 1000
784974 1000 784974 1000 788479 1000 788479 1000
804090 1000 804090 1000 807595 1000 807595 1000
804091 1000 804091 1000 807596 1000 807596 1000
807466 1000 807466 1000 810971 1000 810971 1000
807467 1000 807467 1000 810972 1000 810972 1000
820988 1000 820988 1000 824493 1000 824493 1000
820989 1000 820989 1000 824494 1000 824494 1000
828057 1000 828057 1000 831562 1000 831562 1000
828058 1000 828058 1000 831563 1000 831563 1000
848879 1000 848879 1000 852384 1000 852384 1000
848880 1000 848880 1000 852385 1000 852385 1000
849201 1000 849201 1000 852706 1000 852706 1000
849202 1000 849202 1000 852707 1000 852707 1000
868196 1000 868196 1000 871701 1000 871701 1000
868197 1000 868197 1000 871702 1000 871702 1000
873356 1000 873356 1000 876861 1000 876861 1000
873357 1000 873357 1000 876862 1000 876862 1000
885146 1000 885146 1000 888651 1000 888651 1000
885147 1000 885147 1000 888652 1000 888652 1000
890798 1000 890798 1000 894303 1000 894303 1000
890799 1000 890799 1000 894304 1000 894304 1000
901372 1000 901372 1000 904877 1000 904877 1000
901373 1000 901373 1000 904878 1000 904878 1000
906964 1000 906964 1000 910469 1000 910469 1000
906965 1000 906965 1000 910470 1000 910470 1000
979421 1000 979421 1000 982926 1000 982926 1000
977432 3070 977432 3070 985797 1000 985797 1000
922006 60759 922006 60759 929992 58322 929992 58322
866581 118448 866581 118448 874187 115644 874187 115644
811156 176137 811156 176137 818382 172965 818382 172965
755730 233826 755730 233826 762577 230287 762577 230287
700305 291515 700305 291515 706771 287609 706771 287609
644879 349204 644879 349204 650966 344931 650966 344931
589454 406893 589454 406893 595161 402253 595161 402253
534028 464582 534028 464582 539356 459574 539356 459574
478603 522271 478603 522271 483551 516896 483551 516896
423177 579960 423177 579960 427746 574218 427746 574218
367752 637649 367752 637649 371941 631540 371941 631540
312326 695338 312326 695338 316136 688862 316136 688862
256901 753027 256901 753027 260330 746183 260330 746183
201475 810716 201475 810716 204525 803505 204525 803505
146050 868405 146050 868405 148720 860827 148720 860827
90624 926094 90624 926094 92915 918149 92915 918149
35199 983783 35199 983783 37110 975471 37110 975471
20579 999000 20579 999000 22390 990591 22390 990591
20580 999000 20580 999000 22389 990591 22389 990591
32315 999000 32315 999000 14203 999000 14203 999000
32316 999000 32316 999000 14204 999000 14204 999000
98628 999000 98628 999000 80516 999000 80516 999000
98629 999000 98629 999000 80517 999000 80517 999000
107643 999000 107643 999000 89531 999000 89531 999000
107644 999000 107644 999000 89532 999000 89532 999000
114854 999000 114854 999000 96742 999000 96742 999000
114855 999000 114855 999000 96743 999000 96743 999000
123809 999000 123809 999000 105697 999000 105697 999000
123810 999000 123810 999000 105698 999000 105698 999000
131804 999000 131804 999000 113692 999000 113692 999000
131805 999000 131805 999000 113693 999000 113693 999000
141251 999000 141251 999000 123139 999000 123139 999000
141252 999000 141252 999000 123140 999000 123140 999000
151121 999000 151121 999000 133009 999000 133009 999000
151122 999000 151122 999000 133010 999000 133010 999000
165406 999000 165406 999000 147294 999000 147294 999000
165407 999000 165407 999000 147295 999000 147295 999000
179012 999000 179012 999000 160900 999000 160900 999000
179013 999000 179013 999000 160901 999000 160901 999000
186550 999000 186550 999000 168438 999000 168438 999000
186551 999000 186551 999000 168439 999000 168439 999000
195910 999000 195910 999000 177798 999000 177798 999000
195911 999000 195911 999000 177799 999000 177799 999000
207141 999000 207141 999000 189029 999000 189029 999000
207142 999000 207142 999000 189030 999000 189030 999000
215027 999000 215027 999000 196915 999000 196915 999000
215028 999000 215028 999000 196916 999000 196916 999000
230847 999000 230847 999000 212735 999000 212735 999000
230848 999000 230848 999000 212736 999000 212736 999000
239541 999000 239541 999000 221429 999000 221429 999000
239542 999000 239542 999000 221430 999000 221430 999000
245099 999000 245099 999000 226987 999000 226987 999000
245100 999000 245100 999000 226988 999000 226988 999000
246635 999000 246635 999000 228523 999000 228523 999000
246636 999000 246636 999000 228524 999000 228524 999000
261890 999000 261890 999000 243778 999000 243778 999000
261891 999000 261891 999000 243779 999000 243779 999000
271865 999000 271865 999000 253753 999000 253753 999000
271866 999000 271866 999000 253754 999000 253754 999000
277109 999000 277109 999000 258997 999000 258997 999000
277110 999000 277110 999000 258998 999000 258998 999000
287231 999000 287231 999000 269119 999000 269119 999000
287232 999000 287232 999000 269120 999000 269120 999000
293950 999000 293950 999000 275838 999000 275838 999000
293951 999000 293951 999000 275839 999000 275839 999000
308175 999000 308175 999000 290063 999000 290063 999000
308176 999000 308176 999000 290064 999000 290064 999000
309002 999000 309002 999000 290890 999000 290890 999000
309003 999000 309003 999000 290891 999000 290891 999000
335300 999000 335300 999000 317188 999000 317188 999000
335301 999000 335301 999000 317189 999000 317189 999000
338977 999000 338977 999000 320865 999000 320865 999000
338978 999000 338978 999000 320866 999000 320866 999000
353814 999000 353814 999000 335702 999000 335702 999000
353815 999000 353815 999000 335703 999000 335703 999000
364323 999000 364323 999000 346211 999000 346211 999000
364324 999000 364324 999000 346212 999000 346212 999000
367957 999000 367957 999000 349845 999000 349845 999000
367958 999000 367958 999000 349846 999000 349846 999000
374509 999000 374509 999000 356397 999000 356397 999000
374510 999000 374510 999000 356398 999000 356398 999000
388827 999000 388827 999000 370715 999000 370715 999000
388828 999000 388828 999000 370716 999000 370716 999000
395944 999000 395944 999000 377832 999000 377832 999000
395945 999000 395945 999000 377833 999000 377833 999000
399691 999000 399691 999000 381579 999000 381579 999000
399692 999000 399692 999000 381580 999000 381580 999000
408751 999000 408751 999000 390639 999000 390639 999000
408752 999000 408752 999000 390640 999000 390640 999000
419111 999000 419111 999000 400999 999000 400999 999000
419112 999000 419112 999000 401000 999000 401000 999000
422117 999000 422117 999000 404005 999000 404005 999000
422118 999000 422118 999000 404006 999000 404006 999000
434375 999000 434375 999000 416263 999000 416263 999000
434376 999000 434376 999000 416264 999000 416264 999000
446571 999000 446571 999000 428459 999000 428459 999000
446572 999000 446572 999000 428460 999000 428460 999000
450269 999000 450269 999000 432157 999000 432157 999000
450270 999000 450270 999000 432158 999000 432158 999000
456038 999000 456038 999000 437926 999000 437926 999000
456039 999000 456039 999000 437927 999000 437927 999000
464297 999000 464297 999000 446185 999000 446185 999000
464298 999000 464298 999000 446186 999000 446186 999000
472778 999000 472778 999000 454666 999000 454666 999000
472779 999000 472779 999000 454667 999000 454667 999000
474229 999000 474229 999000 456117 999000 456117 999000
474230 999000 474230 999000 456118 999000 456118 999000
487070 999000 487070 999000 468958 999000 468958 999000
487071 999000 487071 999000 468959 999000 468959 999000
500387 999000 500387 999000 482275 999000 482275 999000
500388 999000 500388 999000 482276 999000 482276 999000
508396 999000 508396 999000 490284 999000 490284 999000
508397 999000 508397 999000 490285 999000 490285 999000
513243 999000 513243 999000 495131 999000 495131 999000
513244 999000 513244 999000 495132 999000 495132 999000
529339 999000 529339 999000 511227 999000 511227 999000
529340 999000 529340 999000 511228 999000 511228 999000
532096 999000 532096 999000 513984 999000 513984 999000
532097 999000 532097 999000 513985 999000 513985 999000
548239 999000 548239 999000 530127 999000 530127 999000
548240 999000 548240 999000 530128 999000 530128 999000
556641 999000 556641 999000 538529 999000 538529 999000
556642 999000 556642 999000 538530 999000 538530 999000
560417 999000 560417 999000 542305 999000 542305 999000
560418 999000 560418 999000 542306 999000 542306 999000
580568 999000 580568 999000 562456 999000 562456 999000
580569 999000 580569 999000 562457 999000 562457 999000
591456 999000 591456 999000 573344 999000 573344 999000
591457 999000 591457 999000 573345 999000 573345 999000
596324 999000 596324 999000 578212 999000 578212 999000
596325 999000 596325 999000 578213 999000 578213 999000
609443 999000 609443 999000 591331 999000 591331 999000
609444 999000 609444 999000 591332 999000 591332 999000
612067 999000 612067 999000 593955 999000 593955 999000
612068 999000 612068 999000 593956 999000 593956 999000
619936 999000 619936 999000 601824 999000 601824 999000
619937 999000 619937 999000 601825 999000 601825 999000
620137 999000 620137 999000 602025 999000 602025 999000
620138 999000 620138 999000 602026 999000 602026 999000
628662 999000 628662 999000 610550 999000 610550 999000
628663 999000 628663 999000 610551 999000 610551 999000
632708 999000 632708 999000 614596 999000 614596 999000
632709 999000 632709 999000 614597 999000 614597 999000
645363 999000 645363 999000 627251 999000 627251 999000
645364 999000 645364 999000 627252 999000 627252 999000
664391 999000 664391 999000 646279 999000 646279 999000
664392 999000 664392 999000 646280 999000 646280 999000
668149 999000 668149 999000 650037 999000 650037 999000
668150 999000 668150 999000 650038 999000 650038 999000
691141 999000 691141 999000 673029 999000 673029 999000
691142 999000 691142 999000 673030 999000 673030 999000
692855 999000 692855 999000 674743 999000 674743 999000
692856 999000 692856 999000 674744 999000 674744 999000
720995 999000 720995 999000 702883 999000 702883 999000
720996 999000 720996 999000 702884 999000 702884 999000
723196 999000 723196 999000 705084 999000 705084 999000
723197 999000 723197 999000 705085 999000 705085 999000
744600 999000 744600 999000 726488 999000 726488 999000
744601 999000 744601 999000 726489 999000 726489 999000
751274 999000 751274 999000 733162 999000 733162 999000
751275 999000 751275 999000 733163 999000 733163 999000
770890 999000 770890 999000 752778 999000 752778 999000
770891 999000 770891 999000 752779 999000 752779 999000
771876 999000 771876 999000 753764 999000 753764 999000
771877 999000 771877 999000 753765 999000 753765 999000
787672 999000 787672 999000 769560 999000 769560 999000
787673 999000 787673 999000 769561 999000 769561 999000
801967 999000 801967 999000 783855 999000 783855 999000
801968 999000 801968 999000 783856 999000 783856 999000
807789 999000 807789 999000 789677 999000 789677 999000
807790 999000 807790 999000 789678 999000 789678 999000
810862 999000 810862 999000 792750 999000 792750 999000
810863 999000 810863 999000 792751 999000 792751 999000
828879 999000 828879 999000 810767 999000 810767 999000
828880 999000 828880 999000 810768 999000 810768 999000
837120 999000 837120 999000 819008 999000 819008 999000
837121 999000 837121 999000 819009 999000 819009 999000
851881 999000 851881 999000 833769 999000 833769 999000
851882 999000 851882 999000 833770 999000 833770 999000
856798 999000 856798 999000 838686 999000 838686 999000
856799 999000 856799 999000 838687 999000 838687 999000
878427 999000 878427 999000 860315 999000 860315 999000
878428 999000 878428 999000 860316 999000 860316 999000
882907 999000 882907 999000 864795 999000 864795 999000
882908 999000 882908 999000 864796 999000 864796 999000
888358 999000 888358 999000 870246 999000 870246 999000
888359 999000 888359 999000 870247 999000 870247 999000
897850 999000 897850 999000 879738 999000 879738 999000
897851 999000 897851 999000 879739 999000 879739 999000
898488 999000 898488 999000 880376 999000 880376 999000
898489 999000 898489 999000 880377 999000 880377 999000
909194 999000 909194 999000 891082 999000 891082 999000
909195 999000 909195 999000 891083 999000 891083 999000
916319 999000 916319 999000 898207 999000 898207 999000
916320 999000 916320 999000 898208 999000 898208 999000
927871 999000 927871 999000 909759 999000 909759 999000
927872 999000 927872 999000 909760 999000 909760 999000
941121 999000 941121 999000 923009 999000 923009 999000
941122 999000 941122 999000 923010 999000 923010 999000
945583 999000 945583 999000 927471 999000 927471 999000
945584 999000 945584 999000 927472 999000 927472 999000
954787 999000 954787 999000 936675 999000 936675 999000
954788 999000 954788 999000 936676 999000 936676 999000
969491 999000 969491 999000 951379 999000 951379 999000
969492 999000 969492 999000 951380 999000 951380 999000
972118 999000 972118 999000 954006 999000 954006 999000
972119 999000 972119 999000 954007 999000 954007 999000
978652 999000 978652 999000 960540 999000 960540 999000
978653 999000 978653 999000 960541 999000 960541 999000
988264 999000 988264 999000 970152 999000 970152 999000
988265 999000 988265 999000 970153 999000 970153 999000
997000 999000 997000 999000 978888 999000 978888 999000
997000 999000 997000 999000 983176 999000 983176 999000
997000 999000 997000 999000 983177 999000 983177 999000
997000 999000 997000 999000 993495 999000 993495 999000
