938460 991695 938460 991695 911080 904638 911080 904638
953370 913097 953370 913097 908780 824671 908780 824671
957432 891684 957432 891684 908153 802886 908153 802886
963977 888296 963977 888296 907941 795518 907941 795518
989251 875212 989251 875212 896212 769588 896212 769588
990044 867431 990044 867431 892989 762462 892989 762462
993416 834330 993416 834330 875917 733903 875917 733903
994413 824542 994413 824542 872450 724696 872450 724696
990958 782077 990958 782077 857435 684824 857435 684824
933343 731589 933343 731589 830438 613132 830438 613132
915924 716325 915924 716325 807326 614627 807326 614627
880061 774308 880061 774308 739290 619026 739290 619026
844813 831296 844813 831296 689493 663862 689493 663862
819534 872167 819534 872167 715120 704515 715120 704515
813033 911422 813033 911422 736339 738175 736339 738175
802590 919090 802590 919090 743248 749135 743248 749135
795121 924574 795121 924574 744240 758348 744240 758348
860487 925875 860487 925875 751239 823351 751239 823351
862214 925909 862214 925909 750386 824853 750386 824853
850032 945468 850032 945468 739012 844893 739012 844893
830047 977553 830047 977553 764306 872983 764306 872983
817564 997595 817564 997595 780928 889752 780928 889752
783520 998037 783520 998037 804897 913933 804897 913933
703527 999075 703527 999075 728067 891635 728067 891635
677679 999410 677679 999410 703242 884430 703242 884430
675389 928653 675389 928653 635254 864697 635254 864697
681599 925323 681599 925323 628486 862733 628486 862733
717436 906104 717436 906104 632233 903225 632233 903225
677168 889559 677168 889559 636245 946574 636245 946574
657485 881472 657485 881472 615167 949499 615167 949499
628455 882539 628455 882539 586393 953491 586393 953491
600230 883577 600230 883577 559244 961276 559244 961276
647853 819296 647853 819296 482343 983329 482343 983329
659634 803394 659634 803394 463319 988784 463319 988784
684585 769716 684585 769716 432753 960105 432753 960105
700546 737024 700546 737024 406222 935213 406222 935213
667101 748152 667101 748152 380517 911095 380517 911095
621936 763181 621936 763181 345468 943302 345468 943302
606580 768290 606580 768290 330041 938413 330041 938413
534766 733038 534766 733038 253779 914242 253779 914242
527600 729521 527600 729521 246170 911831 246170 911831
512703 755474 512703 755474 217644 902790 217644 902790
484011 760830 484011 760830 189820 893971 189820 893971
456185 811506 456185 811506 134709 876505 134709 876505
439171 821349 439171 821349 115972 870566 115972 870566
404881 841186 404881 841186 83284 848186 83284 848186
443170 857271 443170 857271 49016 824724 49016 824724
459623 864183 459623 864183 66830 825792 66830 825792
451933 905401 451933 905401 108684 828303 108684 828303
398589 894470 398589 894470 163038 831562 163038 831562
327957 914090 327957 914090 236213 835951 236213 835951
311777 937729 311777 937729 264808 837666 264808 837666
298663 956889 298663 956889 281054 821078 281054 821078
276218 989682 276218 989682 318263 807128 318263 807128
271603 996742 271603 996742 326161 804167 326161 804167
267619 992675 267619 992675 331492 802169 331492 802169
202193 984008 202193 984008 393290 779001 393290 779001
173167 980163 173167 980163 407754 804458 407754 804458
145529 976502 145529 976502 435575 802654 435575 802654
99560 970412 99560 970412 449778 758512 449778 758512
120997 958724 120997 958724 457256 735269 457256 735269
178711 927256 178711 927256 476138 672304 476138 672304
228524 900096 228524 900096 511895 628254 511895 628254
234370 883911 234370 883911 522741 614893 522741 614893
247729 846920 247729 846920 531023 576446 531023 576446
254108 829258 254108 829258 548857 582328 548857 582328
268477 833769 268477 833769 563159 587046 563159 587046
288382 756285 288382 756285 639133 612106 639133 612106
289206 753078 289206 753078 642277 613143 642277 613143
293032 738185 293032 738185 647784 598786 647784 598786
252212 737657 252212 737657 662404 560670 662404 560670
204801 737044 204801 737044 709548 555606 709548 555606
194617 736912 194617 736912 707731 545585 707731 545585
199015 705866 199015 705866 702138 514732 702138 514732
205102 662905 205102 662905 741029 495492 741029 495492
194598 665555 194598 665555 750739 490688 750739 490688
148729 677126 148729 677126 797910 487123 797910 487123
86132 726942 86132 726942 877683 481094 877683 481094
66561 742518 66561 742518 902624 479209 902624 479209
14168 784214 14168 784214 969396 484226 969396 484226
16025 779082 16025 779082 974838 484635 974838 484635
43252 703858 43252 703858 907959 440735 907959 440735
47906 690999 47906 690999 896527 433230 896527 433230
64483 621893 64483 621893 837117 394232 837117 394232
65303 615895 65303 615895 832056 390910 832056 390910
58412 588657 58412 588657 808568 375492 808568 375492
38792 511100 38792 511100 739681 416168 739681 416168
34679 494840 34679 494840 725238 424696 725238 424696
84626 462785 84626 462785 674134 454871 674134 454871
118314 471690 118314 471690 644129 472588 644129 472588
195657 492136 195657 492136 571355 505813 571355 505813
198473 492880 198473 492880 568705 507022 568705 507022
221377 499607 221377 499607 546990 516936 546990 516936
229240 501916 229240 501916 542604 523859 542604 523859
252474 510466 252474 510466 529354 544772 529354 544772
297106 526891 297106 526891 482449 536914 482449 536914
317879 472490 317879 472490 425017 527292 425017 527292
330859 438496 330859 438496 409131 494555 409131 494555
337373 421436 337373 421436 393249 485543 393249 485543
352799 461444 352799 461444 355956 464380 355956 464380
364184 490975 364184 490975 355929 496030 355929 496030
366050 495814 366050 495814 357322 501025 357322 501025
369377 533880 369377 533880 367589 537831 367589 537831
374117 588123 374117 588123 354539 590694 354539 590694
407360 577639 407360 577639 346184 624535 346184 624535
421384 573217 421384 573217 360857 623582 360857 623582
474911 553377 474911 553377 417823 619880 417823 619880
482383 550607 482383 550607 423300 625668 423300 625668
482526 567019 482526 567019 434580 637590 434580 637590
492125 564098 492125 564098 441476 644878 441476 644878
494259 563449 494259 563449 439383 645649 439383 645649
543499 592957 543499 592957 385517 665493 385517 665493
551706 597876 551706 597876 379074 672567 379074 672567
557578 601395 557578 601395 372369 673948 372369 673948
616446 547224 616446 547224 294014 690089 294014 690089
617699 546071 617699 546071 292347 690432 292347 690432
615018 534330 615018 534330 280551 692862 280551 692862
600511 470787 600511 470787 221154 666027 221154 666027
598458 461796 598458 461796 218205 657289 218205 657289
575824 385064 575824 385064 192628 581488 192628 581488
574989 382232 574989 382232 191684 578689 191684 578689
580827 381838 580827 381838 189813 573145 189813 573145
604874 380218 604874 380218 166047 577149 166047 577149
684693 374837 684693 374837 115466 515169 115466 515169
693801 374224 693801 374224 109694 508096 109694 508096
715232 372779 715232 372779 91000 518675 91000 518675
709870 401907 709870 401907 65224 533263 65224 533263
698253 465018 698253 465018 1283 538696 1283 538696
683770 543697 683770 543697 32524 465048 32524 465048
679826 565125 679826 565125 41033 444990 41033 444990
674189 643825 674189 643825 71845 372353 71845 372353
670751 691830 670751 691830 36276 339932 36276 339932
711454 681889 711454 681889 5310 311707 5310 311707
734283 676313 734283 676313 5591 288208 5591 288208
797327 661947 797327 661947 6366 223553 6366 223553
849968 649952 849968 649952 45867 260358 45867 260358
888419 655818 888419 655818 74325 286873 74325 286873
928191 616755 928191 616755 115112 324875 115112 324875
955896 589544 955896 589544 118843 363528 118843 363528
957171 588292 957171 588292 117720 364919 117720 364919
953743 574473 953743 574473 108778 375998 108778 375998
942749 530154 942749 530154 153975 369498 153975 369498
991769 466932 991769 466932 233161 358111 233161 358111
996762 460493 996762 460493 241226 356951 241226 356951
933137 449076 933137 449076 305209 347750 305209 347750
932932 448742 932932 448742 305596 347694 305596 347694
907880 407940 907880 407940 323832 303423 323832 303423
899494 394281 899494 394281 308839 297757 308839 297757
895878 388392 895878 388392 304848 292115 304848 292115
895771 369151 895771 369151 293737 276407 293737 276407
895593 337233 895593 337233 314901 252514 314901 252514
895316 287413 895316 287413 364341 246364 364341 246364
894901 212883 894901 212883 390572 176601 390572 176601
904357 204094 904357 204094 395115 164518 395115 164518
913420 195671 913420 195671 401242 153768 401242 153768
918409 191033 918409 191033 406201 158438 406201 158438
959588 152759 959588 152759 449632 194137 449632 194137
972373 140876 972373 140876 448954 211578 448954 211578
895396 162660 895396 162660 445846 291517 445846 291517
833595 180149 833595 180149 443351 355697 443351 355697
827209 181956 827209 181956 446467 361557 446467 361557
806242 104752 806242 104752 484025 432192 484025 432192
799386 79506 799386 79506 496307 455291 496307 455291
798961 77942 798961 77942 497496 454190 497496 454190
809317 36248 809317 36248 529023 425006 529023 425006
784889 39120 784889 39120 547072 408297 547072 408297
724976 46165 724976 46165 593243 369471 593243 369471
678959 51576 678959 51576 581446 324664 581446 324664
651021 50726 651021 50726 574330 297634 574330 297634
571058 48295 571058 48295 620481 232288 620481 232288
562071 48021 562071 48021 625668 224944 625668 224944
544610 47490 544610 47490 634000 240298 634000 240298
501887 46191 501887 46191 676043 248003 676043 248003
470085 30023 470085 30023 711134 254435 711134 254435
451820 20738 451820 20738 731290 250755 731290 250755
472608 51787 472608 51787 768049 244045 768049 244045
499339 91712 499339 91712 802479 210532 802479 210532
504305 99129 504305 99129 811203 212418 811203 212418
500669 122432 500669 122432 834255 217402 834255 217402
491111 183678 491111 183678 896206 219545 896206 219545
436843 211348 436843 211348 957084 221650 957084 221650
416637 201503 416637 201503 979548 222427 979548 222427
359541 173685 359541 173685 960107 161964 960107 161964
338609 163486 338609 163486 937996 154666 937996 154666
364679 87853 364679 87853 862026 129593 862026 129593
368688 76222 368688 76222 850344 125737 850344 125737
360702 60058 360702 60058 833223 120087 833223 120087
338065 14244 338065 14244 816394 71836 816394 71836
327549 21634 327549 21634 812161 59700 812161 59700
305103 37409 305103 37409 792302 40771 792302 40771
283352 81467 283352 81467 756736 6870 756736 6870
262526 123653 262526 123653 718122 33746 718122 33746
248557 127054 248557 127054 706322 41959 706322 41959
274822 157513 274822 157513 673311 64935 673311 64935
281233 176595 281233 176595 656789 76435 656789 76435
301457 236793 301457 236793 598531 51161 598531 51161
227997 221323 227997 221323 529661 21283 529661 21283
221959 220418 221959 220418 524060 18853 524060 18853
142842 208563 142842 208563 445094 31673 445094 31673
140830 208262 140830 208262 443086 31999 443086 31999
129612 206581 129612 206581 431744 32171 431744 32171
146316 284818 146316 284818 351753 33386 351753 33386
148741 296176 148741 296176 340140 33562 340140 33562
156977 334749 156977 334749 326401 70534 326401 70534
112039 323405 112039 323405 310256 113979 310256 113979
103746 321312 103746 321312 303246 118880 303246 118880
41365 271226 41365 271226 237681 164718 237681 164718
29314 261550 29314 261550 225014 173573 225014 173573
20376 254374 20376 254374 218105 164428 218105 164428
23165 186698 23165 186698 177274 110384 177274 110384
23244 184792 23244 184792 177976 108611 177976 108611
15660 164017 15660 164017 186122 88049 186122 88049
12680 155854 12680 155854 193261 83095 193261 83095
41516 117654 41516 117654 232582 55807 232582 55807
58726 94854 58726 94854 204038 54679 204038 54679
78023 110405 78023 110405 179274 53701 179274 53701
78893 111106 78893 111106 178647 52777 178647 52777
131310 83411 131310 83411 145346 3729 145346 3729
134107 81933 134107 81933 145346 3729 145346 3729
68070 36776 68070 36776 145346 3729 145346 3729
46799 22230 46799 22230 145346 3729 145346 3729
