202540 770603 202540 770603 928759 677041 928759 677041
220417 721795 220417 721795 894948 637562 894948 637562
253379 699620 253379 699620 869106 607388 869106 607388
249224 674459 249224 674459 852518 588019 852518 588019
227260 669594 227260 669594 837884 570933 837884 570933
220460 680140 220460 680140 829722 561402 829722 561402
214644 672592 214644 672592 823524 554165 823524 554165
218343 645258 218343 645258 805581 533215 805581 533215
210413 637892 210413 637892 798541 524994 798541 524994
190352 619260 190352 619260 803049 497989 803049 497989
192774 580553 192774 580553 809434 459736 809434 459736
193134 574802 193134 574802 807832 454200 807832 454200
195688 533977 195688 533977 776053 479953 776053 479953
196911 535305 196911 535305 774650 481090 774650 481090
200769 539495 200769 539495 768960 481339 768960 481339
215631 555637 215631 555637 765869 459616 765869 459616
223471 564151 223471 564151 761315 448976 761315 448976
238785 580783 238785 580783 740554 457928 740554 457928
252474 595650 252474 595650 742222 478068 742222 478068
261768 605744 261768 605744 729980 484266 729980 484266
274643 613238 274643 613238 716689 490994 716689 490994
277654 614990 277654 614990 716186 494441 716186 494441
279859 615440 279859 615440 715861 496668 715861 496668
282334 615945 282334 615945 718326 497221 718326 497221
293434 610527 293434 610527 730378 499925 730378 499925
293824 621048 293824 621048 740651 502229 740651 502229
294516 639695 294516 639695 749793 518496 749793 518496
297699 641903 297699 641903 751691 521873 751691 521873
308824 649623 308824 649623 741005 530191 741005 530191
311963 687978 311963 687978 710638 553829 710638 553829
312517 694752 312517 694752 707741 559977 707741 559977
323956 710868 323956 710868 699317 577855 699317 577855
344343 739590 344343 739590 665492 587676 665492 587676
335867 714410 335867 714410 639977 595084 639977 595084
330047 697119 330047 697119 642915 577078 642915 577078
337713 685351 337713 685351 645177 563217 645177 563217
327715 679442 327715 679442 647048 551755 647048 551755
325677 668197 325677 668197 648888 540476 648888 540476
324612 662325 324612 662325 654852 540271 654852 540271
328480 646778 328480 646778 670864 539719 670864 539719
332510 630580 332510 630580 659258 527722 659258 527722
334747 621588 334747 621588 659590 518462 659590 518462
336878 621458 336878 621458 659666 516329 659666 516329
348990 620721 348990 620721 648171 520218 648171 520218
428843 615863 428843 615863 568262 516395 568262 516395
438694 615264 438694 615264 558404 515924 558404 515924
404634 579998 404634 579998 509432 513581 509432 513581
353231 526777 353231 526777 557866 457644 557866 457644
332229 522104 332229 522104 571950 441379 571950 441379
322146 519860 322146 519860 582261 442008 582261 442008
285236 507800 285236 507800 621019 444374 621019 444374
278884 505725 278884 505725 622099 450968 622099 450968
282761 495904 282761 495904 623805 461388 623805 461388
287239 484560 287239 484560 621421 473349 621421 473349
289010 480073 289010 480073 625414 476055 625414 476055
265343 461963 265343 461963 650083 492774 650083 492774
263321 460990 263321 460990 651941 494033 651941 494033
261491 461348 261491 461348 653484 495079 653484 495079
238181 465906 238181 465906 666532 475232 666532 475232
233945 461330 233945 461330 669958 470022 669958 470022
209240 434644 209240 434644 695905 444542 695905 444542
222703 427735 222703 427735 706701 433939 706701 433939
232614 422649 232614 422649 711456 444013 711456 444013
239351 419191 239351 419191 719028 443890 719028 443890
238059 404267 238059 404267 734006 443646 734006 443646
237085 393023 237085 393023 733545 432370 733545 432370
243995 394359 243995 394359 733258 425337 733258 425337
255876 396656 255876 396656 727683 414597 727683 414597
271281 399635 271281 399635 725537 399054 725537 399054
266083 381243 266083 381243 722923 380122 722923 380122
264998 377403 264998 377403 726889 380564 726889 380564
276221 383178 276221 383178 739433 381961 739433 381961
304733 373472 304733 373472 769367 385295 769367 385295
309975 380216 309975 380216 777856 386240 777856 386240
321591 395159 321591 395159 782675 367936 782675 367936
303367 399415 303367 399415 787439 349839 787439 349839
294524 401480 294524 401480 791267 341604 791267 341604
290300 409969 290300 409969 795264 333006 795264 333006
283972 422683 283972 422683 807198 325307 807198 325307
286151 427176 286151 427176 811394 322600 811394 322600
286340 427566 286340 427566 811162 322234 811162 322234
308582 470090 308582 470090 785476 281697 785476 281697
310433 473630 310433 473630 781493 281394 781493 281394
324063 463997 324063 463997 764850 280130 764850 280130
334773 450029 334773 450029 747300 278797 747300 278797
331604 447763 331604 447763 743415 278502 743415 278502
322397 441177 322397 441177 735912 270026 735912 270026
328889 437177 328889 437177 730858 264316 730858 264316
330300 436215 330300 436215 729726 263037 729726 263037
342070 428191 342070 428191 734629 249662 734629 249662
346947 424867 346947 424867 738198 244962 738198 244962
348938 423509 348938 423509 736459 243293 736459 243293
350611 425722 350611 425722 734457 241372 734457 241372
359786 437858 359786 437858 725103 253370 725103 253370
360477 438772 360477 438772 724004 253694 724004 253694
390795 466738 390795 466738 684438 265348 684438 265348
395509 471086 395509 471086 686099 271542 686099 271542
395905 471451 395905 471451 686380 272001 686380 272001
403929 471534 403929 471534 690569 278846 690569 278846
409854 459848 409854 459848 697408 290021 697408 290021
411799 456011 411799 456011 700944 292472 700944 292472
414336 451007 414336 451007 699554 297907 699554 297907
421847 424145 421847 424145 692644 324930 692644 324930
403648 417637 403648 417637 687856 343655 687856 343655
372473 411337 372473 411337 679976 374469 679976 374469
377067 406698 377067 406698 678359 380794 678359 380794
382880 400828 382880 400828 672339 375136 672339 375136
389799 383591 389799 383591 658804 362416 658804 362416
379810 376762 379810 376762 649987 354129 649987 354129
376416 374442 376416 374442 652619 350971 652619 350971
375175 373593 375175 373593 652087 349565 652087 349565
354006 386004 354006 386004 643397 326616 643397 326616
374915 341987 374915 341987 626140 281043 626140 281043
374031 340707 374031 340707 625589 279589 625589 279589
361198 322128 361198 322128 641232 263305 641232 263305
355200 313444 355200 313444 630946 260938 630946 260938
344665 298192 344665 298192 632701 242485 632701 242485
336412 286244 336412 286244 640219 230061 640219 230061
342146 276353 342146 276353 646138 220280 646138 220280
354759 254599 354759 254599 635062 197705 635062 197705
363648 239267 363648 239267 648113 185715 648113 185715
367746 232199 367746 232199 654040 191339 654040 191339
373462 222340 373462 222340 655599 180050 655599 180050
379864 211298 379864 211298 651677 167904 651677 167904
382427 213316 382427 213316 650674 164800 650674 164800
418618 241807 418618 241807 627176 125185 627176 125185
427134 248512 427134 248512 617652 130359 617652 130359
474486 285791 474486 285791 564973 159632 564973 159632
475442 286543 475442 286543 566001 160282 566001 160282
478041 295020 478041 295020 573494 165022 573494 165022
517206 318646 517206 318646 612149 189474 612149 189474
519939 320295 519939 320295 612499 192646 612499 192646
495490 330741 495490 330741 615413 219073 615413 219073
494188 330857 494188 330857 615556 220373 615556 220373
474522 332615 474522 332615 605823 237551 605823 237551
456196 334253 456196 334253 598812 254562 598812 254562
437334 335939 437334 335939 579890 255333 579890 255333
450872 356121 450872 356121 555608 256322 555608 256322
451926 357692 451926 357692 555303 258189 555303 258189
452927 391084 452927 391084 549914 291158 549914 291158
452821 394541 452821 394541 549356 294572 549356 294572
451116 450203 451116 450203 506296 259260 506296 259260
508932 447301 508932 447301 461534 222552 461534 222552
543962 416514 543962 416514 425473 192979 425473 192979
561655 400965 561655 400965 402656 198829 402656 198829
565620 433308 565620 433308 371092 206921 371092 206921
568941 460404 568941 460404 373695 234095 373695 234095
577941 469305 577941 469305 374902 246696 374902 246696
619384 510294 619384 510294 414775 289214 414775 289214
658106 548592 658106 548592 443770 335316 443770 335316
658187 548672 658187 548672 443699 335405 443699 335405
655089 561910 655089 561910 435233 346043 435233 346043
644668 606448 644668 606448 397588 372025 397588 372025
636283 642281 636283 642281 386669 336881 386669 336881
633905 652448 633905 652448 376326 335455 376326 335455
627375 680352 627375 680352 350126 347068 350126 347068
623820 695546 623820 695546 341338 359962 341338 359962
574550 729163 574550 729163 307745 409249 307745 409249
561206 738267 561206 738267 302858 424645 302858 424645
568356 764994 568356 764994 294487 451016 294487 451016
591011 777487 591011 777487 286659 475674 286659 475674
582366 826049 582366 826049 271735 522688 271735 522688
581392 831521 581392 831521 276249 525930 276249 525930
588063 829304 588063 829304 281959 530031 281959 530031
604857 823722 604857 823722 269766 542858 269766 542858
622490 818513 622490 818513 257099 556185 257099 556185
623549 788031 623549 788031 236086 578292 236086 578292
623813 780448 623813 780448 228721 576469 228721 576469
643739 763531 643739 763531 203348 570188 203348 570188
664975 799309 664975 799309 162961 560191 162961 560191
662094 802905 662094 802905 158488 559084 158488 559084
649287 818889 649287 818889 172042 543729 172042 543729
681959 822664 681959 822664 193807 519071 193807 519071
695218 824196 695218 824196 195920 505892 195920 505892
690550 812186 690550 812186 197959 493169 197959 493169
726581 771213 726581 771213 206595 439295 206595 439295
721770 756137 721770 756137 209100 423670 209100 423670
674706 750497 674706 750497 216603 376867 216603 376867
668112 739399 668112 739399 218646 364120 218646 364120
685829 705246 685829 705246 224736 326130 224736 326130
709677 699365 709677 699365 228624 301877 228624 301877
759168 687161 759168 687161 278859 293236 278859 293236
791406 688495 791406 688495 310658 287766 310658 287766
800229 688860 800229 688860 318795 291197 318795 291197
801065 681074 801065 681074 326010 294240 326010 294240
804208 651816 804208 651816 326752 323657 326752 323657
805441 640328 805441 640328 336316 317174 336316 317174
806645 629122 806645 629122 347268 319835 347268 319835
811658 582446 811658 582446 333783 274869 333783 274869
813486 565428 813486 565428 347996 265334 347996 265334
820676 498483 820676 498483 287495 235788 287495 235788
822360 482803 822360 482803 301426 228397 301426 228397
824817 459930 824817 459930 310209 207135 310209 207135
828503 425608 828503 425608 283583 185165 283583 185165
829627 415142 829627 415142 283583 185165 283583 185165
783142 350033 783142 350033 283583 185165 283583 185165
771925 334323 771925 334323 283583 185165 283583 185165
783056 323528 783056 323528 283583 185165 283583 185165
808835 247795 808835 247795 283583 185165 283583 185165
813206 234953 813206 234953 283583 185165 283583 185165
780156 170928 780156 170928 283583 185165 283583 185165
847487 212648 847487 212648 283583 185165 283583 185165
