283195 669675 283195 669675 632102 169686 632102 169686
266627 642667 266627 642667 653380 193163 653380 193163
264925 610343 264925 610343 675117 217148 675117 217148
263719 587445 263719 587445 683539 238475 683539 238475
262413 562636 262413 562636 659967 230631 659967 230631
261794 550890 261794 550890 648208 230905 648208 230905
259768 512407 259768 512407 614899 250284 614899 250284
259703 497557 259703 497557 602063 257752 602063 257752
262843 498090 262843 498090 599310 259353 599310 259353
277982 500659 277982 500659 592195 272961 592195 272961
313071 506615 313071 506615 623800 289326 623800 289326
317787 507415 317787 507415 626137 293500 626137 293500
320418 507862 320418 507862 627814 295576 627814 295576
331557 501295 331557 501295 635937 305636 635937 305636
351065 489794 351065 489794 656465 315200 656465 315200
370109 478566 370109 478566 677636 321566 677636 321566
381089 486228 381089 486228 690457 325422 690457 325422
390894 493070 390894 493070 691860 337296 691860 337296
411477 507433 411477 507433 667512 331202 667512 331202
417814 549432 417814 549432 626308 320890 626308 320890
419287 559193 419287 559193 616536 322285 616536 322285
410921 570081 410921 570081 602943 324226 602943 324226
405617 576983 405617 576983 594951 320776 594951 320776
398140 600857 398140 600857 571982 310861 571982 310861
392929 599469 392929 599469 567031 308724 567031 308724
370634 593533 370634 593533 552727 326826 552727 326826
370579 595439 370579 595439 551545 328322 551545 328322
369161 644561 369161 644561 597318 346207 597318 346207
374972 642040 374972 642040 603218 348512 603218 348512
388387 636221 388387 636221 593708 359620 593708 359620
390333 635835 390333 635835 592418 361127 592418 361127
407871 626295 407871 626295 579434 376293 579434 376293
409963 626467 409963 626467 578069 377888 578069 377888
431781 628259 431781 628259 559613 389661 559613 389661
452078 604714 452078 604714 533405 406378 533405 406378
464920 589816 464920 589816 547321 420278 547321 420278
482874 536714 482874 536714 586980 459893 586980 459893
485694 542473 485694 542473 591517 464424 591517 464424
511346 594853 511346 594853 569963 518620 569963 518620
514000 600272 514000 600272 565900 523081 565900 523081
499418 621989 499418 621989 548285 542419 548285 542419
473173 661078 473173 661078 590118 564023 590118 564023
462880 676409 462880 676409 581040 580103 581040 580103
458974 682226 458974 682226 583426 586691 583426 586691
445528 695760 445528 695760 589923 604629 589923 604629
437013 704331 437013 704331 601573 601428 601573 601428
427319 688420 427319 688420 619538 596492 619538 596492
425173 684897 425173 684897 622728 593876 622728 593876
421877 679488 421877 679488 629001 592999 629001 592999
391954 701797 391954 701797 665966 587828 665966 587828
387615 705032 387615 705032 671194 586431 671194 586431
411626 729637 411626 729637 704407 577553 704407 577553
423681 744667 423681 744667 723021 572578 723021 572578
434833 737571 434833 737571 735791 569165 735791 569165
466934 718547 466934 718547 771840 559529 771840 559529
477831 710586 477831 710586 784878 556045 784878 556045
496316 700468 496316 700468 805236 550603 805236 550603
500398 700518 500398 700518 809180 549549 809180 549549
525963 700832 525963 700832 783681 547688 783681 547688
556269 686926 556269 686926 750425 545261 750425 545261
529632 752230 529632 752230 680085 540128 680085 540128
524908 763812 524908 763812 667622 541192 667622 541192
517511 781948 517511 781948 674034 559700 674034 559700
512812 793468 512812 793468 661609 559077 661609 559077
528879 790381 528879 790381 645268 558257 645268 558257
551427 786049 551427 786049 651969 580218 651969 580218
584806 779635 584806 779635 659216 613426 659216 613426
593126 778037 593126 778037 651394 616681 651394 616681
605273 767597 605273 767597 636606 622834 636606 622834
623165 752219 623165 752219 650387 641983 650387 641983
641128 746824 641128 746824 661343 657206 661343 657206
665441 739521 665441 739521 676656 677453 676656 677453
672474 752209 672474 752209 685407 689024 685407 689024
683670 750113 683670 750113 692278 698108 692278 698108
691513 737937 691513 737937 701014 709660 701014 709660
696341 737567 696341 737567 703935 713522 703935 713522
725456 735335 725456 735335 677415 725743 677415 725743
785087 746494 785087 746494 622318 751133 622318 751133
837443 725118 837443 725118 570957 774801 570957 774801
850642 719729 850642 719729 558369 781495 558369 781495
791742 677357 791742 677357 494307 815562 494307 815562
777461 667084 777461 667084 491478 798199 491478 798199
761600 668022 761600 668022 488923 782517 488923 782517
720609 684737 720609 684737 481805 738825 481805 738825
708150 689818 708150 689818 490311 728399 490311 728399
697145 652201 697145 652201 515087 698030 515087 698030
666253 665942 666253 665942 536460 671832 536460 671832
664878 666385 664878 666385 537373 670713 537373 670713
638696 674814 638696 674814 513923 656336 513923 656336
638145 675003 638145 675003 513427 656032 513427 656032
623918 679897 623918 679897 506414 642721 506414 642721
612115 683957 612115 683957 495803 636148 495803 636148
599901 693420 599901 693420 482668 628012 482668 628012
584410 705423 584410 705423 494785 612610 494785 612610
586314 701934 586314 701934 497243 609486 497243 609486
599701 677396 599701 677396 513148 586500 513148 586500
605766 666280 605766 666280 523834 593294 523834 593294
612905 653862 612905 653862 535922 600979 535922 600979
611263 645798 611263 645798 542866 605394 542866 605394
610982 644421 610982 644421 542418 604061 542418 604061
607762 646941 607762 646941 541116 600185 541116 600185
597276 655147 597276 655147 547589 588550 547589 588550
591545 659632 591545 659632 542810 583061 542810 583061
589332 629958 589332 629958 523270 560619 523270 560619
588127 613794 588127 613794 525571 544575 525571 544575
585421 577499 585421 577499 503868 515358 503868 515358
610186 566141 610186 566141 487622 493486 487622 493486
621102 561135 621102 561135 476133 489989 476133 489989
641138 551946 641138 551946 484128 469448 484128 469448
645926 558433 645926 558433 487052 461934 487052 461934
655740 571730 655740 571730 502404 468054 502404 468054
670362 562328 670362 562328 518552 474492 518552 474492
702715 541525 702715 541525 508424 437386 508424 437386
704469 543854 704469 543854 507656 434573 507656 434573
721697 566734 721697 566734 479805 441252 479805 441252
729167 576653 729167 576653 481728 428985 481728 428985
734105 583211 734105 583211 476475 422676 476475 422676
743354 599759 743354 599759 464346 408106 464346 408106
747867 607833 747867 607833 457702 401671 457702 401671
737860 626563 737860 626563 442447 386898 442447 386898
750288 620971 750288 620971 432658 377417 432658 377417
780050 607579 780050 607579 465239 379321 465239 379321
791742 618597 791742 618597 481277 380259 481277 380259
798183 624666 798183 624666 490012 378842 490012 378842
802885 630788 802885 630788 497632 377605 497632 377605
806373 622758 806373 622758 506274 376203 506274 376203
812526 608592 812526 608592 501482 361521 501482 361521
818589 594632 818589 594632 495339 347596 495339 347596
819459 587319 819459 587319 492367 340858 492367 340858
828908 507880 828908 507880 478383 262090 478383 262090
832735 475711 832735 475711 472721 230193 472721 230193
753913 462036 753913 462036 458737 151425 458737 151425
727473 457448 727473 457448 454046 125003 454046 125003
703308 453256 703308 453256 439682 144882 439682 144882
692565 486463 692565 486463 419241 173171 419241 173171
664483 497628 664483 497628 401541 197666 401541 197666
663532 498006 663532 498006 400681 198220 400681 198220
653867 486382 653867 486382 387972 206406 387972 206406
613545 437884 613545 437884 342534 162665 342534 162665
608756 437377 608756 437377 339064 159325 339064 159325
563735 432608 563735 432608 313410 122022 313410 122022
534021 429461 534021 429461 288291 138203 288291 138203
533356 369430 533356 369430 237821 170714 237821 170714
533286 363073 533286 363073 233197 175077 233197 175077
495216 345278 495216 345278 202631 203916 202631 203916
482135 339163 482135 339163 188786 208018 188786 208018
460458 329030 460458 329030 205785 224859 205785 224859
418644 309485 418644 309485 247225 204533 247225 204533
396863 314579 396863 314579 267308 194683 267308 194683
371262 320567 371262 320567 291565 204825 291565 204825
360867 322998 360867 322998 291236 215496 291236 215496
354276 334481 354276 334481 290828 228729 290828 228729
349863 342169 349863 342169 282105 227149 282105 227149
346735 347619 346735 347619 275835 227570 275835 227570
341335 341855 341335 341855 267955 228099 267955 228099
318376 317350 318376 317350 254308 258781 254308 258781
295945 293407 295945 293407 274552 284600 274552 284600
374014 275937 374014 275937 323914 347555 323914 347555
395974 271023 395974 271023 337799 365264 337799 365264
439689 266482 439689 266482 364917 399850 364917 399850
465221 263830 465221 263830 375315 423319 375315 423319
460374 221484 460374 221484 392579 462289 392579 462289
458756 207347 458756 207347 396997 475815 396997 475815
522892 192436 522892 192436 417444 538406 417444 538406
545164 187258 545164 187258 404028 556923 404028 556923
580184 179116 580184 179116 382130 585439 382130 585439
584951 183456 584951 183456 378204 590552 378204 590552
630704 225109 630704 225109 435100 614868 435100 614868
661271 252937 661271 252937 459827 647993 459827 647993
659279 264019 659279 264019 466562 657016 466562 657016
652717 300519 652717 300519 430031 663403 430031 663403
648544 323729 648544 323729 406505 665027 406505 665027
645457 340902 645457 340902 389908 659642 389908 659642
628266 375671 628266 375671 353014 647673 353014 647673
627628 376962 627628 376962 351618 648027 351618 648027
618444 386606 618444 386606 338709 651297 338709 651297
598377 404540 598377 404540 312620 657905 312620 657905
615402 394110 615402 394110 293265 662808 293265 662808
622659 389665 622659 389665 285402 659552 285402 659552
645856 389990 645856 389990 263969 650675 263969 650675
673639 401914 673639 401914 236036 639107 236036 639107
675009 406762 675009 406762 231381 637179 231381 637179
676216 411035 676216 411035 230585 632811 230585 632811
700367 395591 700367 395591 225445 604609 225445 604609
739518 373259 739518 373259 217363 560267 217363 560267
746422 371236 746422 371236 216073 553189 216073 553189
763763 353604 763763 353604 211639 528859 211639 528859
774226 342965 774226 342965 203309 541239 203309 541239
744275 309716 744275 309716 178329 578368 178329 578368
743221 293333 743221 293333 169165 591989 169165 591989
740267 247393 740267 247393 203059 623140 203059 623140
745870 247478 745870 247478 207185 626932 207185 626932
805347 248375 805347 248375 211153 686283 211153 686283
840785 248909 840785 248909 184011 709075 184011 709075
864119 236681 864119 236681 163837 726017 163837 726017
862028 233680 862028 233680 161036 728369 161036 728369
840583 202897 840583 202897 198298 732723 198298 732723
813802 164455 813802 164455 221152 773622 221152 773622
797215 167629 797215 167629 229390 788365 229390 788365
783086 107084 783086 107084 259717 842638 259717 842638
783752 107226 783752 107226 260049 843233 260049 843233
807005 112175 807005 112175 260049 843233 260049 843233
