600001 600001 600001 600001 22001 40001 22001 40001
600001 598001 600001 598001 24001 40001 24001 40001
600001 596001 600001 596001 26001 40001 26001 40001
600001 594001 600001 594001 28001 40001 28001 40001
600001 592001 600001 592001 28001 38001 28001 38001
600001 590001 600001 590001 26001 38001 26001 38001
600001 588001 600001 588001 26001 36001 26001 36001
600001 586001 600001 586001 24001 36001 24001 36001
600001 584001 600001 584001 24001 38001 24001 38001
600001 582001 600001 582001 22001 38001 22001 38001
600001 580001 600001 580001 22001 36001 22001 36001
600001 578001 600001 578001 22001 34001 22001 34001
600001 576001 600001 576001 24001 34001 24001 34001
600001 574001 600001 574001 24001 32001 24001 32001
600001 572001 600001 572001 26001 32001 26001 32001
600001 570001 600001 570001 26001 30001 26001 30001
600001 567173 600001 567173 28001 32001 28001 32001
600001 565173 600001 565173 28001 30001 28001 30001
600001 563173 600001 563173 30001 30001 30001 30001
600001 561173 600001 561173 30001 32001 30001 32001
600001 559173 600001 559173 32001 32001 32001 32001
600001 557173 600001 557173 32001 34001 32001 34001
600001 555173 600001 555173 30001 34001 30001 34001
600001 553173 600001 553173 28001 34001 28001 34001
600001 551173 600001 551173 26001 34001 26001 34001
600001 548344 600001 548344 28001 36001 28001 36001
600001 546344 600001 546344 30001 36001 30001 36001
600001 544344 600001 544344 30001 38001 30001 38001
600001 542344 600001 542344 30001 40001 30001 40001
600001 540344 600001 540344 32001 40001 32001 40001
600001 538344 600001 538344 34001 40001 34001 40001
600001 536344 600001 536344 34001 38001 34001 38001
600001 534344 600001 534344 32001 38001 32001 38001
600001 532344 600001 532344 32001 36001 32001 36001
600001 530344 600001 530344 34001 36001 34001 36001
600001 528344 600001 528344 34001 34001 34001 34001
600001 526344 600001 526344 34001 32001 34001 32001
600001 524344 600001 524344 36001 32001 36001 32001
600001 522344 600001 522344 36001 34001 36001 34001
600001 520344 600001 520344 36001 36001 36001 36001
600001 518344 600001 518344 38001 36001 38001 36001
600001 516344 600001 516344 38001 38001 38001 38001
600001 514344 600001 514344 36001 38001 36001 38001
600001 512344 600001 512344 36001 40001 36001 40001
600001 510344 600001 510344 38001 40001 38001 40001
600001 508344 600001 508344 40001 40001 40001 40001
600001 506344 600001 506344 40001 38001 40001 38001
600001 504344 600001 504344 40001 36001 40001 36001
600001 502344 600001 502344 40001 34001 40001 34001
600001 500344 600001 500344 38001 34001 38001 34001
600001 498344 600001 498344 38001 32001 38001 32001
600001 496344 600001 496344 40001 32001 40001 32001
600001 494344 600001 494344 40001 30001 40001 30001
600001 492344 600001 492344 40001 28001 40001 28001
600001 490344 600001 490344 40001 26001 40001 26001
600001 488344 600001 488344 38001 26001 38001 26001
600001 486344 600001 486344 36001 26001 36001 26001
600001 484344 600001 484344 36001 28001 36001 28001
600001 482344 600001 482344 38001 28001 38001 28001
600001 480344 600001 480344 38001 30001 38001 30001
600001 478344 600001 478344 36001 30001 36001 30001
600001 476344 600001 476344 34001 30001 34001 30001
600001 474344 600001 474344 32001 30001 32001 30001
600001 472344 600001 472344 32001 28001 32001 28001
600001 470344 600001 470344 34001 28001 34001 28001
600001 468344 600001 468344 34001 26001 34001 26001
600001 465516 600001 465516 36001 24001 36001 24001
600001 463516 600001 463516 34001 24001 34001 24001
600001 461516 600001 461516 32001 24001 32001 24001
600001 459516 600001 459516 30001 24001 30001 24001
600001 456687 600001 456687 32001 26001 32001 26001
600001 454687 600001 454687 30001 26001 30001 26001
600001 452687 600001 452687 30001 28001 30001 28001
600001 450687 600001 450687 28001 28001 28001 28001
600001 448687 600001 448687 26001 28001 26001 28001
600001 446687 600001 446687 24001 28001 24001 28001
600001 444687 600001 444687 24001 30001 24001 30001
600001 441859 600001 441859 22001 32001 22001 32001
600001 439859 600001 439859 22001 30001 22001 30001
600001 437859 600001 437859 22001 28001 22001 28001
600001 435859 600001 435859 22001 26001 22001 26001
600001 433859 600001 433859 22001 24001 22001 24001
600001 431859 600001 431859 22001 22001 22001 22001
600001 429859 600001 429859 24001 22001 24001 22001
600001 427859 600001 427859 26001 22001 26001 22001
600001 425859 600001 425859 26001 24001 26001 24001
600001 423859 600001 423859 24001 24001 24001 24001
600001 421859 600001 421859 24001 26001 24001 26001
600001 419859 600001 419859 26001 26001 26001 26001
600001 417859 600001 417859 28001 26001 28001 26001
600001 415859 600001 415859 28001 24001 28001 24001
600001 413859 600001 413859 28001 22001 28001 22001
600001 411859 600001 411859 30001 22001 30001 22001
600001 409859 600001 409859 32001 22001 32001 22001
600001 407859 600001 407859 34001 22001 34001 22001
600001 405859 600001 405859 36001 22001 36001 22001
600001 403859 600001 403859 38001 22001 38001 22001
600001 401859 600001 401859 38001 24001 38001 24001
600001 399859 600001 399859 40001 24001 40001 24001
600001 397859 600001 397859 40001 22001 40001 22001
600001 317859 600001 317859 40001 22001 40001 22001
600001 237859 600001 237859 40001 22001 40001 22001
600001 157859 600001 157859 40001 22001 40001 22001
600001 77859 600001 77859 40001 22001 40001 22001
600001 2 600001 2 40001 22001 40001 22001
543432 56570 543432 56570 40001 22001 40001 22001
486864 113139 486864 113139 40001 22001 40001 22001
430295 169707 430295 169707 40001 22001 40001 22001
373727 226276 373727 226276 40001 22001 40001 22001
317158 282844 317158 282844 40001 22001 40001 22001
260589 339413 260589 339413 40001 22001 40001 22001
204021 395981 204021 395981 40001 22001 40001 22001
147452 452550 147452 452550 40001 22001 40001 22001
90884 509118 90884 509118 40001 22001 40001 22001
34315 565687 34315 565687 40001 22001 40001 22001
1 600001 1 600001 40001 22001 40001 22001
1656 520018 1656 520018 40001 22001 40001 22001
3311 440035 3311 440035 40001 22001 40001 22001
4965 360052 4965 360052 40001 22001 40001 22001
6620 280069 6620 280069 40001 22001 40001 22001
8275 200087 8275 200087 40001 22001 40001 22001
9930 120104 9930 120104 40001 22001 40001 22001
11585 40121 11585 40121 40001 22001 40001 22001
12001 20001 12001 20001 40001 22001 40001 22001
10001 20001 10001 20001 40001 22001 40001 22001
8001 20001 8001 20001 40001 22001 40001 22001
6001 20001 6001 20001 40001 22001 40001 22001
4001 20001 4001 20001 40001 22001 40001 22001
2001 20001 2001 20001 40001 22001 40001 22001
2001 18001 2001 18001 40001 22001 40001 22001
4001 18001 4001 18001 40001 22001 40001 22001
6001 18001 6001 18001 40001 22001 40001 22001
8001 18001 8001 18001 40001 22001 40001 22001
10001 18001 10001 18001 40001 22001 40001 22001
12001 18001 12001 18001 40001 22001 40001 22001
14001 18001 14001 18001 40001 22001 40001 22001
16001 18001 16001 18001 40001 22001 40001 22001
18001 18001 18001 18001 40001 22001 40001 22001
20001 18001 20001 18001 40001 22001 40001 22001
20001 16001 20001 16001 40001 22001 40001 22001
18001 16001 18001 16001 40001 22001 40001 22001
16001 16001 16001 16001 40001 22001 40001 22001
14001 16001 14001 16001 40001 22001 40001 22001
12001 16001 12001 16001 40001 22001 40001 22001
10001 16001 10001 16001 40001 22001 40001 22001
8001 16001 8001 16001 40001 22001 40001 22001
6001 16001 6001 16001 40001 22001 40001 22001
4001 16001 4001 16001 40001 22001 40001 22001
2001 16001 2001 16001 40001 22001 40001 22001
2001 14001 2001 14001 40001 22001 40001 22001
4001 14001 4001 14001 40001 22001 40001 22001
6001 14001 6001 14001 40001 22001 40001 22001
8001 14001 8001 14001 40001 22001 40001 22001
10001 14001 10001 14001 40001 22001 40001 22001
12001 14001 12001 14001 40001 22001 40001 22001
14001 14001 14001 14001 40001 22001 40001 22001
16001 14001 16001 14001 40001 22001 40001 22001
18001 14001 18001 14001 40001 22001 40001 22001
20001 14001 20001 14001 40001 22001 40001 22001
20001 12001 20001 12001 40001 22001 40001 22001
18001 12001 18001 12001 40001 22001 40001 22001
16001 12001 16001 12001 40001 22001 40001 22001
14001 12001 14001 12001 40001 22001 40001 22001
12001 12001 12001 12001 40001 22001 40001 22001
10001 12001 10001 12001 40001 22001 40001 22001
8001 12001 8001 12001 40001 22001 40001 22001
6001 12001 6001 12001 40001 22001 40001 22001
4001 12001 4001 12001 40001 22001 40001 22001
2001 12001 2001 12001 40001 22001 40001 22001
2001 10001 2001 10001 40001 22001 40001 22001
4001 10001 4001 10001 40001 22001 40001 22001
6001 10001 6001 10001 40001 22001 40001 22001
8001 10001 8001 10001 40001 22001 40001 22001
10001 10001 10001 10001 40001 22001 40001 22001
12001 10001 12001 10001 40001 22001 40001 22001
14001 10001 14001 10001 40001 22001 40001 22001
16001 10001 16001 10001 40001 22001 40001 22001
18001 10001 18001 10001 40001 22001 40001 22001
20001 10001 20001 10001 40001 22001 40001 22001
20001 8001 20001 8001 40001 22001 40001 22001
18001 8001 18001 8001 40001 22001 40001 22001
16001 8001 16001 8001 40001 22001 40001 22001
14001 8001 14001 8001 40001 22001 40001 22001
12001 8001 12001 8001 40001 22001 40001 22001
10001 8001 10001 8001 40001 22001 40001 22001
8001 8001 8001 8001 40001 22001 40001 22001
6001 8001 6001 8001 40001 22001 40001 22001
4001 8001 4001 8001 40001 22001 40001 22001
2001 8001 2001 8001 40001 22001 40001 22001
2001 6001 2001 6001 40001 22001 40001 22001
4001 6001 4001 6001 40001 22001 40001 22001
6001 6001 6001 6001 40001 22001 40001 22001
8001 6001 8001 6001 40001 22001 40001 22001
10001 6001 10001 6001 40001 22001 40001 22001
12001 6001 12001 6001 40001 22001 40001 22001
14001 6001 14001 6001 40001 22001 40001 22001
16001 6001 16001 6001 40001 22001 40001 22001
18001 6001 18001 6001 40001 22001 40001 22001
20001 6001 20001 6001 40001 22001 40001 22001
20001 4001 20001 4001 40001 22001 40001 22001
20001 2001 20001 2001 40001 22001 40001 22001
18001 2001 18001 2001 40001 22001 40001 22001
18001 4001 18001 4001 40001 22001 40001 22001
16001 4001 16001 4001 40001 22001 40001 22001
16001 2001 16001 2001 40001 22001 40001 22001
14001 2001 14001 2001 40001 22001 40001 22001
14001 4001 14001 4001 40001 22001 40001 22001
12001 4001 12001 4001 40001 22001 40001 22001
12001 2001 12001 2001 40001 22001 40001 22001
10001 2001 10001 2001 40001 22001 40001 22001
10001 4001 10001 4001 40001 22001 40001 22001
8001 4001 8001 4001 40001 22001 40001 22001
8001 2001 8001 2001 40001 22001 40001 22001
6001 2001 6001 2001 40001 22001 40001 22001
6001 4001 6001 4001 40001 22001 40001 22001
4001 4001 4001 4001 40001 22001 40001 22001
2001 4001 2001 4001 40001 22001 40001 22001
4001 2001 4001 2001 40001 22001 40001 22001
2001 2001 2001 2001 40001 22001 40001 22001
1 1 1 1 40001 22001 40001 22001
