900461 760814 900461 760814 913146 444878 913146 444878
844858 788679 844858 788679 861167 479029 861167 479029
812014 833412 812014 833412 814786 509503 814786 509503
803706 844095 803706 844095 803476 516934 803476 516934
772833 809404 772833 809404 764664 542434 764664 542434
760355 795383 760355 795383 746974 536162 746974 536162
774535 784556 774535 784556 730158 530200 730158 530200
775991 783444 775991 783444 728390 529721 728390 529721
774922 765922 774922 765922 711446 525131 711446 525131
758211 766447 758211 766447 695309 520760 695309 520760
751096 766671 751096 766671 694656 527849 694656 527849
693397 789679 693397 789679 688961 589704 688961 589704
687769 791923 687769 791923 690549 595552 690549 595552
672578 808597 672578 808597 696462 617319 696462 617319
677758 787941 677758 787941 702044 637870 702044 637870
692635 728612 692635 728612 747336 678978 747336 678978
697511 709170 697511 709170 736757 696003 736757 696003
701181 715282 701181 715282 732994 702059 732994 702059
712669 734416 712669 734416 716905 686592 716905 686592
735518 739691 735518 739691 700001 670340 700001 670340
739660 750081 739660 750081 691937 662588 691937 662588
754796 720355 754796 720355 667890 639470 667890 639470
756623 716766 756623 716766 665992 635918 665992 635918
766788 699299 766788 699299 656466 618094 656466 618094
780863 675114 780863 675114 658563 590190 658563 590190
784895 668186 784895 668186 652345 595247 652345 595247
800745 667701 800745 667701 640042 605253 640042 605253
812507 667342 812507 667342 635413 616072 635413 616072
820474 667098 820474 667098 628951 620738 628951 620738
830491 648180 830491 648180 611596 633269 611596 633269
845293 620225 845293 620225 581255 642214 581255 642214
851428 608639 851428 608639 568175 641330 568175 641330
860838 590868 860838 590868 571813 661107 571813 661107
865708 581671 865708 581671 581276 665437 581276 665437
834156 584388 834156 584388 610073 678614 610073 678614
825846 585103 825846 585103 606942 686345 606942 686345
807169 586711 807169 586711 588332 684093 588332 684093
773760 589588 773760 589588 569966 712149 569966 712149
727429 593577 727429 593577 537231 745178 537231 745178
719339 615785 719339 615785 520593 761965 520593 761965
710662 639605 710662 639605 505992 782690 505992 782690
698590 672745 698590 672745 518877 749858 518877 749858
692776 670145 692776 670145 521204 743929 521204 743929
677505 663315 677505 663315 519440 727294 519440 727294
665128 657779 665128 657779 506328 723842 506328 723842
661369 654147 661369 654147 501273 722511 501273 722511
658224 651109 658224 651109 500450 718217 500450 718217
646428 639713 646428 639713 511854 706428 511854 706428
646023 640724 646023 640724 512611 705645 512611 705645
636263 665076 636263 665076 499130 683139 499130 683139
631701 676456 631701 676456 511324 684416 511324 684416
629959 680803 629959 680803 513467 680252 513467 680252
624070 676830 624070 676830 516719 673936 516719 673936
616545 671754 616545 671754 515999 664888 515999 664888
602778 675049 602778 675049 514876 650777 514876 650777
589508 668369 589508 668369 513698 635967 513698 635967
557856 652435 557856 652435 538493 610650 538493 610650
573295 635564 573295 635564 554495 594312 554495 594312
574566 620523 574566 620523 565056 583528 565056 583528
575279 619979 575279 619979 565684 582887 565684 582887
600369 600854 600369 600854 587079 559702 587079 559702
602248 583517 602248 583517 598905 546887 598905 546887
602284 583189 602284 583189 598689 546637 598689 546637
572299 579899 572299 579899 578995 523789 578995 523789
558284 621682 558284 621682 550221 490407 550221 490407
556830 622474 556830 622474 549140 489153 549140 489153
552383 623567 552383 623567 546150 485685 546150 485685
536951 627361 536951 627361 561672 489095 561672 489095
536585 627451 536585 627451 562049 489099 562049 489099
528488 620108 528488 620108 572979 489227 572979 489227
521151 613454 521151 613454 577247 480289 577247 480289
516981 609673 516981 609673 582840 480920 582840 480920
493515 578006 493515 578006 622006 485338 622006 485338
505433 576481 505433 576481 633945 486685 633945 486685
535806 572595 535806 572595 610561 466916 610561 466916
538018 572312 538018 572312 608987 465336 608987 465336
552965 555190 552965 555190 592947 449234 592947 449234
554701 551609 554701 551609 590138 446414 590138 446414
565895 528518 565895 528518 578776 423406 578776 423406
580166 499079 580166 499079 583862 391088 583862 391088
585260 488570 585260 488570 586772 379778 586772 379778
605451 464621 605451 464621 594578 349441 594578 349441
610510 458620 610510 458620 586788 350402 586788 350402
645091 435095 645091 435095 545278 355522 545278 355522
672278 416600 672278 416600 529897 384584 529897 384584
680266 411166 680266 411166 529474 394236 529474 394236
665763 402831 665763 402831 528741 410947 528741 410947
637020 386313 637020 386313 498212 398024 498212 398024
635214 366039 635214 366039 479468 390090 479468 390090
635737 361781 635737 361781 475517 388417 475517 388417
642157 340587 642157 340587 455124 379785 455124 379785
645852 328387 645852 328387 446458 389133 446458 389133
590425 330496 590425 330496 408748 429810 408748 429810
584856 330708 584856 330708 412194 434189 412194 434189
597570 315325 597570 315325 424537 449872 424537 449872
600064 299286 600064 299286 434576 462627 434576 462627
613518 291013 613518 291013 444344 475038 444344 475038
651422 267705 651422 267705 487995 466403 487995 466403
651868 265909 651868 265909 489810 466044 489810 466044
655361 251827 655361 251827 488622 480504 488622 480504
663378 243781 663378 243781 487692 491824 487692 491824
672580 234546 672580 234546 498732 484889 498732 484889
680916 226180 680916 226180 507229 493091 507229 493091
689944 217119 689944 217119 519038 498006 519038 498006
725849 181085 725849 181085 534931 546328 534931 546328
726953 179977 726953 179977 534469 547823 534469 547823
703546 174119 703546 174119 527346 570876 527346 570876
645004 159469 645004 159469 478937 606909 478937 606909
639965 158208 639965 158208 474558 604115 474558 604115
617469 186931 617469 186931 443800 584494 443800 584494
613253 192314 613253 192314 437507 587168 437507 587168
596383 213854 596383 213854 416485 569656 416485 569656
582324 231805 582324 231805 423361 591396 423361 591396
579797 232330 579797 232330 424139 593856 424139 593856
585377 244665 585377 244665 428222 606764 428222 606764
593575 262788 593575 262788 444042 618822 444042 618822
594043 263823 594043 263823 444511 619857 444511 619857
566067 256255 566067 256255 456464 646258 456464 646258
551282 238418 551282 238418 466020 667364 466020 667364
548179 234674 548179 234674 468692 671427 468692 671427
544159 229825 544159 229825 464588 676205 464588 676205
532877 235482 532877 235482 456365 685780 456365 685780
512103 245899 512103 245899 459301 708833 459301 708833
498224 240120 498224 240120 461201 723746 461201 723746
486855 235385 486855 235385 449244 720797 449244 720797
460314 224333 460314 224333 420506 721665 420506 721665
445665 218232 445665 218232 404642 722029 404642 722029
425528 209847 425528 209847 415604 703170 415604 703170
427439 211178 427439 211178 416774 701157 416774 701157
445718 223914 445718 223914 407433 680931 407433 680931
450351 227142 450351 227142 411180 676707 411180 676707
492617 256590 492617 256590 364642 654620 364642 654620
507458 266930 507458 266930 368761 637007 368761 637007
514139 271585 514139 271585 366543 629173 366543 629173
512745 273836 512745 273836 365822 626625 365822 626625
517143 279151 517143 279151 363943 619987 363943 619987
535455 301281 535455 301281 337881 632063 337881 632063
532913 301125 532913 301125 335571 633134 335571 633134
514548 299999 514548 299999 340397 650890 340397 650890
496783 305615 496783 305615 345284 668869 345284 668869
477470 311721 477470 311721 363770 677148 363770 677148
466446 315206 466446 315206 368913 687503 368913 687503
472236 321718 472236 321718 372790 695307 372790 695307
477816 327994 477816 327994 375509 703252 375509 703252
492463 344466 492463 344466 382484 724162 382484 724162
507317 361172 507317 361172 388313 745743 388313 745743
514132 368837 514132 368837 381489 753400 381489 753400
495364 386335 495364 386335 364416 772555 364416 772555
483225 397652 483225 397652 365240 755979 365240 755979
491405 405355 491405 405355 365798 744757 365798 744757
509409 422310 509409 422310 345153 731141 345153 731141
511517 416557 511517 416557 340038 727768 340038 727768
514756 407722 514756 407722 332445 722209 332445 722209
519726 394161 519726 394161 346172 717718 346172 717718
523082 395586 523082 395586 349637 716584 349637 716584
543617 404303 543617 404303 344961 694771 344961 694771
548146 406225 548146 406225 340041 694806 340041 694806
559670 397315 559670 397315 325475 694909 325475 694909
558744 404514 558744 404514 318216 694961 318216 694961
557092 417356 557092 417356 322090 707315 322090 707315
556119 424920 556119 424920 322651 714921 322651 714921
554216 439715 554216 439715 313992 727067 313992 727067
552803 450697 552803 450697 310270 716639 310270 716639
551314 451645 551314 451645 309677 714976 309677 714976
544358 456072 544358 456072 310686 706793 310686 706793
530278 465034 530278 465034 294129 708902 294129 708902
490668 490244 490668 490244 257225 737929 257225 737929
483444 511985 483444 511985 239218 752093 239218 752093
468951 555599 468951 555599 258900 710562 258900 710562
440418 560708 440418 560708 271313 684368 271313 684368
423287 566251 423287 566251 279024 668097 279024 668097
371320 583067 371320 583067 246672 624089 246672 624089
358105 589019 358105 589019 238088 612411 238088 612411
351528 591982 351528 591982 231260 610083 231260 610083
362772 646051 362772 646051 178989 592261 178989 592261
363036 647319 363036 647319 178989 592261 178989 592261
404449 642706 404449 642706 178989 592261 178989 592261
449484 644115 449484 644115 178989 592261 178989 592261
464543 689621 464543 689621 178989 592261 178989 592261
396404 691911 396404 691911 178989 592261 178989 592261
353149 705079 353149 705079 178989 592261 178989 592261
275493 724301 275493 724301 178989 592261 178989 592261
271001 725413 271001 725413 178989 592261 178989 592261
317674 678557 317674 678557 178989 592261 178989 592261
323064 639384 323064 639384 178989 592261 178989 592261
314726 637342 314726 637342 178989 592261 178989 592261
306098 616585 306098 616585 178989 592261 178989 592261
310149 591366 310149 591366 178989 592261 178989 592261
308580 547667 308580 547667 178989 592261 178989 592261
339930 530212 339930 530212 178989 592261 178989 592261
281171 519287 281171 519287 178989 592261 178989 592261
264866 506206 264866 506206 178989 592261 178989 592261
330768 460853 330768 460853 178989 592261 178989 592261
341306 453601 341306 453601 178989 592261 178989 592261
293620 398132 293620 398132 178989 592261 178989 592261
287684 395541 287684 395541 178989 592261 178989 592261
277576 383589 277576 383589 178989 592261 178989 592261
251364 380471 251364 380471 178989 592261 178989 592261
199806 364216 199806 364216 178989 592261 178989 592261
190750 334549 190750 334549 178989 592261 178989 592261
164144 363305 164144 363305 178989 592261 178989 592261
