200000 5000 200000 5000 200601 4200 200601 4200
215000 15000 215000 15000 215601 14200 215601 14200
230000 25000 230000 25000 230601 24200 230601 24200
245000 35000 245000 35000 245601 34200 245601 34200
260000 45000 260000 45000 260601 44200 260601 44200
275000 55000 275000 55000 275601 54200 275601 54200
290000 65000 290000 65000 290601 64200 290601 64200
305000 75000 305000 75000 305601 74200 305601 74200
320000 85000 320000 85000 320601 84200 320601 84200
335000 95000 335000 95000 335601 94200 335601 94200
350000 105000 350000 105000 350601 104200 350601 104200
365000 115000 365000 115000 365601 114200 365601 114200
380000 125000 380000 125000 380601 124200 380601 124200
395000 135000 395000 135000 395601 134200 395601 134200
410000 145000 410000 145000 410601 144200 410601 144200
425000 155000 425000 155000 425601 154200 425601 154200
440000 165000 440000 165000 440601 164200 440601 164200
455000 175000 455000 175000 455601 174200 455601 174200
470000 185000 470000 185000 470601 184200 470601 184200
485000 195000 485000 195000 485601 194200 485601 194200
500000 205000 500000 205000 500601 204200 500601 204200
515000 215000 515000 215000 515601 214200 515601 214200
530000 225000 530000 225000 530601 224200 530601 224200
545000 235000 545000 235000 545601 234200 545601 234200
560000 245000 560000 245000 560601 244200 560601 244200
575000 255000 575000 255000 575601 254200 575601 254200
590000 265000 590000 265000 590601 264200 590601 264200
605000 275000 605000 275000 605601 274200 605601 274200
620000 285000 620000 285000 620601 284200 620601 284200
635000 295000 635000 295000 635601 294200 635601 294200
650000 305000 650000 305000 650601 304200 650601 304200
665000 315000 665000 315000 665601 314200 665601 314200
680000 325000 680000 325000 680601 324200 680601 324200
695000 335000 695000 335000 695601 334200 695601 334200
710000 345000 710000 345000 710601 344200 710601 344200
725000 355000 725000 355000 725601 354200 725601 354200
740000 365000 740000 365000 740601 364200 740601 364200
755000 375000 755000 375000 755601 374200 755601 374200
770000 385000 770000 385000 770601 384200 770601 384200
785000 395000 785000 395000 785601 394200 785601 394200
800000 405000 800000 405000 800601 404200 800601 404200
815000 415000 815000 415000 815601 414200 815601 414200
830000 425000 830000 425000 830601 424200 830601 424200
845000 435000 845000 435000 845601 434200 845601 434200
860000 445000 860000 445000 860601 444200 860601 444200
875000 455000 875000 455000 875601 454200 875601 454200
890000 465000 890000 465000 890601 464200 890601 464200
905000 475000 905000 475000 905601 474200 905601 474200
920000 485000 920000 485000 920601 484200 920601 484200
935000 495000 935000 495000 935601 494200 935601 494200
935000 505000 935000 505000 935601 504200 935601 504200
920000 515000 920000 515000 920601 514200 920601 514200
905000 525000 905000 525000 905601 524200 905601 524200
890000 535000 890000 535000 890601 534200 890601 534200
875000 545000 875000 545000 875601 544200 875601 544200
860000 555000 860000 555000 860601 554200 860601 554200
845000 565000 845000 565000 845601 564200 845601 564200
830000 575000 830000 575000 830601 574200 830601 574200
815000 585000 815000 585000 815601 584200 815601 584200
800000 595000 800000 595000 800601 594200 800601 594200
785000 605000 785000 605000 785601 604200 785601 604200
770000 615000 770000 615000 770601 614200 770601 614200
755000 625000 755000 625000 755601 624200 755601 624200
740000 635000 740000 635000 740601 634200 740601 634200
725000 645000 725000 645000 725601 644200 725601 644200
710000 655000 710000 655000 710601 654200 710601 654200
695000 665000 695000 665000 695601 664200 695601 664200
680000 675000 680000 675000 680601 674200 680601 674200
665000 685000 665000 685000 665601 684200 665601 684200
650000 695000 650000 695000 650601 694200 650601 694200
635000 705000 635000 705000 635601 704200 635601 704200
620000 715000 620000 715000 620601 714200 620601 714200
605000 725000 605000 725000 605601 724200 605601 724200
590000 735000 590000 735000 590601 734200 590601 734200
575000 745000 575000 745000 575601 744200 575601 744200
560000 755000 560000 755000 560601 754200 560601 754200
545000 765000 545000 765000 545601 764200 545601 764200
530000 775000 530000 775000 530601 774200 530601 774200
515000 785000 515000 785000 515601 784200 515601 784200
500000 795000 500000 795000 500601 794200 500601 794200
485000 805000 485000 805000 485601 804200 485601 804200
470000 815000 470000 815000 470601 814200 470601 814200
455000 825000 455000 825000 455601 824200 455601 824200
440000 835000 440000 835000 440601 834200 440601 834200
425000 845000 425000 845000 425601 844200 425601 844200
410000 855000 410000 855000 410601 854200 410601 854200
395000 865000 395000 865000 395601 864200 395601 864200
380000 875000 380000 875000 380601 874200 380601 874200
365000 885000 365000 885000 365601 884200 365601 884200
350000 895000 350000 895000 350601 894200 350601 894200
335000 905000 335000 905000 335601 904200 335601 904200
320000 915000 320000 915000 320601 914200 320601 914200
305000 925000 305000 925000 305601 924200 305601 924200
290000 935000 290000 935000 290601 934200 290601 934200
275000 945000 275000 945000 275601 944200 275601 944200
260000 955000 260000 955000 260601 954200 260601 954200
245000 965000 245000 965000 245601 964200 245601 964200
230000 975000 230000 975000 230601 974200 230601 974200
215000 985000 215000 985000 215601 984200 215601 984200
200000 995000 200000 995000 200601 994200 200601 994200
