367839 794482 367839 794482 706132 115759 706132 115759
330588 750542 330588 750542 658093 147549 658093 147549
291564 704510 291564 704510 643075 205998 643075 205998
288511 700909 288511 700909 638884 203825 638884 203825
325335 672014 325335 672014 597327 182284 597327 182284
330256 668152 330256 668152 594212 187708 594212 187708
332483 666405 332483 666405 593929 190524 593929 190524
351200 654002 351200 654002 591688 212866 591688 212866
352785 652952 352785 652952 590258 214119 590258 214119
376664 636260 376664 636260 568348 233323 568348 233323
393060 624799 393060 624799 553663 219739 553663 219739
394830 623010 394830 623010 551816 218030 551816 218030
399038 618754 399038 618754 546945 214553 546945 214553
399993 617788 399993 617788 545601 214354 545601 214354
393990 605825 393990 605825 532360 212398 532360 212398
389933 597741 389933 597741 523960 215753 523960 215753
383653 585226 383653 585226 518633 202804 518633 202804
390588 567071 390588 567071 511240 184831 511240 184831
392634 564646 392634 564646 510032 181896 510032 181896
401938 565252 401938 565252 506485 173274 506485 173274
378814 538791 378814 538791 493116 140775 493116 140775
378353 539496 378353 539496 492796 139996 492796 139996
368786 554148 368786 554148 478530 150130 478530 150130
356572 594913 356572 594913 443837 174775 443837 174775
356508 594857 356508 594857 443768 174824 443768 174824
343234 583201 343234 583201 453957 189255 453957 189255
340098 558641 340098 558641 468238 209481 468238 209481
300654 547510 300654 547510 491877 242961 491877 242961
281333 542058 281333 542058 478758 258157 478758 258157
261274 536397 261274 536397 498544 264707 498544 264707
261448 516440 261448 516440 517491 270979 517491 270979
261517 508502 261517 508502 525183 269018 525183 269018
261714 485800 261714 485800 547229 274441 547229 274441
274387 489694 274387 489694 560103 277608 560103 277608
292978 495406 292978 495406 573084 292090 573084 292090
304184 498849 304184 498849 576424 303327 576424 303327
326912 505832 326912 505832 600045 306044 600045 306044
329325 506574 329325 506574 600052 303519 600052 303519
351653 503002 351653 503002 600113 280907 600113 280907
353708 502673 353708 502673 601874 282015 601874 282015
376397 499043 376397 499043 622873 272686 622873 272686
375088 485634 375088 485634 635185 267217 635185 267217
371383 447666 371383 447666 672922 261627 672922 261627
377383 429476 377383 429476 691869 258820 691869 258820
398593 365180 398593 365180 730842 203458 730842 203458
399471 367084 399471 367084 732049 201743 732049 201743
412732 395832 412732 395832 746117 230104 746117 230104
411655 423168 411655 423168 758274 254612 758274 254612
417265 422126 417265 422126 760810 259724 760810 259724
426892 420337 426892 420337 754101 266856 754101 266856
434554 416552 434554 416552 748245 273080 748245 273080
455214 406345 455214 406345 744357 295793 744357 295793
455313 406295 455313 406295 744338 295903 744338 295903
475997 395774 475997 395774 722075 302449 722075 302449
485119 409243 485119 409243 706468 307038 706468 307038
487154 412248 487154 412248 709936 308106 709936 308106
487228 412396 487228 412396 710094 308155 710094 308155
497823 433561 497823 433561 714805 331351 714805 331351
501307 440521 501307 440521 719672 337424 719672 337424
504228 448091 504228 448091 724747 343755 724747 343755
503014 467790 503014 467790 737090 359156 737090 359156
501647 489970 501647 489970 757325 349970 757325 349970
493421 499829 493421 499829 769016 344663 769016 344663
482590 512810 482590 512810 765910 361282 765910 361282
463782 510242 463782 510242 762422 379941 762422 379941
471849 483619 471849 483619 757310 407286 757310 407286
475975 470003 475975 470003 751227 420147 751227 420147
443279 439434 443279 439434 732091 460611 732091 460611
440238 457816 440238 457816 724125 477454 724125 477454
436749 478908 436749 478908 716159 457615 716159 457615
412739 461956 412739 461956 705208 430340 705208 430340
405001 486369 405001 486369 695665 406575 695665 406575
402827 496409 402827 496409 691837 397042 691837 397042
422155 503243 422155 503243 684199 378017 684199 378017
424166 527592 424166 527592 675095 355345 675095 355345
425207 540199 425207 540199 662708 357913 662708 357913
432452 554233 432452 554233 647243 361119 647243 361119
450078 588373 450078 588373 610426 372107 610426 372107
423297 594008 423297 594008 584202 379933 584202 379933
414359 600698 414359 600698 573504 383126 573504 383126
414735 601075 414735 601075 572994 383278 572994 383278
424909 611271 424909 611271 571752 397628 571752 397628
418003 615587 418003 615587 571050 405742 571050 405742
413223 630193 413223 630193 569724 421053 569724 421053
438972 636931 438972 636931 567429 447570 567429 447570
439700 637389 439700 637389 567355 448427 567355 448427
446020 641362 446020 641362 570245 455310 570245 455310
472756 624304 472756 624304 582522 484551 582522 484551
492216 635580 492216 635580 591229 505288 591229 505288
499838 639997 499838 639997 591216 514098 591216 514098
515295 644439 515295 644439 591193 530180 591193 530180
540676 651732 540676 651732 570004 514419 570004 514419
530324 670562 530324 670562 552763 501594 552763 501594
523294 683351 523294 683351 538425 498874 538425 498874
515407 682392 515407 682392 530619 497393 530619 497393
477648 677801 477648 677801 492736 500812 492736 500812
474828 677458 474828 677458 493431 498057 493431 498057
445542 712269 445542 712269 504552 453946 504552 453946
439797 710629 439797 710629 506012 448153 506012 448153
432583 743784 432583 743784 514307 415252 514307 415252
458426 759051 458426 759051 521645 386147 521645 386147
462113 761229 462113 761229 525452 384185 525452 384185
464797 757958 464797 757958 529213 382246 529213 382246
469864 751783 469864 751783 523245 376937 523245 376937
487834 729885 487834 729885 544639 358370 544639 358370
488684 721443 488684 721443 551047 352809 551047 352809
492294 719945 492294 719945 553999 350247 553999 350247
502394 715756 502394 715756 547369 341553 547369 341553
540671 699878 540671 699878 506554 334382 506554 334382
552197 712249 552197 712249 489901 331456 489901 331456
560172 759009 560172 759009 443181 323248 443181 323248
561078 764321 561078 764321 437793 323262 437793 323262
539692 841410 539692 841410 357793 323472 357793 323472
533432 863976 533432 863976 334374 323534 334374 323534
535336 873811 535336 873811 324357 323560 324357 323560
536024 877361 536024 877361 321016 324945 321016 324945
604568 874438 604568 874438 257639 351215 257639 351215
607382 869896 607382 869896 252703 353261 252703 353261
627346 837666 627346 837666 254026 391150 254026 391150
637658 821017 637658 821017 273590 390275 273590 390275
679785 753008 679785 753008 346225 423803 346225 423803
680471 751900 680471 751900 347408 424349 347408 424349
665268 736802 665268 736802 366862 433329 366862 433329
645353 717023 645353 717023 362280 461020 362280 461020
608466 680390 608466 680390 403757 492362 403757 492362
626533 641672 626533 641672 437844 518121 437844 518121
619233 607450 619233 607450 465762 539218 465762 539218
610616 567052 610616 567052 455321 579183 455321 579183
647330 574406 647330 574406 445857 615411 445857 615411
653971 568166 653971 568166 443554 624227 443554 624227
683804 581611 683804 581611 435283 655888 435283 655888
729321 602124 729321 602124 485127 653038 485127 653038
738156 609541 738156 609541 496644 652379 496644 652379
768817 635283 768817 635283 483894 690328 483894 690328
761288 626293 761288 626293 480159 701444 480159 701444
751785 614947 751785 614947 493527 695094 493527 695094
726464 584715 726464 584715 524254 719813 524254 719813
720100 582139 720100 582139 529603 724116 529603 724116
685982 568328 685982 568328 534031 760656 534031 760656
683502 567324 683502 567324 536458 761784 536458 761784
669508 546873 669508 546873 558929 772230 558929 772230
666079 530474 666079 530474 574121 779292 574121 779292
660720 504843 660720 504843 598488 769703 598488 769703
680777 490191 680777 490191 621601 760608 621601 760608
690751 468903 690751 468903 643477 751999 643477 751999
698255 452885 698255 452885 659622 759226 659622 759226
681266 461170 681266 461170 676874 766948 676874 766948
667883 467696 667883 467696 685022 779410 685022 779410
647081 477841 647081 477841 707378 785398 707378 785398
635646 483418 635646 483418 717423 777590 717423 777590
624302 488950 624302 488950 728135 784263 728135 784263
621111 490366 621111 490366 731099 786109 731099 786109
616536 491344 616536 491344 735070 788583 735070 788583
602356 494376 602356 494376 746657 779866 746657 779866
588838 497549 588838 497549 757754 771519 757754 771519
579771 499677 579771 499677 767061 771177 767061 771177
574816 500840 574816 500840 764211 766961 764211 766961
582257 474888 582257 474888 749090 744594 749090 744594
584798 466024 584798 466024 740545 748059 740545 748059
587253 459826 587253 459826 734367 750564 734367 750564
586130 458903 586130 458903 733020 751110 733020 751110
576389 450899 576389 450899 723996 742305 723996 742305
574234 449129 574234 449129 721580 743697 721580 743697
556385 434463 556385 434463 699861 735826 699861 735826
551098 430118 551098 430118 695765 741309 695765 741309
550011 429225 550011 429225 695049 740099 695049 740099
550669 416781 550669 416781 688700 729376 688700 729376
552616 379936 552616 379936 688875 692480 688875 692480
553077 371204 553077 371204 692969 684754 692969 684754
587367 412172 587367 412172 717985 637548 717985 637548
588725 413795 588725 413795 718838 639485 718838 639485
625087 445374 625087 445374 738249 683560 738249 683560
633154 432868 633154 432868 744247 697180 744247 697180
646205 412637 646205 412637 765053 709294 765053 709294
666385 385635 666385 385635 794185 726255 794185 726255
679919 367526 679919 367526 796061 748784 796061 748784
715426 320016 715426 320016 795592 808095 795592 808095
728325 302756 728325 302756 788426 828416 788426 828416
714052 279632 714052 279632 779388 854043 779388 854043
711583 275630 711583 275630 775149 852008 775149 852008
701743 259689 701743 259689 756828 848099 756828 848099
698995 255236 698995 255236 753915 843752 753915 843752
685578 228929 685578 228929 737477 819219 737477 819219
687193 224541 687193 224541 734874 815335 734874 815335
695024 203264 695024 203264 717049 801324 717049 801324
696801 198436 696801 198436 713274 797829 713274 797829
701936 184484 701936 184484 711074 812533 711074 812533
714408 192531 714408 192531 708877 827212 708877 827212
721339 197002 721339 197002 700763 828692 700763 828692
726010 174152 726010 174152 677819 832877 677819 832877
734162 172792 734162 172792 669689 834360 669689 834360
771221 166607 771221 166607 632256 831136 632256 831136
767096 220005 767096 220005 578896 826541 578896 826541
820843 211744 820843 211744 524718 821876 524718 821876
820600 211192 820600 211192 524118 821824 524118 821824
805239 176291 805239 176291 524610 859953 524610 859953
799421 163072 799421 163072 511870 866757 511870 866757
799421 163072 799421 163072 455564 896826 455564 896826
799421 163072 799421 163072 535363 902499 535363 902499
799421 163072 799421 163072 548009 903398 548009 903398
799421 163072 799421 163072 530001 939010 530001 939010
799421 163072 799421 163072 534026 991191 534026 991191
