90551 881743 90551 881743 41766 232575 41766 232575
124643 846847 124643 846847 90551 232575 90551 232575
139336 831807 139336 831807 105244 217535 105244 217535
188121 831807 188121 831807 139336 182639 139336 182639
188121 881743 188121 881743 174232 218358 174232 218358
207996 881743 207996 881743 188121 232575 188121 232575
236906 881743 236906 881743 188121 261485 188121 261485
236907 881743 236907 881743 188121 261486 188121 261486
257932 881743 257932 881743 188121 282511 188121 282511
307868 881743 307868 881743 188121 332447 188121 332447
334476 881743 334476 881743 161513 332447 161513 332447
334476 859566 334476 859566 139336 332447 139336 332447
334476 831807 334476 831807 139336 304688 139336 304688
318978 815944 318978 815944 139336 282511 139336 282511
285691 781871 285691 781871 91702 282511 91702 282511
285691 780720 285691 780720 90551 282511 90551 282511
285691 731935 285691 731935 90551 331296 90551 331296
286495 731112 286495 731112 90551 332447 90551 332447
321391 695392 321391 695392 90551 382383 90551 382383
334476 681999 334476 681999 77466 395776 77466 395776
334476 632063 334476 632063 42570 431496 42570 431496
334477 632063 334477 632063 42570 431496 42570 431496
335281 632886 335281 632886 41766 432319 41766 432319
369372 667782 369372 667782 90551 432319 90551 432319
403464 702678 403464 702678 139336 432319 139336 432319
432046 731935 432046 731935 139336 473220 139336 473220
432046 740970 432046 740970 139336 482255 139336 482255
432046 781871 432046 781871 167918 452998 167918 452998
452249 802550 452249 802550 188121 432319 188121 432319
480831 831807 480831 831807 216703 461576 216703 461576
480831 860717 480831 860717 236906 482255 236906 482255
480831 881743 480831 881743 236906 503281 236906 503281
509741 881743 509741 881743 236906 532191 236906 532191
529616 881743 529616 881743 236906 552066 236906 552066
529616 851682 529616 851682 236906 582127 236906 582127
529616 831807 529616 831807 223017 596344 223017 596344
529616 781871 529616 781871 188121 632063 188121 632063
529616 781871 529616 781871 188121 632063 188121 632063
529617 781871 529617 781871 188120 632062 188120 632062
529616 701871 529616 701871 116905 595615 116905 595615
529616 681999 529616 681999 99215 586561 99215 586561
539349 681999 539349 681999 90551 582127 90551 582127
578401 681999 578401 681999 73411 617217 73411 617217
627186 731935 627186 731935 42770 679944 42770 679944
625588 733571 625588 733571 41766 681999 41766 681999
625587 733572 625587 733572 41767 681999 41767 681999
578401 781871 578401 781871 109290 681999 109290 681999
578401 811917 578401 811917 139336 681999 139336 681999
578401 831807 578401 831807 139336 701889 139336 701889
578401 861853 578401 861853 139336 731935 139336 731935
578401 881743 578401 881743 125437 746162 125437 746162
627186 881743 627186 881743 91345 781058 91345 781058
627186 880607 627186 880607 90551 781871 90551 781871
627186 831807 627186 831807 90551 830671 90551 830671
628261 832174 628261 832174 90551 831807 90551 831807
694332 854717 694332 854717 139336 781871 139336 781871
740504 870471 740504 870471 188121 781871 188121 781871
773541 881743 773541 881743 223028 781871 223028 781871
763843 871816 763843 871816 236906 781871 236906 781871
724756 831807 724756 831807 275993 821880 275993 821880
724756 817929 724756 817929 285691 831807 285691 831807
724756 781871 724756 781871 285691 867865 285691 867865
715058 771944 715058 771944 285691 881743 285691 881743
715057 771944 715057 771944 285692 881743 285692 881743
675971 731935 675971 731935 341624 881743 341624 881743
675971 690298 675971 690298 383261 881743 383261 881743
675971 681999 675971 681999 383261 873444 383261 873444
713035 663030 713035 663030 383261 831807 383261 831807
757488 640279 757488 640279 383261 781871 383261 781871
773541 632063 773541 632063 365227 781871 365227 781871
760044 604432 760044 604432 334476 781871 334476 781871
738126 559563 738126 559563 334476 731935 334476 731935
724756 532191 724756 532191 313188 710145 313188 710145
724756 492843 724756 492843 285691 681999 285691 681999
724756 492842 724756 492842 285692 681999 285692 681999
724756 482255 724756 482255 285692 671412 285692 671412
675971 532191 675971 532191 285691 601601 285691 601601
662362 518261 662362 518261 285691 582127 285691 582127
627186 482255 627186 482255 320867 546121 320867 546121
607712 482255 607712 482255 334476 532191 334476 532191
578401 482255 578401 482255 363787 532191 363787 532191
578402 482255 578402 482255 363788 532191 363788 532191
578402 501728 578402 501728 383261 532191 383261 532191
578401 551664 578401 551664 383261 582127 383261 582127
578401 582127 578401 582127 404549 603917 404549 603917
578402 582127 578402 582127 404550 603918 404550 603918
539055 582127 539055 582127 432046 632063 432046 632063
480831 582127 480831 582127 457601 684379 457601 684379
443845 544269 443845 544269 480831 731935 480831 731935
443844 544268 443844 544268 480832 731935 480832 731935
432046 532191 432046 532191 480832 715051 480832 715051
383261 482255 383261 482255 480831 645240 480831 645240
371531 488259 371531 488259 480831 632063 480831 632063
328103 510485 328103 510485 529616 632063 529616 632063
285691 532191 285691 532191 529616 584419 529616 584419
283650 531147 283650 531147 529616 582127 529616 582127
212435 494699 212435 494699 600831 545679 600831 545679
188121 482255 188121 482255 625145 533235 625145 533235
186519 483895 186519 483895 627186 532191 627186 532191
152427 518791 152427 518791 578401 532191 578401 532191
139336 532191 139336 532191 565310 518791 565310 518791
175030 568727 175030 568727 529616 482255 529616 482255
188121 582127 188121 582127 510882 482255 510882 482255
209121 603623 209121 603623 480831 482255 480831 482255
236906 632063 236906 632063 453046 453815 453046 453815
215906 653559 215906 653559 432046 432319 432046 432319
188121 681999 188121 681999 432046 392559 432046 392559
188121 692175 188121 692175 432046 382383 432046 382383
188121 731935 188121 731935 392286 382383 392286 382383
188122 731935 188122 731935 392285 382383 392285 382383
179098 731935 179098 731935 383261 382383 383261 382383
130313 731935 130313 731935 334476 382383 334476 382383
90551 731935 90551 731935 334476 422145 334476 422145
83441 739213 83441 739213 334476 432319 334476 432319
49349 774109 49349 774109 285691 432319 285691 432319
41766 781871 41766 781871 288266 421777 288266 421777
41766 731935 41766 731935 300114 373267 300114 373267
90551 681999 90551 681999 316677 305449 316677 305449
90551 632063 90551 632063 328525 256939 328525 256939
73024 614123 73024 614123 334476 232575 334476 232575
41766 582127 41766 582127 334476 187844 334476 187844
41766 576922 41766 576922 334476 182639 334476 182639
41766 532191 41766 532191 314843 142447 314843 142447
41766 482255 41766 482255 292926 97578 292926 97578
41767 482255 41767 482255 292925 97577 292925 97577
41767 465772 41767 465772 285691 82767 285691 82767
41767 416987 41767 416987 334476 82767 334476 82767
41766 336987 41766 336987 378136 149803 378136 149803
41766 332447 41766 332447 380614 153607 380614 153607
41766 282511 41766 282511 407867 195451 407867 195451
81205 262326 81205 262326 432046 232575 432046 232575
139336 232575 139336 232575 477680 279286 477680 279286
142487 229350 142487 229350 480831 282511 480831 282511
188121 182639 188121 182639 526465 329222 526465 329222
188121 178130 188121 178130 529616 332447 529616 332447
188121 178129 188121 178129 529617 332447 529617 332447
188121 132703 188121 132703 529617 377873 529617 377873
139336 132703 139336 132703 529616 426658 529616 426658
133675 132703 133675 132703 529616 432319 529616 432319
90551 132703 90551 132703 568005 412672 568005 412672
90551 82767 90551 82767 612457 389921 612457 389921
107097 82767 107097 82767 627186 382383 627186 382383
139336 82767 139336 82767 627186 350144 627186 350144
139337 82767 139337 82767 627186 350143 627186 350143
157033 82767 157033 82767 627186 332447 627186 332447
205818 82767 205818 82767 675971 332447 675971 332447
236906 82767 236906 82767 675971 301359 675971 301359
236906 101615 236906 101615 675971 282511 675971 282511
236906 132703 236906 132703 644883 282511 644883 282511
236906 150400 236906 150400 627186 282511 627186 282511
236906 182639 236906 182639 627186 250272 627186 250272
249273 195298 249273 195298 627186 232575 627186 232575
284169 231017 284169 231017 627186 182639 627186 182639
285691 232575 285691 232575 625664 184197 625664 184197
285691 282511 285691 282511 590768 219916 590768 219916
267994 282511 267994 282511 578401 232575 578401 232575
236906 282511 236906 282511 547313 232575 547313 232575
244673 298412 244673 298412 529616 232575 529616 232575
275314 361140 275314 361140 480831 182639 480831 182639
275315 361140 275315 361140 480832 182639 480832 182639
285691 382383 285691 382383 480832 158998 480832 158998
319149 313887 319149 313887 480831 82767 480831 82767
334476 282511 334476 282511 515751 82767 515751 82767
340562 270053 340562 270053 529616 82767 529616 82767
361974 226218 361974 226218 578401 82767 578401 82767
383261 182639 383261 182639 626901 82767 626901 82767
383386 182383 383386 182383 627186 82767 627186 82767
404798 138548 404798 138548 675971 82767 675971 82767
426211 94713 426211 94713 724756 82767 724756 82767
426211 94712 426211 94712 724757 82767 724757 82767
432046 82767 432046 82767 724757 96061 724757 96061
480831 132703 480831 132703 724756 165872 724756 165872
497598 132703 497598 132703 724756 182639 724756 182639
529616 132703 529616 132703 756774 182639 756774 182639
546383 132703 546383 132703 773541 182639 773541 182639
578401 132703 578401 132703 773541 214657 773541 214657
565880 145519 565880 145519 773541 232575 773541 232575
529616 182639 529616 182639 737277 269695 737277 269695
537480 198739 537480 198739 724756 282511 724756 282511
537481 198739 537481 198739 724757 282511 724757 282511
572593 270622 572593 270622 804757 282511 804757 282511
578401 282511 578401 282511 817989 282511 817989 282511
574064 282511 574064 282511 822326 282511 822326 282511
529616 282511 529616 282511 822326 326959 822326 326959
525781 286437 525781 286437 822326 332447 822326 332447
525780 286437 525780 286437 822327 332447 822327 332447
480831 332447 480831 332447 822326 396769 822326 396769
480831 367997 480831 367997 822326 432319 822326 432319
480831 382383 480831 382383 807940 432319 807940 432319
515230 382383 515230 382383 773541 432319 773541 432319
529616 382383 529616 382383 773541 446705 773541 446705
554459 356954 554459 356954 773541 482255 773541 482255
578401 332447 578401 332447 807802 482255 807802 482255
584776 345497 584776 345497 822326 482255 822326 482255
584776 345498 584776 345498 822327 482255 822327 482255
619889 417381 619889 417381 822326 562255 822326 562255
627186 432319 627186 432319 822326 578880 822326 578880
675971 432319 675971 432319 822326 627665 822326 627665
680369 432319 680369 432319 822326 632063 822326 632063
724756 432319 724756 432319 822326 676450 822326 676450
729696 429791 729696 429791 822326 681999 822326 681999
773123 407565 773123 407565 773541 681999 773541 681999
822326 382383 822326 382383 734916 642463 734916 642463
807787 382383 807787 382383 724756 632063 724756 632063
773541 382383 773541 382383 694270 647665 694270 647665
724756 382383 724756 382383 650843 669892 650843 669892
724756 355808 724756 355808 627186 681999 627186 681999
724756 332447 724756 332447 637439 702990 637439 702990
773541 282511 773541 282511 668080 765717 668080 765717
760978 269651 760978 269651 675971 781871 675971 781871
726082 233932 726082 233932 675971 831807 675971 831807
726081 233931 726081 233931 675972 831807 675972 831807
724756 232575 724756 232575 677297 830451 677297 830451
675971 232575 675971 232575 711388 795555 711388 795555
640858 160693 640858 160693 767293 738330 767293 738330
636934 152659 636934 152659 773541 731935 773541 731935
627186 132703 627186 132703 789062 747822 789062 747822
674787 132703 674787 132703 822326 781871 822326 781871
674788 132703 674788 132703 822327 781871 822327 781871
675971 132703 675971 132703 822327 783054 822327 783054
675972 132703 675972 132703 822327 783055 822327 783055
755972 132703 755972 132703 822326 863055 822326 863055
773541 132703 773541 132703 822326 880624 822326 880624
773541 131584 773541 131584 822326 881743 822326 881743
773541 82767 773541 82767 822326 881743 822326 881743
822326 82767 822326 82767 822326 881743 822326 881743
