806378 290676 806378 290676 276349 220966 276349 220966
825704 353498 825704 353498 278296 286665 278296 286665
837954 393317 837954 393317 274762 328175 274762 328175
845185 416822 845185 416822 250552 332497 250552 332497
858302 459461 858302 459461 213460 307712 213460 307712
862784 474030 862784 474030 206298 321167 206298 321167
834925 460563 834925 460563 191758 348482 191758 348482
829240 456743 829240 456743 188540 354528 188540 354528
784212 426482 784212 426482 234902 382702 234902 382702
748551 402517 748551 402517 276957 373902 276957 373902
734635 393166 734635 393166 293285 370096 293285 370096
720030 383350 720030 383350 295905 387497 295905 387497
686093 360544 686093 360544 297880 428337 297880 428337
684032 363395 684032 363395 298050 431851 298050 431851
670840 381637 670840 381637 279422 419209 279422 419209
652988 406323 652988 406323 256689 439489 256689 439489
666874 419979 666874 419979 242155 452454 242155 452454
657539 428917 657539 428917 232511 461057 232511 461057
637112 448473 637112 448473 220083 486459 220083 486459
626998 438915 626998 438915 213968 498959 213968 498959
633516 401708 633516 401708 197368 532889 197368 532889
575724 383136 575724 383136 170691 587416 170691 587416
567391 380458 567391 380458 176125 580554 176125 580554
534568 383457 534568 383457 196588 554716 196588 554716
563118 333415 563118 333415 232356 509550 232356 509550
505548 328935 505548 328935 268205 464282 268205 464282
486266 327435 486266 327435 287115 460226 287115 460226
474039 333275 474039 333275 300364 457384 300364 457384
461785 339129 461785 339129 306261 469617 306261 469617
444589 347343 444589 347343 322636 459867 322636 459867
419027 359055 419027 359055 346795 445482 346795 445482
381762 376129 381762 376129 338788 405282 338788 405282
381228 376374 381228 376374 338588 404729 338588 404729
424270 386246 424270 386246 323587 363196 323587 363196
451510 392493 451510 392493 348941 351439 348941 351439
459718 394376 459718 394376 352751 343929 352751 343929
455978 403571 455978 403571 357241 335076 357241 335076
449100 420477 449100 420477 362248 317524 362248 317524
427770 436800 427770 436800 369615 291696 369615 291696
424212 439523 424212 439523 372124 295409 372124 295409
427467 457657 427467 457657 382438 310675 382438 310675
443635 443640 443635 443640 394418 328405 394418 328405
449162 441787 449162 441787 397682 333235 397682 333235
468619 435266 468619 435266 413379 320017 413379 320017
482458 430627 482458 430627 421655 332039 421655 332039
489779 433279 489779 433279 426070 338453 426070 338453
499665 425852 499665 425852 433081 348639 433081 348639
511655 409403 511655 409403 444622 365405 444622 365405
517394 401530 517394 401530 441636 374679 441636 374679
523453 417879 523453 417879 436293 391276 436293 391276
512113 439576 512113 439576 428791 414580 428791 414580
512995 440468 512995 440468 428407 415774 428407 415774
525758 453382 525758 453382 432402 433486 432402 433486
540721 468520 540721 468520 422211 452173 422211 452173
555976 483954 555976 483954 407663 436071 407663 436071
556158 484138 556158 484138 407423 436167 407423 436167
576273 481199 576273 481199 388542 443700 388542 443700
585747 479814 585747 479814 384578 452416 384578 452416
598657 477928 598657 477928 396482 457756 396482 457756
600776 477618 600776 477618 394626 458824 394626 458824
619044 517318 619044 517318 356747 480619 356747 480619
625274 530856 625274 530856 359986 495165 359986 495165
616457 529091 616457 529091 361941 503942 361941 503942
616130 529026 616130 529026 362025 504265 362025 504265
597770 530718 597770 530718 366664 522110 366664 522110
577507 532585 577507 532585 384348 512044 384348 512044
578743 539220 578743 539220 390214 508705 390214 508705
586261 579580 586261 579580 404196 470105 404196 470105
586873 582865 586873 582865 406340 472668 406340 472668
588544 591838 588544 591838 415450 473223 415450 473223
576607 614442 576607 614442 440965 474776 440965 474776
572108 622961 572108 622961 449685 478871 449685 478871
565072 636285 565072 636285 453438 493464 453438 493464
574557 657884 574557 657884 459314 516310 459314 516310
587540 687449 587540 687449 488925 503432 488925 503432
594739 703843 594739 703843 506720 501442 506720 501442
595206 704907 595206 704907 505992 500537 505992 500537
619598 703223 619598 703223 490666 481487 490666 481487
630623 701212 630623 701212 483641 472755 483641 472755
651522 697400 651522 697400 502727 463426 502727 463426
657248 696356 657248 696356 506794 467590 506794 467590
663224 695266 663224 695266 505893 461583 505893 461583
671793 694952 671793 694952 504622 453103 504622 453103
688980 694322 688980 694322 507164 436093 507164 436093
690110 689389 690110 689389 507912 431088 507912 431088
699347 649065 699347 649065 545280 448835 545280 448835
666556 624268 666556 624268 582416 466472 582416 466472
688189 621952 688189 621952 602069 475806 602069 475806
689250 617887 689250 617887 605864 477608 605864 477608
694739 596847 694739 596847 607659 455938 607659 455938
711770 602655 711770 602655 609144 438005 609144 438005
715303 603860 715303 603860 609268 434274 609268 434274
760272 613038 760272 613038 610795 388404 610795 388404
815608 631795 815608 631795 612739 330007 612739 330007
796455 664334 796455 664334 613995 292271 613995 292271
783544 658333 783544 658333 614469 278041 614469 278041
778338 674049 778338 674049 615020 261495 615020 261495
749325 680120 749325 680120 616006 231870 616006 231870
740341 682000 740341 682000 606969 230263 606969 230263
746265 694698 746265 694698 593173 227811 593173 227811
761040 703100 761040 703100 576439 224836 576439 224836
761687 707853 761687 707853 571716 223996 571716 223996
769635 766194 769635 766194 588901 167680 588901 167680
771407 766797 771407 766797 589447 165889 589447 165889
777406 768838 777406 768838 595083 168785 595083 168785
741980 788013 741980 788013 630913 187193 630913 187193
740856 819754 740856 819754 659164 201708 659164 201708
714791 823266 714791 823266 682557 213727 682557 213727
712803 827586 712803 827586 686787 215900 686787 215900
699521 856457 699521 856457 704089 242557 704089 242557
687483 834220 687483 834220 717856 263767 717856 263767
648067 840808 648067 840808 739613 297288 739613 297288
615869 846190 615869 846190 769333 310794 769333 310794
608716 839104 608716 839104 778499 314960 778499 314960
606973 837377 606973 837377 776164 315713 776164 315713
620641 820259 620641 820259 755315 322435 755315 322435
649321 797850 649321 797850 720675 333605 720675 333605
663195 787009 663195 787009 714651 350149 714651 350149
678291 791629 678291 791629 709249 364984 709249 364984
691577 795694 691577 795694 720019 373762 720019 373762
678338 768813 678338 768813 743246 392692 743246 392692
675844 763750 675844 763750 748889 392617 748889 392617
690398 754374 690398 754374 766200 392387 766200 392387
676263 743626 676263 743626 783956 392152 783956 392152
671315 750342 671315 750342 792297 392041 792297 392041
666126 757384 666126 757384 790257 400547 790257 400547
650043 760347 650043 760347 786444 416450 786444 416450
649378 769444 649378 769444 784318 425320 784318 425320
629873 765312 629873 765312 779669 444709 779669 444709
644079 744822 644079 744822 773856 468954 773856 468954
645520 742743 645520 742743 771634 467744 771634 467744
631805 735441 631805 735441 757990 460310 757990 460310
628699 738241 628699 738241 754318 458310 754318 458310
615196 750417 615196 750417 736336 461004 736336 461004
603053 743151 603053 743151 722342 463101 722342 463101
598385 740357 598385 740357 716943 462429 716943 462429
578367 736826 578367 736826 696772 459919 696772 459919
569194 738457 569194 738457 687526 458768 687526 458768
562756 735103 562756 735103 680323 457872 680323 457872
533349 719784 533349 719784 669809 489319 669809 489319
500985 765223 500985 765223 652119 542227 652119 542227
512191 778556 512191 778556 646596 558745 646596 558745
518986 786640 518986 786640 637055 563271 637055 563271
516690 795205 516690 795205 629044 567072 629044 567072
508776 824732 508776 824732 659528 569361 659528 569361
496686 869836 496686 869836 699311 544911 699311 544911
493196 843889 493196 843889 721616 531203 721616 531203
492849 841313 492849 841313 723240 533233 723240 533233
487272 799852 487272 799852 743899 569610 743899 569610
462571 784156 462571 784156 758352 595059 758352 595059
435770 767125 435770 767125 780310 617998 780310 617998
417453 755485 417453 755485 777036 639452 777036 639452
441300 692701 441300 692701 766904 705844 766904 705844
437388 693153 437388 693153 766310 709737 766310 709737
408413 696500 408413 696500 749562 685858 749562 685858
403236 682471 403236 682471 740975 673615 740975 673615
401315 677267 401315 677267 735736 675439 735736 675439
406003 664453 406003 664453 722851 679927 722851 679927
408889 656566 408889 656566 717351 686275 717351 686275
407392 640553 407392 640553 706820 698430 706820 698430
405527 620591 405527 620591 704902 678473 704902 678473
400852 616354 400852 616354 704298 672193 704298 672193
378818 596388 378818 596388 677138 660091 677138 660091
353904 573811 353904 573811 644655 651414 644655 651414
347379 567898 347379 567898 635880 650672 635880 650672
343420 636140 343420 636140 567766 644916 567766 644916
342300 655450 342300 655450 565963 664174 565963 664174
317113 664731 317113 664731 563460 690899 563460 690899
289071 675064 289071 675064 534591 698629 534591 698629
320866 696011 320866 696011 497812 708477 497812 708477
329033 701392 329033 701392 497143 718234 497143 718234
343984 690044 343984 690044 495859 736960 495859 736960
367120 691417 367120 691417 494274 760083 494274 760083
375987 703813 375987 703813 493232 775288 493232 775288
379263 708394 379263 708394 497745 771919 497745 771919
359760 716693 359760 716693 514728 759238 514728 759238
353110 722383 353110 722383 521741 754001 521741 754001
341195 732578 341195 732578 537408 753340 537408 753340
353839 751505 353839 751505 560150 752382 560150 752382
364048 751052 364048 751052 570360 751951 570360 751951
381455 750279 381455 750279 585157 761150 585157 761150
379425 759705 379425 759705 593346 766241 593346 766241
375093 779825 375093 779825 604249 783697 604249 783697
359237 779743 359237 779743 612649 797145 612649 797145
349524 779692 349524 779692 613844 787505 613844 787505
339786 779642 339786 779642 617137 778341 617137 778341
329990 828937 329990 828937 634132 731043 634132 731043
326528 846357 326528 846357 628253 714283 628253 714283
326528 846357 326528 846357 622552 698033 622552 698033
326528 846357 326528 846357 655910 703137 655910 703137
326528 846357 326528 846357 675144 710043 675144 710043
326528 846357 326528 846357 661973 726178 661973 726178
326528 846357 326528 846357 664050 735086 664050 735086
326528 846357 326528 846357 668301 753732 668301 753732
326528 846357 326528 846357 656719 748574 656719 748574
326528 846357 326528 846357 655040 753958 655040 753958
326528 846357 326528 846357 657293 767064 657293 767064
326528 846357 326528 846357 677455 784403 677455 784403
326528 846357 326528 846357 715233 762318 715233 762318
