864701 675556 864701 675556 181538 346404 181538 346404
839788 679680 839788 679680 205234 355131 205234 355131
818929 683133 818929 683133 220716 369530 220716 369530
813314 684063 813314 684063 217709 374362 217709 374362
787098 688403 787098 688403 196628 390539 196628 390539
769194 691367 769194 691367 206780 405582 206780 405582
766343 668216 766343 668216 219829 424916 219829 424916
785010 635282 785010 635282 241006 456295 241006 456295
788099 629833 788099 629833 247200 455363 247200 455363
778391 621348 778391 621348 259950 453445 259950 453445
724989 618554 724989 618554 312831 445492 312831 445492
721964 628270 721964 628270 322893 443978 322893 443978
712808 657684 712808 657684 312859 473105 312859 473105
711540 661756 711540 661756 310888 476887 310888 476887
700170 703638 700170 703638 290829 515370 290829 515370
707139 750334 707139 750334 269006 557238 269006 557238
712824 788428 712824 788428 293192 587213 293192 587213
684681 793481 684681 793481 311147 609465 311147 609465
634440 802502 634440 802502 260131 611171 260131 611171
608898 807088 608898 807088 235070 604434 235070 604434
584895 776695 584895 776695 197670 594379 197670 594379
569008 763942 569008 763942 177996 589089 177996 589089
579243 803773 579243 803773 138281 578412 138281 578412
575362 813700 575362 813700 127988 575645 127988 575645
566501 836366 566501 836366 147125 590679 147125 590679
562520 801409 562520 801409 174792 612413 174792 612413
544189 793566 544189 793566 190471 624730 190471 624730
534021 800490 534021 800490 200145 632329 200145 632329
532420 798037 532420 798037 202449 634139 202449 634139
522748 783220 522748 783220 191338 647910 191338 647910
523648 781254 523648 781254 189981 649592 189981 649592
527116 773676 527116 773676 187535 657559 187535 657559
510306 761184 510306 761184 181387 677580 181387 677580
496966 766565 496966 766565 177165 691331 177165 691331
478850 773872 478850 773872 192287 703696 192287 703696
467951 796350 467951 796350 211627 719509 211627 719509
465203 802017 465203 802017 206849 723611 206849 723611
424426 813452 424426 813452 174715 751196 174715 751196
352394 833653 352394 833653 244686 777668 244686 777668
318314 843211 318314 843211 278765 787230 278765 787230
271352 856381 271352 856381 288980 739538 288980 739538
254763 843050 254763 843050 293437 718728 293437 718728
195967 795801 195967 795801 368421 726902 368421 726902
225577 757803 225577 757803 416310 732122 416310 732122
290591 711185 290591 711185 495839 740791 495839 740791
327677 684593 327677 684593 541205 745736 541205 745736
387541 641668 387541 641668 533644 672462 533644 672462
394482 640906 394482 640906 532928 665516 532928 665516
400179 624524 400179 624524 531147 648263 531147 648263
385161 618442 385161 618442 529484 632146 529484 632146
386861 611593 386861 611593 528760 625127 528760 625127
387955 607184 387955 607184 533295 625397 533295 625397
348954 595202 348954 595202 574023 627821 574023 627821
335941 587809 335941 587809 588963 628710 588963 628710
320385 578972 320385 578972 587595 610872 587595 610872
306967 520652 306967 520652 583017 551203 583017 551203
305696 515128 305696 515128 588584 550138 588584 550138
377172 548775 377172 548775 666176 535292 666176 535292
402352 560628 402352 560628 693941 533385 693941 533385
410820 564614 410820 564614 687606 526495 687606 526495
419504 575448 419504 575448 678208 516275 678208 516275
422744 579490 422744 579490 681780 512523 681780 512523
442262 569847 442262 569847 696789 496754 696789 496754
445802 567237 445802 567237 699822 493568 699822 493568
501996 525802 501996 525802 654958 440072 654958 440072
534496 509817 534496 509817 631685 412321 631685 412321
548332 503013 548332 503013 633416 427642 633416 427642
556641 498926 556641 498926 628632 435570 628632 435570
551586 550632 551586 550632 601791 480052 601791 480052
548758 579554 548758 579554 577371 464300 577371 464300
537598 584983 537598 584983 566942 457572 566942 457572
534954 586541 534954 586541 564363 455909 564363 455909
495905 609550 495905 609550 525351 478981 525351 478981
511290 635857 511290 635857 499120 494495 499120 494495
504803 651297 504803 651297 484705 503020 484705 503020
480173 642305 480173 642305 462136 516368 462136 516368
481174 646239 481174 646239 458642 518434 458642 518434
487652 671711 487652 671711 436790 503830 436790 503830
469941 683435 469941 683435 419131 492028 419131 492028
448512 688633 448512 688633 400798 479776 400798 479776
440714 687139 440714 687139 394197 475364 394197 475364
406991 680678 406991 680678 378510 444820 378510 444820
415155 685218 415155 685218 374242 436511 374242 436511
419527 687650 419527 687650 370432 433268 370432 433268
426412 691480 426412 691480 371539 425468 371539 425468
430674 693850 430674 693850 370617 420679 370617 420679
443291 698714 443291 698714 368061 407401 368061 407401
451137 701738 451137 701738 372163 400060 372163 400060
473807 710477 473807 710477 350424 389210 350424 389210
476294 711436 476294 711436 347788 389603 347788 389603
476697 711680 476697 711680 347322 389672 347322 389672
490299 719892 490299 719892 335941 378585 335941 378585
493133 721604 493133 721604 332815 379675 332815 379675
508771 731046 508771 731046 315649 385921 315649 385921
514774 734670 514774 734670 310969 391144 310969 391144
529682 743672 529682 743672 312719 373817 312719 373817
535726 753341 535726 753341 313864 362472 313864 362472
538192 752841 538192 752841 314117 359969 314117 359969
547706 750910 547706 750910 304976 356700 304976 356700
552443 749949 552443 749949 307976 352910 307976 352910
552003 742034 552003 742034 312897 346695 312897 346695
550319 711766 550319 711766 336429 327585 336429 327585
549837 703095 549837 703095 341757 320726 341757 320726
566161 675067 566161 675067 361654 295111 361654 295111
556027 645090 556027 645090 381065 270121 381065 270121
555284 642892 555284 642892 381281 272432 381281 272432
606590 627542 606590 627542 386271 325752 386271 325752
631478 620096 631478 620096 407556 340645 407556 340645
631355 613247 631355 613247 413168 344572 413168 344572
631188 603930 631188 603930 408314 352527 408314 352527
630984 592558 630984 592558 398205 357739 398205 357739
629799 588356 629799 588356 394324 359739 394324 359739
625934 574655 625934 574655 381399 365706 381399 365706
624234 568626 624234 568626 386819 368847 386819 368847
621840 560140 621840 560140 390482 376867 390482 376867
617925 546259 617925 546259 398979 388521 398979 388521
615904 539092 615904 539092 396919 395677 396919 395677
612872 528343 612872 528343 403978 404331 403978 404331
629962 521699 629962 521699 415567 418540 415567 418540
662018 509236 662018 509236 449525 423998 449525 423998
661371 494330 661371 494330 464256 426365 464256 426365
659366 448178 659366 448178 434466 391058 434466 391058
658893 437283 658893 437283 423779 393230 423779 393230
658802 435192 658802 435192 424637 391321 424637 391321
638385 436071 638385 436071 433011 372680 433011 372680
624870 436652 624870 436652 446097 369251 446097 369251
607258 437411 607258 437411 459951 358350 459951 358350
601648 437652 601648 437652 456127 354239 456127 354239
602351 435021 602351 435021 454272 352245 454272 352245
605671 422601 605671 422601 458536 340116 458536 340116
605987 419990 605987 419990 459408 337635 459408 337635
610010 386704 610010 386704 431181 319541 431181 319541
619275 376849 619275 376849 419794 312241 419794 312241
619538 376569 619538 376569 420178 312245 420178 312245
612390 375030 612390 375030 427490 312317 427490 312317
601680 372725 601680 372725 438197 309998 438197 309998
591180 370465 591180 370465 445342 301980 445342 301980
570321 365975 570321 365975 458380 285089 458380 285089
567537 387192 567537 387192 471455 268150 471455 268150
564539 410049 564539 410049 467606 290879 467606 290879
563274 419687 563274 419687 472861 299057 472861 299057
538024 410761 538024 410761 487337 321589 487337 321589
517628 403551 517628 403551 492348 342634 492348 342634
518703 405529 518703 405529 492869 344823 492869 344823
523920 415130 523920 415130 498982 353881 498982 353881
528894 431043 528894 431043 508309 367700 508309 367700
536312 454778 536312 454778 532964 364460 532964 364460
538475 461697 538475 461697 530901 357510 530901 357510
531138 464802 531138 464802 528633 349873 528633 349873
522830 468318 522830 468318 520999 345066 520999 345066
513621 475453 513621 475453 511141 338858 511141 338858
514259 470745 514259 470745 507121 336327 507121 336327
515753 459723 515753 459723 511524 326112 511524 326112
502307 463152 502307 463152 517016 313369 517016 313369
495258 465742 495258 465742 519989 306473 519989 306473
483621 470018 483621 470018 515495 294918 515495 294918
478441 471921 478441 471921 520982 295506 520982 295506
463195 459636 463195 459636 540450 297591 540450 297591
442735 443149 442735 443149 566372 301891 566372 301891
443343 438792 443343 438792 570712 302611 570712 302611
446192 418372 446192 418372 581423 320228 581423 320228
447167 411388 447167 411388 576519 325296 576519 325296
445860 409698 445860 409698 575034 326831 575034 326831
437567 398973 437567 398973 582476 338163 582476 338163
414685 369382 414685 369382 614223 318381 614223 318381
404753 356538 404753 356538 629373 324221 629373 324221
408397 309843 408397 309843 673075 341068 673075 341068
409435 296544 409435 296544 683294 332494 683294 332494
419946 266586 419946 266586 707617 312089 707617 312089
406522 270591 406522 270591 718349 303085 718349 303085
394818 274083 394818 274083 729477 298051 729477 298051
378536 276954 378536 276954 744541 291237 744541 291237
368585 278709 368585 278709 740304 300410 740304 300410
334327 284750 334327 284750 717408 326600 717408 326600
330585 311565 330585 311565 699588 346983 699588 346983
329682 312108 329682 312108 698895 347776 698895 347776
325962 314344 325962 314344 697503 351887 697503 351887
286542 338038 286542 338038 712392 395404 712392 395404
272845 346271 272845 346271 728334 396516 728334 396516
302696 287242 302696 287242 794321 401119 794321 401119
310232 272340 310232 272340 810072 395572 810072 395572
317255 258454 317255 258454 812496 410943 812496 410943
321509 228367 321509 228367 817228 440959 817228 440959
329628 231910 329628 231910 818608 449709 818608 449709
351970 185973 351970 185973 826564 500168 826564 500168
362001 184590 362001 184590 828141 510170 828141 510170
369310 188109 369310 188109 829405 518183 829405 518183
385569 188008 385569 188008 831937 534244 831937 534244
397690 187932 397690 187932 820642 538641 820642 538641
416046 187818 416046 187818 828167 555384 828167 555384
428066 141636 428066 141636 847730 598911 847730 598911
393788 142416 393788 142416 861786 630184 861786 630184
351294 133946 351294 133946 879549 669706 879549 669706
344117 132516 344117 132516 879549 669706 879549 669706
314483 100920 314483 100920 879549 669706 879549 669706
281303 92641 281303 92641 879549 669706 879549 669706
308977 167702 308977 167702 879549 669706 879549 669706
311310 174029 311310 174029 879549 669706 879549 669706
282248 187833 282248 187833 879549 669706 879549 669706
254596 170079 254596 170079 879549 669706 879549 669706
220235 149236 220235 149236 879549 669706 879549 669706
