633672 145064 633672 145064 223367 313063 223367 313063
616968 165204 616968 165204 247525 303012 247525 303012
606046 178372 606046 178372 260914 313663 260914 313663
588936 199001 588936 199001 255390 287437 255390 287437
578295 211830 578295 211830 270598 294256 270598 294256
576639 213827 576639 213827 273180 294513 273180 294513
599709 228225 599709 228225 300240 297208 300240 297208
610290 234828 610290 234828 310046 289501 310046 289501
642144 235004 642144 235004 335090 269816 335090 269816
656883 235086 656883 235086 336865 255184 336865 255184
662300 231822 662300 231822 337626 248905 337626 248905
722805 195373 722805 195373 408173 245364 408173 245364
727585 206614 727585 206614 420372 244752 420372 244752
741186 238597 741186 238597 401721 274079 401721 274079
745309 248294 745309 248294 391400 276203 391400 276203
784599 273935 784599 273935 345447 285661 345447 285661
818954 296356 818954 296356 327159 322383 327159 322383
756904 325874 756904 325874 296527 383891 296527 383891
748518 329863 748518 329863 293681 392730 293681 392730
739929 339344 739929 339344 289760 404908 289760 404908
739526 333934 739526 333934 288097 410071 288097 410071
703860 303326 703860 303326 273691 454808 273691 454808
664797 291329 664797 291329 261166 493705 261166 493705
634501 282024 634501 282024 252046 524057 252046 524057
624818 279948 624818 279948 249196 533541 249196 533541
615862 278028 615862 278028 240811 537228 240811 537228
611473 277990 611473 277990 236793 538995 236793 538995
587083 277782 587083 277782 212527 536530 212527 536530
581760 278297 581760 278297 207207 535989 207207 535989
549219 281445 549219 281445 193845 565827 193845 565827
522766 284005 522766 284005 220392 567083 220392 567083
504071 285813 504071 285813 212953 584329 212953 584329
494111 286777 494111 286777 222377 580964 222377 580964
465795 289516 465795 289516 249341 590034 249341 590034
435990 292400 435990 292400 261878 562841 261878 562841
434443 302257 434443 302257 266056 553780 266056 553780
433796 306382 433796 306382 265861 549609 265861 549609
429467 333973 429467 333973 285503 569462 285503 569462
427993 343367 427993 343367 294942 568310 294942 568310
424511 343752 424511 343752 298420 567886 298420 567886
371016 349660 371016 349660 350500 554312 350500 554312
360700 350799 360700 350799 358468 547661 358468 547661
369652 336446 369652 336446 371454 536821 371454 536821
376048 326191 376048 326191 367797 525301 367797 525301
379295 320985 379295 320985 362997 521480 362997 521480
381103 318086 381103 318086 365293 518950 365293 518950
395155 295556 395155 295556 344030 503046 344030 503046
395619 294813 395619 294813 343185 502813 343185 502813
398213 272520 398213 272520 321552 496836 321552 496836
398727 268102 398727 268102 322761 492556 322761 492556
399871 258272 399871 258272 332631 491842 332631 491842
393559 241014 393559 241014 350960 490515 350960 490515
391819 236258 391819 236258 355105 493423 355105 493423
388235 226460 388235 226460 363426 487129 363426 487129
384346 215826 384346 215826 374488 484714 374488 484714
387768 197355 387768 197355 392841 480707 392841 480707
390755 181229 390755 181229 400853 466396 400853 466396
395986 152991 395986 152991 403089 495027 403089 495027
388815 164604 388815 164604 404152 508634 404152 508634
378559 181216 378559 181216 421813 516955 421813 516955
375191 186670 375191 186670 427756 519358 427756 519358
358293 207837 358293 207837 452866 529510 452866 529510
345767 223527 345767 223527 471095 521098 471095 521098
317245 259254 317245 259254 446444 559598 446444 559598
311763 274785 311763 274785 437563 573469 437563 573469
304470 295443 304470 295443 415724 571746 415724 571746
300493 306711 300493 306711 404829 566837 404829 566837
300367 307067 300367 307067 404473 566712 404473 566712
306242 325572 306242 325572 386154 560281 386154 560281
311254 341356 311254 341356 369882 563362 369882 563362
316603 358206 316603 358206 382397 575848 382397 575848
325426 385995 325426 385995 367315 600800 367315 600800
327258 391765 327258 391765 373213 602166 373213 602166
326486 417376 326486 417376 398175 607946 398175 607946
325517 449551 325517 449551 429279 616234 429279 616234
325200 460041 325200 460041 427925 626642 427925 626642
324341 488546 324341 488546 456286 623659 456286 623659
323753 508074 323753 508074 456142 643195 456142 643195
322662 544269 322662 544269 427947 665918 427947 665918
322202 559545 322202 559545 412886 668511 412886 668511
322074 563784 322074 563784 414401 672472 414401 672472
312247 572158 312247 572158 419014 684531 419014 684531
306997 576631 306997 576631 416047 690758 416047 690758
303567 579554 303567 579554 417351 695071 417351 695071
301859 593512 301859 593512 421419 708532 421419 708532
300450 605026 300450 605026 423543 719936 423543 719936
298281 622752 298281 622752 408584 729690 408584 729690
295401 646289 295401 646289 399580 751627 399580 751627
286618 667697 286618 667697 390794 773033 390794 773033
281893 679215 281893 679215 390924 785482 390924 785482
272633 701786 272633 701786 405902 766224 405902 766224
328320 739607 328320 739607 447228 713086 447228 713086
328460 739407 328460 739407 447378 712893 447378 712893
334214 731179 334214 731179 457161 715148 457161 715148
341771 720372 341771 720372 470335 714549 470335 714549
343389 714529 343389 714529 476392 714274 476392 714274
348215 697107 348215 697107 469524 697552 469524 697552
351813 684116 351813 684116 467000 684310 467000 684310
365691 683140 365691 683140 464396 670644 464396 670644
377011 682345 377011 682345 475736 670213 475736 670213
400504 680693 400504 680693 496059 658312 496059 658312
426542 678863 426542 678863 520746 666788 520746 666788
422898 674359 422898 674359 526226 668670 526226 668670
397143 642523 397143 642523 557597 694989 557597 694989
382453 624364 382453 624364 548399 673520 548399 673520
347813 604258 347813 604258 532625 636704 532625 636704
364096 600022 364096 600022 525999 621239 525999 621239
391272 592952 391272 592952 498291 616682 498291 616682
391403 594809 391403 594809 496454 616380 496454 616380
401354 596363 401354 596363 486516 614745 486516 614745
405831 597063 405831 597063 488942 610917 488942 610917
407800 597370 407800 597370 488895 608925 488895 608925
402518 583069 402518 583069 488535 593684 488535 593684
382424 528660 382424 528660 543146 574145 543146 574145
377500 515327 377500 515327 557095 576872 557095 576872
416755 529664 416755 529664 598109 584892 598109 584892
428537 533967 428537 533967 603993 595970 603993 595970
451589 529246 451589 529246 615032 616750 615032 616750
523911 514436 523911 514436 658057 556761 658057 556761
540761 510985 540761 510985 660657 539759 660657 539759
533301 528160 533301 528160 663487 521249 663487 521249
529032 537987 529032 537987 652786 520705 652786 520705
525224 546754 525224 546754 648638 512094 648638 512094
532776 562248 532776 562248 641159 496565 641159 496565
554731 607289 554731 607289 621842 450331 621842 450331
563163 609567 563163 609567 618474 442272 618474 442272
547893 640518 547893 640518 605169 410427 605169 410427
538030 660511 538030 660511 624714 421151 624714 421151
592910 672273 592910 672273 673920 448150 673920 448150
606768 675243 606768 675243 688091 448301 688091 448301
606024 672850 606024 672850 690597 448328 690597 448328
593691 653770 593691 653770 713315 448570 713315 448570
601536 599415 601536 599415 768230 449156 768230 449156
602252 594455 602252 594455 769440 454019 769440 454019
587667 577175 587667 577175 774897 475963 774897 475963
582235 570740 582235 570740 766558 477141 766558 477141
597181 558291 597181 558291 747298 479863 747298 479863
619472 553809 619472 553809 724785 483045 724785 483045
624134 578978 624134 578978 699440 486627 699440 486627
630235 585880 630235 585880 690318 487916 690318 487916
644828 602389 644828 602389 693412 509731 693412 509731
645183 602791 645183 602791 693531 510254 693531 510254
666325 573568 666325 573568 701539 545423 701539 545423
678690 556477 678690 556477 715984 560796 715984 560796
655588 529541 655588 529541 740284 586657 740284 586657
640918 512437 640918 512437 718244 591347 718244 591347
618095 486017 618095 486017 684096 598613 684096 598613
602418 467870 602418 467870 662334 608688 662334 608688
598866 461397 598866 461397 655634 611790 655634 611790
594588 453599 594588 453599 654011 620536 654011 620536
592370 449557 592370 449557 655670 624837 655670 624837
574170 443352 574170 443352 662590 642778 662590 642778
603122 440789 603122 440789 673049 669896 673049 669896
618526 439425 618526 439425 662965 681620 662965 681620
631423 422536 631423 422536 649109 697731 649109 697731
632549 421062 632549 421062 648778 699556 648778 699556
647644 394913 647644 394913 643395 729266 643395 729266
647202 374033 647202 374033 639672 749816 639672 749816
657374 371564 657374 371564 637806 760116 637806 760116
715123 357547 715123 357547 685122 724163 685122 724163
702840 369757 702840 369757 698912 713685 698912 713685
695616 376939 695616 376939 706098 706465 706098 706465
671119 415430 671119 415430 738284 674128 738284 674128
670767 415983 670767 415983 738055 674742 738055 674742
669992 417759 669992 417759 737379 676558 737379 676558
676791 423956 676791 423956 734168 685179 734168 685179
688318 423421 688318 423421 730140 695993 730140 695993
687910 423905 687910 423905 729919 696586 729919 696586
675252 438932 675252 438932 729919 696586 729919 696586
659939 439721 659939 439721 729919 696586 729919 696586
660101 485541 660101 485541 729919 696586 729919 696586
661988 487900 661988 487900 729919 696586 729919 696586
669224 485489 669224 485489 729919 696586 729919 696586
686209 468099 686209 468099 729919 696586 729919 696586
697746 477604 697746 477604 729919 696586 729919 696586
718156 485695 718156 485695 729919 696586 729919 696586
717850 499655 717850 499655 729919 696586 729919 696586
707125 522066 707125 522066 729919 696586 729919 696586
784773 502811 784773 502811 729919 696586 729919 696586
796567 499886 796567 499886 729919 696586 729919 696586
793275 533792 793275 533792 729919 696586 729919 696586
764117 571340 764117 571340 729919 696586 729919 696586
754772 608561 754772 608561 729919 696586 729919 696586
767773 616365 767773 616365 729919 696586 729919 696586
767682 628843 767682 628843 729919 696586 729919 696586
698225 668539 698225 668539 729919 696586 729919 696586
682930 677281 682930 677281 729919 696586 729919 696586
714375 694588 714375 694588 729919 696586 729919 696586
771603 750490 771603 750490 729919 696586 729919 696586
778864 757583 778864 757583 729919 696586 729919 696586
718142 809668 718142 809668 729919 696586 729919 696586
717117 810548 717117 810548 729919 696586 729919 696586
673886 805705 673886 805705 729919 696586 729919 696586
604891 765211 604891 765211 729919 696586 729919 696586
597384 760805 597384 760805 729919 696586 729919 696586
567430 750786 567430 750786 729919 696586 729919 696586
524066 751567 524066 751567 729919 696586 729919 696586
533379 786396 533379 786396 729919 696586 729919 696586
554611 806726 554611 806726 729919 696586 729919 696586
528241 809146 528241 809146 729919 696586 729919 696586
500299 796861 500299 796861 729919 696586 729919 696586
493247 856057 493247 856057 729919 696586 729919 696586
417259 831040 417259 831040 729919 696586 729919 696586
404973 826995 404973 826995 729919 696586 729919 696586
336422 849535 336422 849535 729919 696586 729919 696586
