50001 860000 50001 860000 50001 905000 50001 905000
50002 860000 50002 860000 50002 905000 50002 905000
130002 860000 130002 860000 50001 825000 50001 825000
140001 860000 140001 860000 50001 815001 50001 815001
140002 860000 140002 860000 50001 815000 50001 815000
140003 860000 140003 860000 50002 815000 50002 815000
220003 860000 220003 860000 50001 735000 50001 735000
230001 860000 230001 860000 50001 725002 50001 725002
230003 860000 230003 860000 50001 725000 50001 725000
310003 860000 310003 860000 130001 725000 130001 725000
320001 860000 320001 860000 139999 725000 139999 725000
320002 860000 320002 860000 140000 725000 140000 725000
320002 859999 320002 859999 140001 725000 140001 725000
320001 779999 320001 779999 83432 668431 83432 668431
320001 770000 320001 770000 76362 661361 76362 661361
282721 770000 282721 770000 50001 635000 50001 635000
230001 770000 230001 770000 102721 635000 102721 635000
230002 770000 230002 770000 102722 635000 102722 635000
230002 732721 230002 732721 140001 635000 140001 635000
230002 732720 230002 732720 140002 635000 140002 635000
230001 680000 230001 680000 140001 582280 140001 582280
192721 680000 192721 680000 140001 545000 140001 545000
140001 680000 140001 680000 87281 545000 87281 545000
140002 680000 140002 680000 87280 545000 87280 545000
140002 717279 140002 717279 50001 545000 50001 545000
140002 717280 140002 717280 50002 545000 50002 545000
140001 770000 140001 770000 50001 492280 50001 492280
102721 770000 102721 770000 50001 455000 50001 455000
50001 770000 50001 770000 102721 455000 102721 455000
50002 770000 50002 770000 102722 455000 102722 455000
50002 732721 50002 732721 140001 455000 140001 455000
50001 680000 50001 680000 192722 455000 192722 455000
50002 680000 50002 680000 192723 455000 192723 455000
50002 642722 50002 642722 230001 455000 230001 455000
50002 642721 50002 642721 230002 455000 230002 455000
50001 590000 50001 590000 230001 507721 230001 507721
87280 590000 87280 590000 230001 545000 230001 545000
140001 590000 140001 590000 282722 545000 282722 545000
140002 590000 140002 590000 282723 545000 282723 545000
140002 552722 140002 552722 320001 545000 320001 545000
140001 500000 140001 500000 372723 545000 372723 545000
102723 500000 102723 500000 410001 545000 410001 545000
50001 500000 50001 500000 462723 545000 462723 545000
50002 500000 50002 500000 462724 545000 462724 545000
50002 462723 50002 462723 500001 545000 500001 545000
50002 462722 50002 462722 500002 545000 500002 545000
50001 410000 50001 410000 500001 597722 500001 597722
87279 410000 87279 410000 500001 635000 500001 635000
140001 410000 140001 410000 447279 635000 447279 635000
177279 410000 177279 410000 410001 635000 410001 635000
230001 410000 230001 410000 357279 635000 357279 635000
267279 410000 267279 410000 320001 635000 320001 635000
320001 410000 320001 410000 267279 635000 267279 635000
320002 410000 320002 410000 267278 635000 267278 635000
320002 372723 320002 372723 230001 635000 230001 635000
320002 372722 320002 372722 230002 635000 230002 635000
320001 320000 320001 320000 230001 687722 230001 687722
282723 320000 282723 320000 230001 725000 230001 725000
282722 320000 282722 320000 230002 725000 230002 725000
230001 320000 230001 320000 230001 777721 230001 777721
192722 320000 192722 320000 230001 815000 230001 815000
140001 320000 140001 320000 177280 815000 177280 815000
102722 320000 102722 320000 140001 815000 140001 815000
102721 320000 102721 320000 140002 815000 140002 815000
50001 320000 50001 320000 140001 867720 140001 867720
50002 320000 50002 320000 140001 867721 140001 867721
50002 282721 50002 282721 140001 905000 140001 905000
50001 230000 50001 230000 192722 905000 192722 905000
50002 230000 50002 230000 192723 905000 192723 905000
50002 192722 50002 192722 230001 905000 230001 905000
50001 140000 50001 140000 282723 905000 282723 905000
50002 140000 50002 140000 282724 905000 282724 905000
50002 102723 50002 102723 320001 905000 320001 905000
50001 50000 50001 50000 372724 905000 372724 905000
87278 50000 87278 50000 410001 905000 410001 905000
140001 50000 140001 50000 462724 905000 462724 905000
140002 50000 140002 50000 462725 905000 462725 905000
140002 87276 140002 87276 500001 905000 500001 905000
140001 140000 140001 140000 552725 905000 552725 905000
140002 140000 140002 140000 552726 905000 552726 905000
140002 177275 140002 177275 590001 905000 590001 905000
140001 230000 140001 230000 642726 905000 642726 905000
177276 230000 177276 230000 680001 905000 680001 905000
177277 230000 177277 230000 680002 905000 680002 905000
230001 230000 230001 230000 680001 852276 680001 852276
230002 230000 230002 230000 680001 852275 680001 852275
230002 192725 230002 192725 680001 815000 680001 815000
230001 140000 230001 140000 627276 815000 627276 815000
230002 140000 230002 140000 627275 815000 627275 815000
230002 102726 230002 102726 590001 815000 590001 815000
230001 50000 230001 50000 537275 815000 537275 815000
267275 50000 267275 50000 500001 815000 500001 815000
320001 50000 320001 50000 447275 815000 447275 815000
357275 50000 357275 50000 410001 815000 410001 815000
410001 50000 410001 50000 357275 815000 357275 815000
447275 50000 447275 50000 320001 815000 320001 815000
447276 50000 447276 50000 320002 815000 320002 815000
500001 50000 500001 50000 320001 762275 320001 762275
500002 50000 500002 50000 320001 762274 320001 762274
500002 87274 500002 87274 320001 725000 320001 725000
500001 140000 500001 140000 372727 725000 372727 725000
462727 140000 462727 140000 410001 725000 410001 725000
410001 140000 410001 140000 462727 725000 462727 725000
372727 140000 372727 140000 500001 725000 500001 725000
320001 140000 320001 140000 552727 725000 552727 725000
320002 140000 320002 140000 552728 725000 552728 725000
320002 177273 320002 177273 590001 725000 590001 725000
320001 230000 320001 230000 642728 725000 642728 725000
357274 230000 357274 230000 680001 725000 680001 725000
357275 230000 357275 230000 680002 725000 680002 725000
410001 230000 410001 230000 680001 672274 680001 672274
410002 230000 410002 230000 680001 672273 680001 672273
410002 267273 410002 267273 680001 635000 680001 635000
410001 320000 410001 320000 627274 635000 627274 635000
410002 320000 410002 320000 627273 635000 627273 635000
410002 357272 410002 357272 590001 635000 590001 635000
410002 357273 410002 357273 590002 635000 590002 635000
410001 410000 410001 410000 590001 582273 590001 582273
410002 410000 410002 410000 590001 582272 590001 582272
410002 447272 410002 447272 590001 545000 590001 545000
410001 500000 410001 500000 642729 545000 642729 545000
410002 500000 410002 500000 642730 545000 642730 545000
410002 537271 410002 537271 680001 545000 680001 545000
410001 590000 410001 590000 732730 545000 732730 545000
383646 563645 383646 563645 770001 545000 770001 545000
383646 563645 383646 563645 770002 545000 770002 545000
327077 507076 327077 507076 770001 625000 770001 625000
320006 500005 320006 500005 770001 635000 770001 635000
320005 500004 320005 500004 770002 635000 770002 635000
320001 500000 320001 500000 770002 635006 770002 635006
240001 500000 240001 500000 770001 715006 770001 715006
230007 500000 230007 500000 770001 725000 770001 725000
230006 500000 230006 500000 770002 725000 770002 725000
230001 500000 230001 500000 770002 725005 770002 725005
230002 500000 230002 500000 770002 725006 770002 725006
230001 580000 230001 580000 770001 805006 770001 805006
230001 589994 230001 589994 770001 815000 770001 815000
230001 589995 230001 589995 770002 815000 770002 815000
230001 590000 230001 590000 770002 815005 770002 815005
310001 590000 310001 590000 770001 895005 770001 895005
319996 590000 319996 590000 770001 905000 770001 905000
320001 590000 320001 590000 770006 905000 770006 905000
320002 590000 320002 590000 770007 905000 770007 905000
320001 670000 320001 670000 850007 905000 850007 905000
320001 679994 320001 679994 860001 905000 860001 905000
320001 679995 320001 679995 860002 905000 860002 905000
320001 680000 320001 680000 860002 904995 860002 904995
400001 680000 400001 680000 860001 824995 860001 824995
409996 680000 409996 680000 860001 815000 860001 815000
409997 680000 409997 680000 860002 815000 860002 815000
410001 680000 410001 680000 860002 814996 860002 814996
410002 680000 410002 680000 860002 814995 860002 814995
410001 760000 410001 760000 860001 734995 860001 734995
410001 769995 410001 769995 860001 725000 860001 725000
410001 769996 410001 769996 860002 725000 860002 725000
410001 770000 410001 770000 860002 724996 860002 724996
410002 770000 410002 770000 860002 724995 860002 724995
410001 850000 410001 850000 860001 644995 860001 644995
410001 859995 410001 859995 860001 635000 860001 635000
410001 859996 410001 859996 860002 635000 860002 635000
410001 860000 410001 860000 860002 634996 860002 634996
490001 860000 490001 860000 860001 554996 860001 554996
499997 860000 499997 860000 860001 545000 860001 545000
499998 860000 499998 860000 860002 545000 860002 545000
500001 860000 500001 860000 860002 544997 860002 544997
500002 860000 500002 860000 860002 544996 860002 544996
500001 780000 500001 780000 860001 464996 860001 464996
500001 770004 500001 770004 860001 455000 860001 455000
500001 770000 500001 770000 859997 455000 859997 455000
500002 770000 500002 770000 859996 455000 859996 455000
500001 690000 500001 690000 779996 455000 779996 455000
500001 680005 500001 680005 770001 455000 770001 455000
500001 680000 500001 680000 769996 455000 769996 455000
500002 680000 500002 680000 769995 455000 769995 455000
500001 600000 500001 600000 689995 455000 689995 455000
500001 590006 500001 590006 680001 455000 680001 455000
500001 590000 500001 590000 679995 455000 679995 455000
500002 590000 500002 590000 679994 455000 679994 455000
500001 510000 500001 510000 599994 455000 599994 455000
500001 500007 500001 500007 590001 455000 590001 455000
500001 500006 500001 500006 590002 455000 590002 455000
500001 500000 500001 500000 590002 454994 590002 454994
580001 500000 580001 500000 590001 374994 590001 374994
589995 500000 589995 500000 590001 365000 590001 365000
590001 500000 590001 500000 590007 365000 590007 365000
590002 500000 590002 500000 590008 365000 590008 365000
590001 580000 590001 580000 670008 365000 670008 365000
590001 589993 590001 589993 680001 365000 680001 365000
590001 590000 590001 590000 680008 365000 680008 365000
590002 590000 590002 590000 680009 365000 680009 365000
590001 670000 590001 670000 760009 365000 760009 365000
590001 679992 590001 679992 770001 365000 770001 365000
590001 680000 590001 680000 770009 365000 770009 365000
590002 680000 590002 680000 770010 365000 770010 365000
590001 760000 590001 760000 850010 365000 850010 365000
590001 769991 590001 769991 860001 365000 860001 365000
590001 769992 590001 769992 860002 365000 860002 365000
590001 770000 590001 770000 860002 364992 860002 364992
590002 770000 590002 770000 860002 364991 860002 364991
590001 850000 590001 850000 860001 284991 860001 284991
590001 859991 590001 859991 860001 275000 860001 275000
590001 860000 590001 860000 859992 275000 859992 275000
670001 860000 670001 860000 779992 275000 779992 275000
679992 860000 679992 860000 770001 275000 770001 275000
680001 860000 680001 860000 769995 274994 769995 274994
760001 860000 760001 860000 713426 218425 713426 218425
770001 860000 770001 860000 706355 211354 706355 211354
807271 860000 807271 860000 680001 185000 680001 185000
807272 860000 807272 860000 680002 185000 680002 185000
860001 860000 860001 860000 680001 237729 680001 237729
860002 860000 860002 860000 680001 237730 680001 237730
860002 822730 860002 822730 680001 275000 680001 275000
860001 770000 860001 770000 627271 275000 627271 275000
822731 770000 822731 770000 590001 275000 590001 275000
770001 770000 770001 770000 537271 275000 537271 275000
732731 770000 732731 770000 500001 275000 500001 275000
732730 770000 732730 770000 500002 275000 500002 275000
680001 770000 680001 770000 500001 327729 500001 327729
680002 770000 680002 770000 500001 327730 500001 327730
680002 732730 680002 732730 500001 365000 500001 365000
680002 732729 680002 732729 500002 365000 500002 365000
680001 680000 680001 680000 500001 417729 500001 417729
717272 680000 717272 680000 500001 455000 500001 455000
770001 680000 770001 680000 447272 455000 447272 455000
807272 680000 807272 680000 410001 455000 410001 455000
860001 680000 860001 680000 357272 455000 357272 455000
860002 680000 860002 680000 357271 455000 357271 455000
860002 642730 860002 642730 320001 455000 320001 455000
860001 590000 860001 590000 357287 417714 357287 417714
785452 590000 785452 590000 410001 365000 410001 365000
785451 590000 785451 590000 410002 365000 410002 365000
770001 590000 770001 590000 410002 349550 410002 349550
695451 590000 695451 590000 410001 275000 410001 275000
695450 590000 695450 590000 410002 275000 410002 275000
680001 590000 680001 590000 410002 259551 410002 259551
680002 590000 680002 590000 410002 259550 410002 259550
680001 515450 680001 515450 410001 185000 410001 185000
680001 500000 680001 500000 394551 185000 394551 185000
754551 500000 754551 500000 320001 185000 320001 185000
770001 500000 770001 500000 304551 185000 304551 185000
844551 500000 844551 500000 230001 185000 230001 185000
860001 500000 860001 500000 214551 185000 214551 185000
860002 500000 860002 500000 214550 185000 214550 185000
860001 425451 860001 425451 140001 185000 140001 185000
860001 425450 860001 425450 140002 185000 140002 185000
860001 410000 860001 410000 140002 200450 140002 200450
860002 410000 860002 410000 140002 200451 140002 200451
860001 335451 860001 335451 140001 275000 140001 275000
860001 320000 860001 320000 155452 275000 155452 275000
785452 320000 785452 320000 230001 275000 230001 275000
770001 320000 770001 320000 245452 275000 245452 275000
770002 320000 770002 320000 245453 275000 245453 275000
770001 394548 770001 394548 320001 275000 320001 275000
770001 394549 770001 394549 320002 275000 320002 275000
770001 410000 770001 410000 320002 290451 320002 290451
695452 410000 695452 410000 320001 365000 320001 365000
680001 410000 680001 410000 304550 365000 304550 365000
680002 410000 680002 410000 304549 365000 304549 365000
680001 335452 680001 335452 230001 365000 230001 365000
680001 320000 680001 320000 214549 365000 214549 365000
605453 320000 605453 320000 140001 365000 140001 365000
590001 320000 590001 320000 124549 365000 124549 365000
590002 320000 590002 320000 124548 365000 124548 365000
590001 394547 590001 394547 50001 365000 50001 365000
590001 394548 590001 394548 50002 365000 50002 365000
590001 410000 590001 410000 50002 349548 50002 349548
515453 410000 515453 410000 50001 275000 50001 275000
515452 410000 515452 410000 50002 275000 50002 275000
500001 410000 500001 410000 50002 259549 50002 259549
500002 410000 500002 410000 50002 259548 50002 259548
500001 335452 500001 335452 50001 185000 50001 185000
500001 335451 500001 335451 50002 185000 50002 185000
500001 320000 500001 320000 50002 169549 50002 169549
500002 320000 500002 320000 50002 169548 50002 169548
500001 245452 500001 245452 50001 95000 50001 95000
500001 230000 500001 230000 65453 95000 65453 95000
574549 230000 574549 230000 140001 95000 140001 95000
590001 230000 590001 230000 155453 95000 155453 95000
590002 230000 590002 230000 155454 95000 155454 95000
590001 155453 590001 155453 230001 95000 230001 95000
590001 140000 590001 140000 245454 95000 245454 95000
590002 140000 590002 140000 245455 95000 245455 95000
590001 65454 590001 65454 320001 95000 320001 95000
590001 50000 590001 50000 335455 95000 335455 95000
664547 50000 664547 50000 410001 95000 410001 95000
680001 50000 680001 50000 425455 95000 425455 95000
680002 50000 680002 50000 425456 95000 425456 95000
680001 124545 680001 124545 500001 95000 500001 95000
680001 124546 680001 124546 500002 95000 500002 95000
680001 140000 680001 140000 500002 110454 500002 110454
680002 140000 680002 140000 500002 110455 500002 110455
680001 214545 680001 214545 500001 185000 500001 185000
680001 230000 680001 230000 515456 185000 515456 185000
754546 230000 754546 230000 590001 185000 590001 185000
754547 230000 754547 230000 590002 185000 590002 185000
770001 230000 770001 230000 590002 169546 590002 169546
844547 230000 844547 230000 590001 95000 590001 95000
860001 230000 860001 230000 605455 95000 605455 95000
860002 230000 860002 230000 605456 95000 605456 95000
860001 155455 860001 155455 680001 95000 680001 95000
860001 140000 860001 140000 695456 95000 695456 95000
785456 140000 785456 140000 770001 95000 770001 95000
785455 140000 785455 140000 770002 95000 770002 95000
770001 140000 770001 140000 770002 110454 770002 110454
770002 140000 770002 140000 770002 110455 770002 110455
770001 65455 770001 65455 770001 185000 770001 185000
770001 50000 770001 50000 785456 185000 785456 185000
844546 50000 844546 50000 860001 185000 860001 185000
844547 50000 844547 50000 860002 185000 860002 185000
860001 50000 860001 50000 860002 169546 860002 169546
860001 50000 860001 50000 860001 95000 860001 95000
