998123 54275 998123 54275 951757 999243 951757 999243
942282 92856 942282 92856 972379 934579 972379 934579
967832 110582 967832 110582 981827 904952 981827 904952
996405 130405 996405 130405 976134 870645 976134 870645
966260 174269 966260 174269 967422 818139 967422 818139
962539 179683 962539 179683 967592 811572 967592 811572
924572 159901 924572 159901 968697 768775 968697 768775
882520 123414 882520 123414 970135 713119 970135 713119
874154 120988 874154 120988 970360 704411 970360 704411
874768 155606 874768 155606 971255 669799 971255 669799
860236 221762 860236 221762 973004 602089 973004 602089
843624 297390 843624 297390 907202 642903 907202 642903
790689 300683 790689 300683 862131 670858 862131 670858
748625 303300 748625 303300 852219 711822 852219 711822
704894 306020 704894 306020 814305 733783 814305 733783
684339 307299 684339 307299 797201 745254 797201 745254
663369 308603 663369 308603 777716 737394 777716 737394
665817 240980 665817 240980 714962 712078 714962 712078
666181 230929 666181 230929 718614 721449 718614 721449
599691 255655 599691 255655 744373 787545 744373 787545
598283 256179 598283 256179 742870 787563 742870 787563
578095 222332 578095 222332 703463 788022 703463 788022
584837 216810 584837 216810 694749 788123 694749 788123
623151 185430 623151 185430 708742 835630 708742 835630
626095 181517 626095 181517 710125 840327 710125 840327
674194 117592 674194 117592 760815 902218 760815 902218
709830 70229 709830 70229 798371 948073 798371 948073
736045 35388 736045 35388 825935 981857 825935 981857
718124 36275 718124 36275 837278 995760 837278 995760
638222 40228 638222 40228 760079 974776 760079 974776
615618 41346 615618 41346 738240 968840 738240 968840
594920 56272 594920 56272 713615 962147 713615 962147
580476 66687 580476 66687 696776 967938 696776 967938
570961 85156 570961 85156 677129 974695 677129 974695
536807 151452 536807 151452 630094 916822 630094 916822
498914 133248 498914 133248 603580 884198 603580 884198
490567 120039 490567 120039 593725 872073 593725 872073
450277 163036 450277 163036 556562 826346 556562 826346
441150 172777 441150 172777 545250 819260 545250 819260
433179 126061 433179 126061 505088 794101 505088 794101
424222 113748 424222 113748 492184 786018 492184 786018
395616 74425 395616 74425 460940 823279 460940 823279
385214 60125 385214 60125 445721 814274 445721 814274
314062 23554 314062 23554 376871 773535 376871 773535
284881 8556 284881 8556 348634 756827 348634 756827
257783 13106 257783 13106 324986 742835 324986 742835
196372 23417 196372 23417 265386 760876 265386 760876
137519 33298 137519 33298 224731 717190 224731 717190
120399 45950 120399 45950 210229 701606 210229 701606
56060 93495 56060 93495 217582 781267 217582 781267
52252 96309 52252 96309 218017 785982 218017 785982
55999 112251 55999 112251 219522 802289 219522 802289
70795 175212 70795 175212 257786 854432 257786 854432
76518 199562 76518 199562 278647 840629 278647 840629
77319 200911 77319 200911 279955 839763 279955 839763
116837 267493 116837 267493 307269 912212 307269 912212
117074 284407 117074 284407 313236 928040 313236 928040
117546 318182 117546 318182 279849 922916 279849 922916
121254 301197 121254 301197 262665 920279 262665 920279
124165 287859 124165 287859 254183 909582 254183 909582
126918 275246 126918 275246 256356 896856 256356 896856
128775 266740 128775 266740 247988 899258 247988 899258
174995 201443 174995 201443 171093 921330 171093 921330
183420 189541 183420 189541 157077 925353 157077 925353
188004 183065 188004 183065 156167 917471 156167 917471
252180 148427 252180 148427 147803 845025 147803 845025
310430 189790 310430 189790 139610 774054 139610 774054
317956 195134 317956 195134 131256 770130 131256 770130
372640 224597 372640 224597 75032 743723 75032 743723
390026 286985 390026 286985 16411 716189 16411 716189
405316 341854 405316 341854 55529 674787 55529 674787
399739 401702 399739 401702 96810 631097 96810 631097
398176 418470 398176 418470 100683 614708 100683 614708
324289 398114 324289 398114 118307 540122 118307 540122
284338 387108 284338 387108 134183 501845 134183 501845
274373 389377 274373 389377 138099 492404 138099 492404
196369 407139 196369 407139 216428 476139 216428 476139
183071 410167 183071 410167 229782 473366 229782 473366
144646 418916 144646 418916 268855 468237 268855 468237
138567 420300 138567 420300 275052 468923 275052 468923
137791 420477 137791 420477 275773 468587 275773 468587
79727 451881 79727 451881 335621 440733 335621 440733
36890 475050 36890 475050 378157 464450 378157 464450
13952 487456 13952 487456 357895 480867 357895 480867
24290 507760 24290 507760 340192 495211 340192 495211
48398 584041 48398 584041 278034 545573 278034 545573
48629 584770 48629 584770 277440 546054 277440 546054
61276 624787 61276 624787 310603 571775 310603 571775
45022 656491 45022 656491 338755 593610 338755 593610
75673 671869 75673 671869 365853 614627 365853 614627
118408 693309 118408 693309 358646 661892 358646 661892
160024 714187 160024 714187 405106 658845 405106 658845
160377 711755 160377 711755 407558 658684 407558 658684
165763 674672 165763 674672 433877 632010 433877 632010
189160 635168 189160 635168 466123 599328 466123 599328
166423 606968 166423 606968 491566 573543 491566 573543
133604 580395 133604 580395 521225 543483 521225 543483
114260 564733 114260 564733 508257 522239 508257 522239
112454 552783 112454 552783 501960 511924 501960 511924
107374 519170 107374 519170 518834 482413 518834 482413
187372 518545 187372 518545 558545 412964 558545 412964
232561 518193 232561 518193 580976 373734 580976 373734
251716 518043 251716 518043 598484 381508 598484 381508
267394 532711 267394 532711 618106 390221 618106 390221
283925 548177 283925 548177 638800 399399 638800 399399
312748 575143 312748 575143 671984 420770 671984 420770
314699 571237 314699 571237 675655 423134 675655 423134
338451 523693 338451 523693 723928 445367 723928 445367
350451 499672 350451 499672 739569 467193 739569 467193
428232 518384 428232 518384 786169 532220 786169 532220
436075 520271 436075 520271 790868 538777 790868 538777
450586 523762 450586 523762 788170 553456 788170 553456
435999 575007 435999 575007 778536 605858 778536 605858
429336 598413 429336 598413 789706 584237 789706 584237
427095 647509 427095 647509 812265 540573 812265 540573
425067 691929 425067 691929 852663 521993 852663 521993
424441 705642 424441 705642 845517 510272 845517 510272
400623 712759 400623 712759 832576 489047 832576 489047
341469 730436 341469 730436 791704 442775 791704 442775
311831 765899 311831 765899 761107 408136 761107 408136
315052 832285 315052 832285 717107 358322 717107 358322
316569 863564 316569 863564 692896 338459 692896 338459
328018 847542 328018 847542 677672 325969 677672 325969
363173 798342 363173 798342 737546 317506 737546 317506
377629 786107 377629 786107 756298 314855 756298 314855
383376 781242 383376 781242 762628 318933 762628 318933
406335 761811 406335 761811 780290 343279 780290 343279
433061 739190 433061 739190 803463 369528 803463 369528
442274 731393 442274 731393 812542 377481 812542 377481
448238 731690 448238 731690 817034 381415 817034 381415
473295 732938 473295 732938 841996 378900 841996 378900
537838 714295 537838 714295 908839 372165 908839 372165
539586 713790 539586 713790 909123 370368 909123 370368
586977 713682 586977 713682 916530 323559 916530 323559
666977 713499 666977 713499 886431 249437 886431 249437
669786 713493 669786 713493 885375 246834 885375 246834
671641 705389 671641 705389 882247 239132 882247 239132
689487 627405 689487 627405 895824 160293 895824 160293
692269 615248 692269 615248 897941 148002 897941 148002
651794 609023 651794 609023 904891 107645 904891 107645
632958 591757 632958 591757 909227 82464 909227 82464
641907 573043 641907 573043 912748 62021 912748 62021
666163 522321 666163 522321 856525 61852 856525 61852
669393 512703 669393 512703 846379 61821 846379 61821
589732 520059 589732 520059 766379 61581 766379 61581
581478 520822 581478 520822 758090 61556 758090 61556
561873 522632 561873 522632 738797 57632 738797 57632
563382 442646 563382 442646 660402 41688 660402 41688
564311 393361 564311 393361 612097 31863 612097 31863
568823 385887 568823 385887 603542 30123 603542 30123
572529 379749 572529 379749 596445 31147 596445 31147
589814 377766 589814 377766 579225 33633 579225 33633
599815 376618 599815 376618 575945 43150 575945 43150
629413 394681 629413 394681 564646 75932 564646 75932
697700 436357 697700 436357 618741 134870 618741 134870
710399 444107 710399 444107 628801 145830 628801 145830
743384 435893 743384 435893 651786 170873 651786 170873
813717 418378 813717 418378 651602 243354 651602 243354
820777 414458 820777 414458 651582 251430 651582 251430
889563 376263 889563 376263 594477 305553 594477 305553
903741 380790 903741 380790 583674 315791 583674 315791
946603 394476 946603 394476 543388 295754 543388 295754
945533 426789 945533 426789 514440 281356 514440 281356
944909 445629 944909 445629 512352 300090 512352 300090
943834 478081 943834 478081 485485 318324 485485 318324
942293 524579 942293 524579 474317 363487 474317 363487
941804 539349 941804 539349 460621 357937 460621 357937
949562 576081 949562 576081 425826 343839 425826 343839
959531 623286 959531 623286 442004 298386 442004 298386
903799 652008 903799 652008 463029 239319 463029 239319
843045 683317 843045 683317 442321 174184 442321 174184
831527 689253 831527 689253 429774 170950 429774 170950
800614 711572 800614 711572 392852 161435 392852 161435
817876 747545 817876 747545 354214 151477 354214 151477
819452 750829 819452 750829 353623 155071 353623 155071
896319 772999 896319 772999 340651 234012 340651 234012
902954 774913 902954 774913 339532 240827 339532 240827
882353 794521 882353 794521 334920 268891 334920 268891
871896 804475 871896 804475 322572 261411 322572 261411
882302 833089 882302 833089 296529 245637 296529 245637
947826 865837 947826 865837 233875 207685 233875 207685
964187 874014 964187 874014 239241 190200 239241 190200
914621 917449 914621 917449 258575 127195 258575 127195
876365 950974 876365 950974 207808 124002 207808 124002
865292 947410 865292 947410 196199 123272 196199 123272
863529 946842 863529 946842 194608 124221 194608 124221
837135 890485 837135 890485 141166 156107 141166 156107
822126 858437 822126 858437 139290 191446 139290 191446
811012 858051 811012 858051 138701 202551 138701 202551
745603 855780 745603 855780 105743 259095 105743 259095
752608 867799 752608 867799 98737 271114 98737 271114
775093 906377 775093 906377 63285 298261 63285 298261
782668 919375 782668 919375 64617 313246 64617 313246
720939 970262 720939 970262 71697 392932 71697 392932
707448 981384 707448 981384 73245 410347 73245 410347
702074 985814 702074 985814 69938 416477 69938 416477
691182 984236 691182 984236 64712 426163 64712 426163
647458 977901 647458 977901 61819 382078 61819 382078
600800 971142 600800 971142 49867 336473 49867 336473
584181 968734 584181 968734 45091 320374 45091 320374
547187 963374 547187 963374 29653 286330 29653 286330
488665 954896 488665 954896 55034 232921 55034 232921
459542 960745 459542 960745 67783 206092 67783 206092
442634 964141 442634 964141 83110 198187 83110 198187
370620 978603 370620 978603 100252 126763 100252 126763
362541 980226 362541 980226 104324 119599 104324 119599
317229 999230 317229 999230 128603 76881 128603 76881
290980 974272 290980 974272 146500 45391 146500 45391
290424 973743 290424 973743 146500 45391 146500 45391
259578 899929 259578 899929 146500 45391 146500 45391
254185 887025 254185 887025 146500 45391 146500 45391
176741 907085 176741 907085 146500 45391 146500 45391
152811 913284 152811 913284 146500 45391 146500 45391
129746 870773 129746 870773 146500 45391 146500 45391
110229 793190 110229 793190 146500 45391 146500 45391
109680 791006 109680 791006 146500 45391 146500 45391
56363 850649 56363 850649 146500 45391 146500 45391
52832 854600 52832 854600 146500 45391 146500 45391
19928 927520 19928 927520 146500 45391 146500 45391
13347 942103 13347 942103 146500 45391 146500 45391
