257541 846622 257541 846622 212302 793141 212302 793141
266990 841619 266990 841619 221282 787338 221282 787338
307250 820303 307250 820303 187709 756547 187709 756547
339873 803031 339873 803031 180770 720292 180770 720292
340699 802594 340699 802594 181649 720609 181649 720609
300199 786685 300199 786685 222576 735386 222576 735386
282612 779776 282612 779776 222198 716495 222198 716495
268604 782500 268604 782500 221913 702227 221913 702227
267748 782891 267748 782891 221894 701286 221894 701286
256662 787952 256662 787952 224222 689324 224222 689324
249827 791072 249827 791072 217666 685654 217666 685654
247176 795453 247176 795453 213198 683152 213198 683152
244250 800287 244250 800287 217999 680172 217999 680172
234485 793514 234485 793514 228095 673903 228095 673903
202054 771021 202054 771021 222708 634805 222708 634805
240157 766189 240157 766189 217465 596756 217465 596756
245650 765493 245650 765493 214498 592081 214498 592081
254863 748985 254863 748985 204368 576119 204368 576119
256672 750219 256672 750219 203195 574271 203195 574271
272640 765216 272640 765216 191457 555775 191457 555775
275893 768271 275893 768271 186996 555922 186996 555922
284384 756088 284384 756088 172154 556413 172154 556413
289202 745589 289202 745589 160609 556795 160609 556795
293284 736696 293284 736696 151003 554930 151003 554930
295167 732592 295167 732592 149082 559016 149082 559016
280215 725307 280215 725307 142004 574067 142004 574067
273415 721993 273415 721993 135674 569925 135674 569925
266530 684208 266530 684208 103537 548894 103537 548894
269957 680309 269957 680309 99193 546051 99193 546051
279184 669810 279184 669810 85260 544948 85260 544948
300637 653977 300637 653977 58680 542843 58680 542843
314408 653962 314408 653962 44952 541755 44952 541755
313608 670058 313608 670058 28886 540483 28886 540483
311278 716977 311278 716977 74985 531446 74985 531446
327571 708135 327571 708135 93176 527880 93176 527880
332550 701729 332550 701729 101138 526319 101138 526319
335118 698425 335118 698425 102515 522367 102515 522367
345808 707919 345808 707919 107217 508865 107217 508865
360801 716792 360801 716792 112948 492413 112948 492413
377261 726532 377261 726532 129185 502521 129185 502521
422824 727072 422824 727072 167868 526601 167868 526601
435724 727225 435724 727225 180584 528779 180584 528779
464270 727563 464270 727563 174810 500821 174810 500821
544264 728512 544264 728512 217678 433276 217678 433276
544995 728520 544995 728520 218070 432659 218070 432659
568000 728793 568000 728793 220796 455503 220796 455503
562769 695643 562769 695643 224772 488827 224772 488827
560223 679506 560223 679506 238330 497942 238330 497942
557981 665302 557981 665302 228156 508103 228156 508103
555383 648836 555383 648836 242539 516530 242539 516530
575508 646593 575508 646593 260011 526767 260011 526767
646127 668939 646127 668939 323919 564212 323919 564212
645951 666844 645951 666844 325733 565275 325733 565275
645577 662375 645577 662375 329950 566801 329950 566801
644423 648598 644423 648598 316956 571522 316956 571522
668363 641651 668363 641651 293527 580035 293527 580035
681319 637892 681319 637892 290433 593166 290433 593166
704376 635068 704376 635068 285105 615776 285105 615776
683910 622190 683910 622190 279559 639312 279559 639312
663096 608852 663096 608852 273889 663374 273889 663374
643470 616275 643470 616275 269076 683797 269076 683797
652009 605813 652009 605813 265979 696941 265979 696941
666635 587892 666635 587892 249882 713554 249882 713554
674363 578424 674363 578424 253033 725362 253033 725362
660140 573777 660140 573777 256891 739819 256891 739819
640639 567405 640639 567405 258143 760297 258143 760297
614755 558948 614755 558948 263661 733632 263661 733632
604798 555695 604798 555695 274029 732136 274029 732136
603271 555156 603271 555156 275632 731905 275632 731905
588167 549822 588167 549822 290538 737769 290538 737769
576568 550777 576568 550777 301368 742030 301368 742030
571736 547280 571736 547280 306918 744214 306918 744214
553970 534423 553970 534423 307435 722290 307435 722290
551005 532277 551005 532277 303959 721144 303959 721144
567413 530217 567413 530217 288253 715966 288253 715966
589013 527506 589013 527506 305811 703097 305811 703097
627879 522627 627879 522627 342460 689268 342460 689268
630136 524548 630136 524548 345233 688222 345233 688222
634053 527880 634053 527880 347019 693044 347019 693044
673531 505999 673531 505999 362698 735370 362698 735370
688687 497599 688687 497599 346300 740971 346300 740971
709039 486319 709039 486319 327987 755326 327987 755326
716710 472221 716710 472221 315355 765228 315355 765228
722969 460718 722969 460718 308078 776115 308078 776115
713267 454640 713267 454640 301715 785633 301715 785633
698825 445593 698825 445593 307649 801608 307649 801608
666115 425103 666115 425103 345738 795364 345738 795364
647057 413165 647057 413165 359135 813427 359135 813427
634636 405384 634636 405384 369238 802809 369238 802809
647698 440084 647698 440084 394796 775949 394796 775949
632044 459845 632044 459845 412174 757685 412174 757685
630864 461334 630864 461334 411933 759569 411933 759569
602369 480752 602369 480752 407556 793773 407556 793773
591539 460861 591539 460861 404682 816238 404682 816238
576231 448857 576231 448857 402213 835534 402213 835534
568656 442918 568656 442918 400476 845002 400476 845002
543816 423440 543816 423440 402228 876519 402228 876519
531680 413924 531680 413924 417027 872181 417027 872181
520984 418968 520984 418968 428375 868854 428375 868854
517390 490119 517390 490119 496740 848813 496740 848813
508728 509117 508728 509117 516776 842939 516776 842939
497485 533772 497485 533772 541350 854358 541350 854358
493310 542929 493310 542929 543305 844486 543305 844486
489702 550842 489702 550842 551414 841343 551414 841343
490293 551987 490293 551987 552616 840878 552616 840878
457805 590054 457805 590054 599280 822795 599280 822795
448502 600955 448502 600955 609527 812776 609527 812776
447395 602252 447395 602252 610217 814336 610217 814336
446450 599270 446450 599270 611483 817196 611483 817196
443278 589254 443278 589254 619321 824192 619321 824192
438564 574373 438564 574373 630371 813166 630371 813166
435919 566021 435919 566021 621912 810885 621912 810885
435164 565975 435164 565975 621182 810688 621182 810688
405247 564139 405247 564139 609539 783069 609539 783069
403052 564004 403052 564004 607350 782855 607350 782855
384426 562861 384426 562861 591002 773856 591002 773856
376154 547227 376154 547227 575506 765327 575506 765327
377702 538530 377702 538530 567768 761068 567768 761068
381393 517787 381393 517787 588216 755990 588216 755990
379143 518285 379143 518285 590453 755435 590453 755435
362925 521872 362925 521872 606728 752116 606728 752116
356863 523212 356863 523212 604609 757951 604609 757951
334816 528088 334816 528088 615203 777891 615203 777891
308624 533881 308624 533881 636872 793705 636872 793705
308620 534214 308620 534214 637141 793901 637141 793901
308410 550017 308410 550017 650524 802307 650524 802307
297211 552195 297211 552195 660185 808376 660185 808376
275521 556412 275521 556412 676040 792986 676040 792986
260487 559335 260487 559335 676697 777685 676697 777685
234617 564365 234617 564365 678992 751430 678992 751430
229558 565349 229558 565349 674363 749164 674363 749164
243070 552050 243070 552050 657336 740826 657336 740826
250158 545074 250158 545074 659121 731043 659121 731043
256281 539048 256281 539048 659693 722471 659693 722471
261720 533694 261720 533694 666103 726614 666103 726614
278796 516887 278796 516887 690048 727450 690048 727450
306537 489583 306537 489583 706018 762947 706018 762947
304030 485263 304030 485263 708067 767502 708067 767502
298233 475273 298233 475273 707844 755954 707844 755954
292938 466147 292938 466147 709871 745600 709871 745600
281374 446218 281374 446218 713891 722912 713891 722912
277956 440328 277956 440328 710943 716774 710943 716774
274422 434238 274422 434238 716904 720523 716904 720523
267951 423086 267951 423086 729091 716316 729091 716316
258886 407463 258886 407463 742749 728137 742749 728137
254164 399326 254164 399326 749411 734780 749411 734780
227797 353887 227797 353887 741394 682861 741394 682861
221830 343603 221830 343603 743119 671097 743119 671097
209165 331162 209165 331162 745694 653531 745694 653531
198337 320526 198337 320526 733263 662239 733263 662239
228804 322113 228804 322113 708275 679743 708275 679743
233517 322358 233517 322358 706379 684064 706379 684064
246042 319342 246042 319342 701203 695862 701203 695862
271161 313293 271161 313293 681595 679037 681595 679037
280334 311084 280334 311084 675881 686545 675881 686545
272196 303862 272196 303862 669291 695203 669291 695203
249087 283356 249087 283356 638849 700476 638849 700476
238651 274095 238651 274095 625366 696886 625366 696886
227644 271678 227644 271678 614477 693986 614477 693986
204669 266634 204669 266634 632605 678996 632605 678996
184970 285657 184970 285657 653709 661545 653709 661545
182051 288476 182051 288476 653593 657489 653593 657489
151472 239154 151472 239154 651927 599481 651927 599481
99788 216417 99788 216417 650306 543040 650306 543040
167828 174338 167828 174338 648009 463073 648009 463073
217524 143604 217524 143604 646332 404664 646332 404664
218992 142696 218992 142696 647135 403137 647135 403137
277615 197133 277615 197133 684381 332336 684381 332336
292581 211030 292581 211030 693890 314261 693890 314261
294345 212668 294345 212668 694106 311864 694106 311864
329422 214717 329422 214717 697262 276869 697262 276869
343142 215519 343142 215519 696239 263163 696239 263163
368295 251697 368295 251697 692957 219223 692957 219223
405733 242818 405733 242818 690092 180853 690092 180853
483574 224357 483574 224357 765532 207477 765532 207477
547133 209283 547133 209283 827130 229217 827130 229217
553512 207770 553512 207770 827361 222665 827361 222665
564261 238805 564261 238805 828521 189842 828521 189842
616790 257676 616790 257676 830492 134061 830492 134061
627514 262954 627514 262954 830914 122116 830914 122116
669666 283702 669666 283702 830914 122116 830914 122116
698922 240235 698922 240235 830914 122116 830914 122116
665810 218752 665810 218752 830914 122116 830914 122116
697688 191904 697688 191904 830914 122116 830914 122116
677452 165956 677452 165956 830914 122116 830914 122116
694475 121254 694475 121254 830914 122116 830914 122116
712434 159707 712434 159707 830914 122116 830914 122116
762344 174361 762344 174361 830914 122116 830914 122116
787398 158373 787398 158373 830914 122116 830914 122116
796306 170745 796306 170745 830914 122116 830914 122116
809379 202989 809379 202989 830914 122116 830914 122116
794499 206394 794499 206394 830914 122116 830914 122116
792755 236419 792755 236419 830914 122116 830914 122116
791374 281210 791374 281210 830914 122116 830914 122116
841654 218985 841654 218985 830914 122116 830914 122116
842040 218508 842040 218508 830914 122116 830914 122116
921944 222429 921944 222429 830914 122116 830914 122116
964505 224518 964505 224518 830914 122116 830914 122116
913934 191846 913934 191846 830914 122116 830914 122116
884352 149753 884352 149753 830914 122116 830914 122116
843780 153581 843780 153581 830914 122116 830914 122116
819220 131505 819220 131505 830914 122116 830914 122116
850861 111340 850861 111340 830914 122116 830914 122116
803124 47144 803124 47144 830914 122116 830914 122116
781057 17469 781057 17469 830914 122116 830914 122116
759934 4326 759934 4326 830914 122116 830914 122116
