64740 504796 64740 504796 47171 190214 47171 190214
84072 523284 84072 523284 59959 213709 59959 213709
103635 541992 103635 541992 68213 239488 68213 239488
108822 546953 108822 546953 75206 241107 75206 241107
148153 584567 148153 584567 120337 210694 120337 210694
170071 605528 170071 605528 130232 239361 130232 239361
187980 643153 187980 643153 143829 278750 143829 278750
206006 681023 206006 681023 105545 295880 105545 295880
215295 700540 215295 700540 100028 316779 100028 316779
227520 726222 227520 726222 128223 313029 128223 313029
244416 761720 244416 761720 152899 343634 152899 343634
251062 775682 251062 775682 166922 337117 166922 337117
267671 773153 267671 773153 182157 330037 182157 330037
289526 769826 289526 769826 192752 349440 192752 349440
299936 768241 299936 768241 193338 359953 193338 359953
377914 756368 377914 756368 162226 432435 162226 432435
385237 760448 385237 760448 158920 440138 158920 440138
393678 759147 393678 759147 155551 447987 155551 447987
451379 750252 451379 750252 206567 419600 206567 419600
481351 745632 481351 745632 216414 390917 216414 390917
481322 744494 481322 744494 216784 389840 216784 389840
480183 699896 480183 699896 257700 407621 257700 407621
480150 698602 480150 698602 257795 406330 257795 406330
452626 688865 452626 688865 259931 377213 259931 377213
420197 706491 420197 706491 262633 340403 262633 340403
404409 713759 404409 713759 263905 323069 263905 323069
400918 711332 400918 711332 264216 318828 264216 318828
380903 697415 380903 697415 240448 313410 240448 313410
339585 668685 339585 668685 190418 318848 190418 318848
334769 665335 334769 665335 192492 313360 192492 313360
334607 665223 334607 665223 192339 313237 192339 313237
327015 656823 327015 656823 183510 306148 183510 306148
311022 639128 311022 639128 175532 283670 175532 283670
299307 626166 299307 626166 163516 270987 163516 270987
292209 618313 292209 618313 173020 266327 173020 266327
281616 613604 281616 613604 183429 261223 183429 261223
271415 609068 271415 609068 192636 267536 192636 267536
259079 603584 259079 603584 180832 274088 180832 274088
255114 601821 255114 601821 182939 277881 182939 277881
261048 597528 261048 597528 186496 284284 186496 284284
271571 589914 271571 589914 199480 283950 199480 283950
289102 577230 289102 577230 220178 277638 220178 277638
299708 569557 299708 569557 220881 264567 220881 264567
303251 568439 303251 568439 221080 260857 221080 260857
304947 567904 304947 567904 222662 261670 222662 261670
319174 563417 319174 563417 233751 271648 233751 271648
318119 556431 318119 556431 239003 276374 239003 276374
317077 549528 317077 549528 245647 274230 245647 274230
316141 540260 316141 540260 254512 271369 254512 271369
321797 533387 321797 533387 262983 268635 262983 268635
328035 530603 328035 530603 269484 266537 269484 266537
333802 524653 333802 524653 277370 263992 277370 263992
343110 515050 343110 515050 273025 276640 273025 276640
336219 498734 336219 498734 267271 293390 267271 293390
334866 495529 334866 495529 269731 295851 269731 295851
334002 493484 334002 493484 271603 297043 271603 297043
318894 508216 318894 508216 289404 308376 289404 308376
302701 524006 302701 524006 311893 305974 311893 305974
292862 526098 292862 526098 321895 304906 321895 304906
287371 535303 287371 535303 332553 303768 332553 303768
275007 538361 275007 538361 345217 302415 345217 302415
277310 527832 277310 527832 355934 301271 355934 301271
274594 521430 274594 521430 362849 300532 362849 300532
260794 488901 260794 488901 345018 270025 345018 270025
247774 488522 247774 488522 338446 258780 338446 258780
251016 476044 251016 476044 331940 247649 331940 247649
266380 416917 266380 416917 305057 192791 305057 192791
282549 421269 282549 421269 297689 177755 297689 177755
307167 427895 307167 427895 322961 174398 322961 174398
359381 367284 359381 367284 402264 163863 402264 163863
368059 357210 368059 357210 415445 162112 415445 162112
377938 330081 377938 330081 444065 158310 444065 158310
387743 321354 387743 321354 457077 156582 457077 156582
362780 297199 362780 297199 491511 152008 491511 152008
395581 292577 395581 292577 524347 147646 524347 147646
458202 316563 458202 316563 590821 138815 590821 138815
456173 317669 456173 317669 593112 138511 593112 138511
409577 343069 409577 343069 645997 142929 645997 142929
430849 368031 430849 368031 678679 145659 678679 145659
441211 380191 441211 380191 671057 159700 671057 159700
481323 429159 481323 429159 640861 215333 640861 215333
486393 424497 486393 424497 637575 221386 637575 221386
507557 405037 507557 405037 662304 236052 662304 236052
540747 374518 540747 374518 707393 235903 707393 235903
540613 412467 540613 412467 745342 235778 745342 235778
552434 436549 552434 436549 772168 235690 772168 235690
559449 447410 559449 447410 785098 235647 785098 235647
565864 457342 565864 457342 796552 238578 796552 238578
608097 421335 608097 421335 850318 252339 850318 252339
609731 420264 609731 420264 852211 252823 852211 252823
642927 398519 642927 398519 822181 278765 822181 278765
637333 380974 637333 380974 808245 290803 808245 290803
627773 356495 627773 356495 788358 307983 788358 307983
654771 342226 654771 342226 765250 327945 765250 327945
651318 329786 651318 329786 755480 336385 755480 336385
659998 326412 659998 326412 748433 342473 748433 342473
660614 326173 660614 326173 748156 343073 748156 343073
679970 327262 679970 327262 740026 360672 740026 360672
677328 323540 677328 323540 738112 364816 738112 364816
666014 307599 666014 307599 723729 378054 723729 378054
643944 310366 643944 310366 707363 393117 707363 393117
628083 277289 628083 277289 680371 417959 680371 417959
601567 294320 601567 294320 657183 439300 657183 439300
613118 331934 613118 331934 628231 465947 628231 465947
596866 327776 596866 327776 615888 477307 615888 477307
593934 327026 593934 327026 617421 479917 617421 479917
585153 331252 585153 331252 622355 488320 622355 488320
584751 324610 584751 324610 625724 494058 625724 494058
584402 318849 584402 318849 627249 499625 627249 499625
545076 296436 545076 296436 639208 543281 639208 543281
540347 293741 540347 293741 640360 548601 640360 548601
529585 295464 529585 295464 642667 559253 642667 559253
513730 301356 513730 301356 646247 575784 646247 575784
495048 308300 495048 308300 657595 592169 657595 592169
489289 310440 489289 310440 660178 597743 660178 597743
482709 298565 482709 298565 665885 610062 665885 610062
474302 283393 474302 283393 650384 617845 650384 617845
479314 251811 479314 251811 621807 632194 621807 632194
490545 262580 490545 262580 607902 639176 607902 639176
510787 281990 510787 281990 584145 624272 584145 624272
515707 286708 515707 286708 577348 624779 577348 624779
525444 287564 525444 287564 567600 625506 567600 625506
537055 282378 537055 282378 554919 626452 554919 626452
542367 280006 542367 280006 551098 622065 551098 622065
577757 256588 577757 256588 523223 590068 523223 590068
587181 250352 587181 250352 530461 581389 530461 581389
593530 246151 593530 246151 532497 574054 532497 574054
616518 238344 616518 238344 538990 550661 538990 550661
624901 235497 624901 235497 531184 546483 531184 546483
646838 231720 646838 231720 511558 535979 511558 535979
651616 230897 651616 230897 509192 531748 509192 531748
649344 224726 649344 224726 505983 526008 505983 526008
648808 223271 648808 223271 506113 527553 506113 527553
660260 200696 660260 200696 508241 552777 508241 552777
659359 196153 659359 196153 508630 557392 508630 557392
651156 154801 651156 154801 470910 576220 470910 576220
665386 157885 665386 157885 457882 582722 457882 582722
738613 173755 738613 173755 390500 549953 390500 549953
687282 218058 687282 218058 329523 520298 329523 520298
693900 234958 693900 234958 313201 512361 313201 512361
694846 237273 694846 237273 310952 511267 310952 511267
704709 261402 704709 261402 321442 535130 321442 535130
783687 274149 783687 274149 353638 608365 353638 608365
787648 274788 787648 274788 355252 612038 355252 612038
778667 287735 778667 287735 361594 626463 361594 626463
778494 288064 778494 288064 361743 626803 361743 626803
769614 304962 769614 304962 352711 643621 352711 643621
737862 346405 737862 346405 328010 689616 328010 689616
729988 356683 729988 356683 340877 688174 340877 688174
710551 372114 710551 372114 365540 685411 365540 685411
685401 391543 685401 391543 397123 681872 397123 681872
669689 403682 669689 403682 416765 684777 416765 684777
655503 406751 655503 406751 431123 686901 431123 686901
658320 419907 658320 419907 444432 688869 444432 688869
661984 437019 661984 437019 461915 689636 461915 689636
667382 454335 667382 454335 480035 690430 480035 690430
676673 484139 676673 484139 471598 660373 471598 660373
677711 487469 677711 487469 468448 658875 468448 658875
649812 490949 649812 490949 443058 646799 443058 646799
645564 491479 645564 491479 446510 644268 446510 644268
607526 499642 607526 499642 477885 621265 477885 621265
613068 504466 613068 504466 483811 616920 483811 616920
628270 517699 628270 517699 492420 635143 492420 635143
638054 526216 638054 526216 504952 631795 504952 631795
667656 551984 667656 551984 541370 646425 541370 646425
708760 588804 708760 588804 592577 666995 592577 666995
719995 598868 719995 598868 592943 682073 592943 682073
725540 603835 725540 603835 588445 688006 588445 688006
744032 592318 744032 592318 575283 705366 575283 705366
743595 581347 743595 581347 568650 714115 568650 714115
742305 577483 742305 577483 566189 717361 566189 717361
727643 533578 727643 533578 612043 723691 612043 723691
737608 522048 737608 522048 627139 725775 627139 725775
758824 497502 758824 497502 657497 714329 657497 714329
769213 485481 769213 485481 664394 700016 664394 700016
769452 485985 769452 485985 664636 699513 664636 699513
774738 497119 774738 497119 657910 689185 657910 689185
781184 510698 781184 510698 666344 676743 666344 676743
785437 519658 785437 519658 675290 681026 675290 681026
786917 520950 786917 520950 677062 681875 677062 681875
811274 542209 811274 542209 684412 650392 684412 650392
823325 552727 823325 552727 695949 639314 695949 639314
823871 579512 823871 579512 715274 620758 715274 620758
824211 596166 824211 596166 731767 618427 731767 618427
820402 602940 820402 602940 739462 617340 739462 617340
809571 622204 809571 622204 758394 605938 758394 605938
804736 630802 804736 630802 760188 615638 760188 615638
786332 634527 786332 634527 763604 634102 763604 634102
807374 648117 807374 648117 768160 658733 768160 658733
826046 660176 826046 660176 748718 647959 748718 647959
845257 672583 845257 672583 726252 643687 726252 643687
857931 680769 857931 680769 726977 658758 726977 658758
858193 680938 858193 680938 727206 658969 727206 658969
858193 680938 858193 680938 740856 671512 740856 671512
858193 680938 858193 680938 724723 692569 724723 692569
858193 680938 858193 680938 709309 706802 709309 706802
858193 680938 858193 680938 699848 704080 699848 704080
858193 680938 858193 680938 705942 726857 705942 726857
858193 680938 858193 680938 745356 708034 745356 708034
858193 680938 858193 680938 754255 727970 754255 727970
858193 680938 858193 680938 732450 795381 732450 795381
