755133 873567 755133 873567 843088 402303 843088 402303
739318 892339 739318 892339 837056 426096 837056 426096
727215 899176 727215 899176 833641 439571 833641 439571
713848 882495 713848 882495 828388 460291 828388 460291
706624 873481 706624 873481 826399 471670 826399 471670
710482 873250 710482 873250 825733 475477 825733 475477
721093 872614 721093 872614 817077 481648 817077 481648
730587 858005 730587 858005 802891 491763 802891 491763
742675 839405 742675 839405 783567 502656 783567 502656
750277 827708 750277 827708 787335 516088 787335 516088
741512 822042 741512 822042 790154 526137 790154 526137
740221 821208 740221 821208 789903 527653 789903 527653
709873 803614 709873 803614 784181 562263 784181 562263
702508 809254 702508 809254 782668 571415 782668 571415
673849 831198 673849 831198 763613 540760 763613 540760
664237 808620 664237 808620 750658 519919 750658 519919
657012 791648 657012 791648 746087 502048 746087 502048
656581 790636 656581 790636 746255 500961 746255 500961
663255 779078 663255 779078 748300 487772 748300 487772
669126 768911 669126 768911 740249 496317 740249 496317
676590 755986 676590 755986 725354 495365 725354 495365
676075 744441 676075 744441 713821 494627 713821 494627
675962 741911 675962 741911 712238 496603 712238 496603
675768 737562 675768 737562 709196 499718 709196 499718
684322 736491 684322 736491 703173 505885 703173 505885
687797 736056 687797 736056 705504 508499 705504 508499
692291 725655 692291 725655 713045 516955 713045 516955
705197 733058 705197 733058 722948 528060 722948 528060
741899 754110 741899 754110 693550 558489 693550 558489
743983 755306 743983 755306 691200 558993 691200 558993
759613 728247 759613 728247 660646 565542 660646 565542
717468 699800 717468 699800 610928 576199 610928 576199
700840 693805 700840 693805 593645 579904 593645 579904
691380 700635 691380 700635 582236 582349 582236 582349
673514 713535 673514 713535 566419 597692 566419 597692
662190 701826 662190 701826 554727 609034 554727 609034
656180 643832 656180 643832 512877 649630 512877 649630
682012 649743 682012 649743 493856 668081 493856 668081
714177 657103 714177 657103 498023 700813 498023 700813
715274 657354 715274 657354 497187 701567 497187 701567
733365 644042 733365 644042 480509 716611 480509 716611
736933 646089 736933 646089 477455 719366 477455 719366
754072 655920 754072 655920 457726 718284 457726 718284
759294 660390 759294 660390 450862 717908 450862 717908
770131 669667 770131 669667 438318 724701 438318 724701
770233 669755 770233 669755 438434 724769 438434 724769
790475 679986 790475 679986 457975 736282 457975 736282
798499 684042 798499 684042 465459 741265 465459 741265
804820 642724 804820 642724 500253 764429 500253 764429
811773 634973 811773 634973 508920 770199 508920 770199
833162 611125 833162 611125 518352 800813 518352 800813
821320 615231 821320 615231 522043 812792 522043 812792
771415 632536 771415 632536 469747 805370 469747 805370
772770 645925 772770 645925 456424 803479 456424 803479
749417 637101 749417 637101 431707 799972 431707 799972
749420 637040 749420 637040 431646 799963 431646 799963
750738 610981 750738 610981 431422 773872 431422 773872
751576 607855 751576 607855 431394 770636 431394 770636
760685 573867 760685 573867 400597 753614 400597 753614
754802 558580 754802 558580 386262 745690 386262 745690
746826 560822 746826 560822 379010 741682 379010 741682
708173 571688 708173 571688 357666 707674 357666 707674
703547 564104 703547 564104 352944 700150 352944 700150
667059 504289 667059 504289 282942 697164 282942 697164
653731 482440 653731 482440 302792 681008 302792 681008
638629 457682 638629 457682 326127 663789 326127 663789
606992 470462 606992 470462 353582 643530 353582 643530
605844 468676 605844 468676 355291 642269 355291 642269
590399 444635 590399 444635 350239 614145 350239 614145
597588 433176 597588 433176 347847 600830 347847 600830
621312 427450 621312 427450 343532 576810 343532 576810
620674 410119 620674 410119 340465 559740 340465 559740
620830 408590 620830 408590 340193 558228 340193 558228
622935 407427 622935 407427 339768 555860 339768 555860
644237 395658 644237 395658 339996 531525 339996 531525
662331 382364 662331 382364 340206 509073 340206 509073
676792 371739 676792 371739 355161 518991 355161 518991
676885 366824 676885 366824 359258 521708 359258 521708
677251 347580 677251 347580 378061 525818 378061 525818
657135 337548 657135 337548 400021 530618 400021 530618
660706 333247 660706 333247 405483 531812 405483 531812
694293 292799 694293 292799 424298 482719 424298 482719
695442 286194 695442 286194 426697 476459 426697 476459
702623 244899 702623 244899 385584 468300 385584 468300
696293 246799 696293 246799 379102 467013 379102 467013
677687 252385 677687 252385 374058 448253 374058 448253
653775 259563 653775 259563 392482 431404 392482 431404
654474 277422 654474 277422 405671 419342 405671 419342
654735 284095 654735 284095 399036 420095 399036 420095
655398 301027 655398 301027 382648 415785 382648 415785
638882 298198 638882 298198 366443 411523 366443 411523
616579 298003 616579 298003 344872 405850 344872 405850
599250 286382 599250 286382 324694 400543 324694 400543
589996 284088 589996 284088 315473 398118 315473 398118
568823 278839 568823 278839 333000 385132 333000 385132
564566 316078 564566 316078 363116 362818 363116 362818
564466 316956 564466 316956 363988 362672 363988 362672
580459 330605 580459 330605 384726 359207 384726 359207
608257 325953 608257 325953 412525 354561 412525 354561
600179 334240 600179 334240 423939 352654 423939 352654
591952 342679 591952 342679 433248 345426 433248 345426
595470 348497 595470 348497 438618 341256 438618 341256
598087 350115 598087 350115 441048 339369 441048 339369
615089 360629 615089 360629 431167 321992 431167 321992
617654 362836 617654 362836 429494 319050 429494 319050
620823 365561 620823 365561 431796 315561 431796 315561
623449 375365 623449 375365 437385 307090 437385 307090
627539 386926 627539 386926 444139 296854 444139 296854
612299 398086 612299 398086 454541 281087 454541 281087
612089 399185 612089 399185 455158 280153 455158 280153
604062 402187 604062 402187 459877 273000 459877 273000
601234 403245 601234 403245 462270 271158 462270 271158
586361 396182 586361 396182 475317 261115 475317 261115
582829 394504 582829 394504 478619 263210 478619 263210
574810 400073 574810 400073 486863 268439 486863 268439
573244 404995 573244 404995 491225 271206 491225 271206
571056 411869 571056 411869 487012 277062 487012 277062
562494 421560 562494 421560 479459 287558 479459 287558
547221 416610 547221 416610 470082 300591 470082 300591
539097 413976 539097 413976 476304 306440 476304 306440
526181 409790 526181 409790 489839 305360 489839 305360
521417 422489 521417 422489 503359 304282 503359 304282
500205 479029 500205 479029 483282 361235 483282 361235
488848 509300 488848 509300 508490 381481 508490 381481
481512 528852 481512 528852 527446 390242 527446 390242
465725 570935 465725 570935 544771 348769 544771 348769
458359 590567 458359 590567 565719 347839 565719 347839
455627 600586 455627 600586 576094 347378 576094 347378
445658 637153 445658 637153 559345 381378 559345 381378
442924 647181 442924 647181 568142 386914 568142 386914
440268 656925 440268 656925 577485 383079 577485 383079
435961 672721 435961 672721 589682 394000 589682 394000
430786 691704 430786 691704 585533 413234 585533 413234
430253 693659 430253 693659 583739 414176 583739 414176
443646 690864 443646 690864 571627 420538 571627 420538
459625 710678 459625 710678 549091 432374 549091 432374
475836 730779 475836 730779 524443 440074 524443 440074
473780 744129 473780 744129 511550 444101 511550 444101
471410 759518 471410 759518 526493 448478 526493 448478
470644 764495 470644 764495 531526 448646 531526 448646
410900 760856 410900 760856 591347 450638 591347 450638
386814 759389 386814 759389 614986 455486 614986 455486
339959 756535 339959 756535 612056 408636 612056 408636
323876 755555 323876 755555 611621 392529 611621 392529
314620 754991 314620 754991 620892 392342 620892 392342
305102 754411 305102 754411 626196 384417 626196 384417
277420 752725 277420 752725 613117 359962 613117 359962
264245 751923 264245 751923 601968 352896 601968 352896
261065 751729 261065 751729 605147 352682 605147 352682
267536 739048 267536 739048 619352 351726 619352 351726
279264 716065 279264 716065 628532 327613 628532 327613
283015 708714 283015 708714 634454 321864 634454 321864
302680 670177 302680 670177 677587 318498 677587 318498
303105 669344 303105 669344 677057 317727 677057 317727
329123 666240 329123 666240 662215 296134 662215 296134
350868 648438 350868 648438 646296 272975 646296 272975
368625 633901 368625 633901 640534 295189 640534 295189
372573 630669 372573 630669 636203 297885 636203 297885
375997 627866 375997 627866 631778 297826 631778 297826
404136 628609 404136 628609 603632 297453 603632 297453
403133 619908 403133 619908 594874 297337 594874 297337
399060 584563 399060 584563 566906 275346 566906 275346
382592 562322 382592 562322 545151 258240 545151 258240
375867 553239 375867 553239 534962 253350 534962 253350
364200 546252 364200 546252 522702 247465 522702 247465
351008 538351 351008 538351 510580 238005 510580 238005
349595 537505 349595 537505 509291 236979 509291 236979
333633 580122 333633 580122 473692 208630 473692 208630
333015 581773 333015 581773 473539 210386 473539 210386
318183 568204 318183 568204 471795 230413 471795 230413
312465 562973 312465 562973 464738 233616 464738 233616
306048 557103 306048 557103 464322 242303 464322 242303
297918 563499 297918 563499 463827 252635 463827 252635
278532 578751 278532 578751 440801 243790 440801 243790
266465 588245 266465 588245 426585 249594 426585 249594
261772 591937 261772 591937 421744 246099 421744 246099
245304 586735 245304 586735 407741 235991 407741 235991
225273 587900 225273 587900 391472 224248 391472 224248
149625 592302 149625 592302 345402 284411 345402 284411
144884 579264 144884 579264 336968 295426 336968 295426
136486 556165 136486 556165 329043 318692 329043 318692
133760 548668 133760 548668 322404 323114 322404 323114
106423 473484 106423 473484 243145 333979 243145 333979
104947 469426 104947 469426 238867 334566 238867 334566
121405 473612 121405 473612 222043 336872 222043 336872
191525 491445 191525 491445 179090 395095 179090 395095
193153 491859 193153 491859 177831 396207 177831 396207
234837 475807 234837 475807 144348 425772 144348 425772
244681 472016 244681 472016 136750 433090 136750 433090
275533 453481 275533 453481 110827 458058 110827 458058
312452 431302 312452 431302 97233 498925 97233 498925
337836 416052 337836 416052 68439 492009 68439 492009
356307 404955 356307 404955 68439 492009 68439 492009
351708 397960 351708 397960 68439 492009 68439 492009
328935 384091 328935 384091 68439 492009 68439 492009
321040 304481 321040 304481 68439 492009 68439 492009
317625 270043 317625 270043 68439 492009 68439 492009
326340 198846 326340 198846 68439 492009 68439 492009
248106 182129 248106 182129 68439 492009 68439 492009
208325 173629 208325 173629 68439 492009 68439 492009
194214 252375 194214 252375 68439 492009 68439 492009
180102 331120 180102 331120 68439 492009 68439 492009
176847 349287 176847 349287 68439 492009 68439 492009
101438 322577 101438 322577 68439 492009 68439 492009
58261 307283 58261 307283 68439 492009 68439 492009
