304398 58313 304398 58313 622015 80691 622015 80691
294037 89789 294037 89789 624476 113737 624476 113737
286387 113027 286387 113027 601478 122079 601478 122079
284101 119972 284101 119972 601170 129385 601170 129385
285494 121824 285494 121824 601072 131700 601072 131700
311705 156686 311705 156686 619380 171288 619380 171288
325050 174437 325050 174437 603035 186322 603035 186322
326204 175971 326204 175971 604347 187723 604347 187723
355813 199779 355813 199779 630316 215456 630316 215456
367651 209299 367651 209299 622990 228764 622990 228764
369170 210520 369170 210520 624938 228702 624938 228702
344982 199762 344982 199762 651397 227866 651397 227866
337825 196579 337825 196579 659220 228263 659220 228263
264728 164070 264728 164070 736797 208724 736797 208724
264589 164008 264589 164008 736945 208686 736945 208686
261732 157035 261732 157035 744252 206846 744252 206846
254410 139168 254410 139168 734681 223617 734681 223617
244205 165775 244205 165775 720557 248367 720557 248367
231554 196035 231554 196035 704301 276853 704301 276853
222445 217824 222445 217824 681019 272892 681019 272892
177580 235862 177580 235862 633349 264782 633349 264782
160643 242672 160643 242672 619196 253252 619196 253252
163430 243223 163430 243223 616993 251458 616993 251458
183427 247174 183427 247174 598671 242526 598671 242526
191669 248803 191669 248803 606795 240385 606795 240385
194996 249461 194996 249461 606866 236994 606866 236994
218464 254098 218464 254098 599390 214271 599390 214271
234834 257333 234834 257333 582861 211982 582861 211982
237648 257657 237648 257657 580055 211594 580055 211594
258045 260004 258045 260004 572017 230487 572017 230487
268697 261230 268697 261230 567462 240194 567462 240194
282401 262807 282401 262807 553801 238280 553801 238280
273216 284727 273216 284727 530265 234981 530265 234981
267591 298150 267591 298150 526873 220828 526873 220828
294158 319310 294158 319310 518957 187799 518957 187799
343959 358974 343959 358974 482488 239985 482488 239985
335556 359337 335556 359337 477670 246879 477670 246879
315807 360191 315807 360191 493475 258751 493475 258751
313583 360287 313583 360287 495118 260253 495118 260253
292651 361192 292651 361192 512702 271646 512702 271646
260791 362569 260791 362569 483033 283337 483033 283337
257157 359730 257157 359730 478743 285028 478743 285028
253367 356769 253367 356769 476409 289233 476409 289233
231181 339437 231181 339437 449194 296443 449194 296443
225308 347218 225308 347218 439770 298939 439770 298939
208839 344260 208839 344260 423596 303224 423596 303224
199166 342523 199166 342523 417366 295623 417366 295623
181642 339376 181642 339376 401644 303978 401644 303978
175335 338243 175335 338243 396044 307093 396044 307093
165138 335575 165138 335575 386833 312218 386833 312218
132896 327139 132896 327139 383393 279069 383393 279069
119686 375702 119686 375702 378199 229010 378199 229010
111025 407543 111025 407543 361710 257593 361710 257593
123560 411484 123560 411484 355144 268974 355144 268974
171925 426691 171925 426691 324538 309394 324538 309394
190192 411368 190192 411368 310145 328402 310145 328402
200167 441617 200167 441617 290917 353795 290917 353795
208719 467551 208719 467551 316671 362873 316671 362873
219019 443599 219019 443599 341261 371540 341261 371540
229551 433034 229551 433034 355331 376499 355331 376499
250875 434072 250875 434072 375466 383596 375466 383596
278012 486655 278012 486655 431273 403267 431273 403267
292900 515503 292900 515503 436918 371298 436918 371298
297302 524032 297302 524032 446218 368925 446218 368925
327667 504685 327667 504685 481104 360021 481104 360021
349534 490752 349534 490752 496226 338958 496226 338958
401355 488156 401355 488156 526486 296810 526486 296810
425040 486969 425040 486969 539100 316891 539100 316891
422452 498539 422452 498539 545407 326931 545407 326931
418103 517982 418103 517982 558945 341548 558945 341548
428806 517903 428806 517903 566217 349401 566217 349401
449343 517750 449343 517750 585924 355184 585924 355184
455279 484867 455279 484867 617986 364593 617986 364593
455429 484039 455429 484039 617621 363834 617621 363834
459192 471008 459192 471008 611748 351608 611748 351608
431949 457771 431949 457771 598632 324307 598632 324307
428224 458721 428224 458721 596967 320842 596967 320842
426299 453719 426299 453719 594646 316011 594646 316011
419732 436660 419732 436660 612925 316099 612925 316099
423090 428583 423090 428583 621672 316141 621672 316141
423599 427359 423599 427359 622688 316993 622688 316993
442519 426042 442519 426042 637219 329181 637219 329181
446998 417060 446998 417060 644909 335631 644909 335631
482560 345742 482560 345742 689484 401692 689484 401692
483588 343681 483588 343681 691535 400645 691535 400645
556726 311264 556726 311264 762786 364269 762786 364269
582809 299704 582809 299704 788196 351296 788196 351296
636946 275709 636946 275709 843159 373333 843159 373333
636932 275350 636932 275350 843493 373467 843493 373467
635578 241043 635578 241043 856874 405086 856874 405086
644711 238091 644711 238091 860614 413925 860614 413925
714420 215555 714420 215555 828012 479533 828012 479533
757267 210259 757267 210259 808799 518195 808799 518195
757189 210757 757189 210757 808575 518647 808575 518647
755178 223538 755178 223538 797811 525825 797811 525825
749198 261538 749198 261538 759426 528352 759426 528352
748863 263670 748863 263670 757520 527340 757520 527340
825602 286278 825602 286278 686862 489825 686862 489825
841336 290913 841336 290913 672375 482133 672375 482133
824969 358009 824969 358009 611376 449746 611376 449746
806010 435730 806010 435730 606399 529591 606399 529591
800851 456880 800851 456880 605045 551319 605045 551319
786114 517293 786114 517293 636932 604706 636932 604706
773702 568177 773702 568177 601653 643418 601653 643418
770158 582705 770158 582705 591893 632088 591893 632088
758000 581666 758000 581666 583929 622843 583929 622843
734712 579677 734712 579677 566433 638340 566433 638340
729253 579211 729253 579211 568598 633307 568598 633307
725026 578850 725026 578850 568333 629073 568333 629073
742003 590970 742003 590970 567030 608254 567030 608254
743985 592385 743985 592385 565601 606282 565601 606282
743536 598031 743536 598031 562277 601697 562277 601697
743215 602059 743215 602059 561420 597748 561420 597748
748347 626635 748347 626635 556094 573213 556094 573213
751593 642181 751593 642181 541522 579526 541522 579526
752678 647377 752678 647377 539633 584487 539633 584487
764778 658350 764778 658350 533820 599752 533820 599752
796123 654500 796123 654500 522581 629265 522581 629265
799837 654044 799837 654044 520021 631994 520021 631994
801228 653873 801228 653873 520941 633052 520941 633052
794469 670101 794469 670101 532479 646314 532479 646314
779541 705942 779541 705942 564914 667655 564914 667655
778324 708863 778324 708863 565414 670779 565414 670779
766828 709386 766828 709386 567234 682143 567234 682143
740837 710568 740837 710568 555958 705590 555958 705590
699944 712427 699944 712427 596739 709140 596739 709140
685937 713064 685937 713064 610697 707803 610697 707803
716461 688792 716461 688792 649517 704084 649517 704084
732403 676115 732403 676115 646595 724241 646595 724241
732742 675845 732742 675845 646976 724448 646976 724448
733666 651831 733666 651831 668097 735912 668097 735912
733712 650649 733712 650649 668484 734794 668484 734794
725614 652130 725614 652130 671180 727016 671180 727016
717253 653660 717253 653660 676351 720270 676351 720270
718964 639010 718964 639010 685324 708563 685324 708563
719977 630341 719977 630341 691539 702436 691539 702436
706464 619233 706464 619233 703995 690155 703995 690155
697866 612165 697866 612165 701183 700925 701183 700925
676345 610412 676345 610412 695727 721816 695727 721816
675976 610382 675976 610382 695618 722170 695618 722170
673080 615408 673080 615408 693911 727714 693911 727714
669464 621685 669464 621685 698445 733364 698445 733364
665617 628362 665617 628362 702316 740027 702316 740027
646038 603786 646038 603786 718101 767196 718101 767196
634341 589104 634341 589104 701536 758366 701536 758366
628616 581918 628616 581918 693448 762724 693448 762724
624692 576992 624692 576992 688364 759006 688364 759006
602798 549511 602798 549511 661124 781198 661124 781198
595556 540421 595556 540421 657947 770018 657947 770018
572497 530136 572497 530136 651045 745731 651045 745731
546391 518491 546391 518491 625151 733621 625151 733621
535489 513628 535489 513628 614430 738871 614430 738871
526352 536829 526352 536829 592036 749837 592036 749837
522515 546572 522515 546572 581592 749074 581592 749074
521163 549651 521163 549651 578238 748829 578238 748829
551783 581008 551783 581008 534528 745634 534528 745634
473622 598063 473622 598063 454740 739802 454740 739802
471177 598596 471177 598596 452245 739619 452245 739619
429310 616221 429310 616221 406940 736308 406940 736308
428941 616376 428941 616376 406847 735919 406847 735919
415580 655942 415580 655942 397164 695296 397164 695296
408601 665337 408601 665337 394450 683911 394450 683911
407059 667413 407059 667413 391868 684060 391868 684060
419009 675419 419009 675419 377508 684889 377508 684889
452775 698040 452775 698040 337564 692394 337564 692394
446508 710134 446508 710134 324177 694910 324177 694910
446619 711648 446619 711648 322685 695190 322685 695190
447793 727648 447793 727648 322947 679149 322947 679149
449259 747616 449259 747616 315045 660753 315045 660753
453453 771571 453453 771571 305446 638408 305446 638408
468578 771145 468578 771145 299474 624506 299474 624506
469282 760106 469282 760106 295108 614342 295108 614342
469759 752632 469759 752632 288970 618632 288970 618632
479870 752340 479870 752340 280679 624427 280679 624427
510525 739626 510525 739626 253477 643439 253477 643439
513018 721474 513018 721474 238459 653935 238459 653935
515511 703328 515511 703328 221863 661685 221863 661685
547732 713308 547732 713308 191301 675959 191301 675959
528254 750516 528254 750516 153248 693730 153248 693730
532509 753908 532509 753908 148318 696033 148318 696033
582497 793764 582497 793764 212249 695680 212249 695680
580327 795287 580327 795287 214900 695665 214900 695665
550333 816336 550333 816336 247622 712156 247622 712156
535121 827012 535121 827012 257489 727905 257489 727905
512719 822289 512719 822289 269644 747306 269644 747306
510361 797154 510361 797154 283047 768700 283047 768700
510152 795794 510152 795794 283778 769866 283778 769866
509138 789193 509138 789193 277346 771664 277346 771664
488791 810944 488791 810944 248662 779684 248662 779684
466179 835115 466179 835115 248662 779684 248662 779684
441504 794455 441504 794455 248662 779684 248662 779684
431478 789668 431478 789668 248662 779684 248662 779684
434742 778003 434742 778003 248662 779684 248662 779684
427370 750938 427370 750938 248662 779684 248662 779684
410764 751119 410764 751119 248662 779684 248662 779684
383300 744956 383300 744956 248662 779684 248662 779684
347539 776073 347539 776073 248662 779684 248662 779684
330513 854240 330513 854240 248662 779684 248662 779684
329646 858220 329646 858220 248662 779684 248662 779684
375797 839399 375797 839399 248662 779684 248662 779684
405060 818222 405060 818222 248662 779684 248662 779684
404897 857429 404897 857429 248662 779684 248662 779684
414078 891034 414078 891034 248662 779684 248662 779684
473275 886657 473275 886657 248662 779684 248662 779684
516417 921026 516417 921026 248662 779684 248662 779684
