357646 273170 357646 273170 447163 164213 447163 164213
369828 304255 369828 304255 413817 165859 413817 165859
384033 307468 384033 307468 399271 166576 399271 166576
387168 305384 387168 305384 395511 166762 395511 166762
408153 291437 408153 291437 370741 171384 370741 171384
456207 259499 456207 259499 422434 197016 422434 197016
499689 230599 499689 230599 471934 180413 471934 180413
529036 211094 529036 211094 505525 191058 505525 191058
566124 175297 566124 175297 554663 206629 554663 206629
569898 169051 569898 169051 561620 208834 561620 208834
593788 168940 593788 168940 584394 216050 584394 216050
593885 169412 593885 169412 584853 216196 584853 216196
599575 197165 599575 197165 558110 225545 558110 225545
571344 224319 571344 224319 521133 238470 521133 238470
594775 245517 594775 245517 491306 248897 491306 248897
599410 253519 599410 253519 482577 251948 482577 251948
600039 254605 600039 254605 481323 251892 481323 251892
632119 246742 632119 246742 448326 250422 448326 250422
667905 237971 667905 237971 430304 282559 430304 282559
682222 235972 682222 235972 423233 295167 423233 295167
703851 232951 703851 232951 424676 316959 424676 316959
715704 243234 715704 243234 425712 332616 425712 332616
737372 262031 737372 262031 432911 360383 432911 360383
737641 262411 737641 262411 433028 360834 433028 360834
750120 280029 750120 280029 411875 365154 411875 365154
754292 285919 754292 285919 404662 364900 404662 364900
759072 292667 759072 292667 397055 361655 397055 361655
739284 285478 739284 285478 377690 353395 377690 353395
725346 280414 725346 280414 366132 362686 366132 362686
719998 278471 719998 278471 360898 364918 360898 364918
702393 271506 702393 271506 343482 372344 343482 372344
701065 266090 701065 266090 338353 374531 338353 374531
693910 269908 693910 269908 330893 377712 330893 377712
688996 272530 688996 272530 331144 372148 331144 372148
676486 279205 676486 279205 335614 358691 335614 358691
655195 300165 655195 300165 345031 330337 345031 330337
654348 300999 654348 300999 344712 329192 344712 329192
646834 317505 646834 317505 339842 311722 339842 311722
645402 320651 645402 320651 337900 308863 337900 308863
653079 320738 653079 320738 333587 302511 333587 302511
659448 320811 659448 320811 333809 308876 333809 308876
679597 321040 679597 321040 321703 324984 321703 324984
695012 317745 695012 317745 312232 337585 312232 337585
702616 318749 702616 318749 307624 343717 307624 343717
726696 321928 726696 321928 297901 365975 297901 365975
716816 342396 716816 342396 288803 386802 288803 386802
713625 349005 713625 349005 288714 394141 288714 394141
686490 386585 686490 386585 288151 440490 288151 440490
683784 390333 683784 390333 283583 439779 283583 439779
678947 382673 678947 382673 274632 438386 274632 438386
675369 377008 675369 377008 274766 445085 274766 445085
670183 368795 670183 368795 279069 453793 279069 453793
663962 380488 663962 380488 284937 465668 284937 465668
660760 382537 660760 382537 286621 469076 286621 469076
652335 387929 652335 387929 289985 478496 289985 478496
648578 390333 648578 390333 286226 476095 286226 476095
604886 418293 604886 418293 235796 463949 235796 463949
568290 412418 568290 412418 199762 455270 199762 455270
526443 405699 526443 405699 200067 497652 200067 497652
497269 409576 497269 409576 200279 527082 200279 527082
472054 412928 472054 412928 189381 550066 189381 550066
421919 419591 421919 419591 209058 596657 209058 596657
410079 424176 410079 424176 213998 608353 213998 608353
378931 436240 378931 436240 247169 604428 247169 604428
375385 437613 375385 437613 245657 600938 245657 600938
364917 458033 364917 458033 236535 579883 236535 579883
355831 475756 355831 475756 255890 575186 255890 575186
344601 497663 344601 497663 243562 553878 243562 553878
335259 515887 335259 515887 246397 533596 246397 533596
325249 535414 325249 535414 257937 514932 257937 514932
320130 545400 320130 545400 263320 505086 263320 505086
294987 594446 294987 594446 271218 559632 271218 559632
287643 608772 287643 608772 284648 568509 284648 568509
293933 615542 293933 615542 292358 573604 292358 573604
300239 622328 300239 622328 298869 567015 298869 567015
305735 628243 305735 628243 306902 567833 306902 567833
308912 631662 308912 631662 307330 563186 307330 563186
316624 639962 316624 639962 315072 554913 315072 554913
326608 650707 326608 650707 328514 560781 328514 560781
332135 656655 332135 656655 332617 553774 332617 553774
364048 634581 364048 634581 352227 520291 352227 520291
386459 619080 386459 619080 326346 511764 326346 511764
397813 611227 397813 611227 312754 509343 312754 509343
427351 590796 427351 590796 317310 473718 317310 473718
430585 590230 430585 590230 317726 470461 317726 470461
447562 587259 447562 587259 334744 473188 334744 473188
447684 585466 447684 585466 336518 473472 336518 473472
447941 581680 447941 581680 339766 475435 339766 475435
449774 554712 449774 554712 355363 453359 355363 453359
449946 552180 449946 552180 356861 455408 356861 455408
464003 555790 464003 555790 365427 467123 365427 467123
477765 578841 477765 578841 381273 488794 381273 488794
492814 589675 492814 589675 392218 503763 392218 503763
501532 595951 501532 595951 396170 493774 396170 493774
500305 598306 500305 598306 397147 491305 397147 491305
488463 621039 488463 621039 401836 466105 401836 466105
482053 619148 482053 619148 403059 459535 403059 459535
458540 612210 458540 612210 407627 435449 407627 435449
444791 608290 444791 608290 410292 421403 410292 421403
443281 627116 443281 627116 413811 402847 413811 402847
444829 629974 444829 629974 414417 399654 414417 399654
464633 666544 464633 666544 437432 434293 437432 434293
451126 687163 451126 687163 451074 454824 451074 454824
446775 693805 446775 693805 451463 462754 451463 462754
467828 688402 467828 688402 452529 484463 452529 484463
486988 683485 486988 683485 470711 476671 470711 476671
494713 681502 494713 681502 476947 471699 476947 471699
522162 674458 522162 674458 490403 446759 490403 446759
518675 667853 518675 667853 493949 440186 493949 440186
514066 659123 514066 659123 497401 449435 497401 449435
547137 620524 547137 620524 515177 497054 515177 497054
555291 627595 555291 627595 518951 507166 518951 507166
564592 635660 564592 635660 530924 510027 530924 510027
596273 646096 596273 646096 563367 517779 563367 517779
627622 656423 627622 656423 593528 531183 593528 531183
608290 609319 608290 609319 640057 551861 640057 551861
605882 603451 605882 603451 639310 558160 639310 558160
582402 585186 582402 585186 635809 587701 635809 587701
562727 583225 562727 583225 633482 607336 633482 607336
559359 573404 559359 573404 632260 617646 632260 617646
549976 546046 549976 546046 634730 646463 634730 646463
534420 544780 534420 544780 636063 662013 636063 662013
524462 543969 524462 543969 640903 670753 640903 670753
499141 541525 499141 541525 653228 693007 653228 693007
506812 525115 506812 525115 662004 708854 662004 708854
526996 514463 526996 514463 673060 728819 673060 728819
537608 508862 537608 508862 668164 739775 668164 739775
578886 487077 578886 487077 624961 722115 624961 722115
630483 483707 630483 483707 577098 702550 577098 702550
642007 482955 642007 482955 565567 701911 565567 701911
643137 482881 643137 482881 565057 702922 565057 702922
655211 485609 655211 485609 559476 713971 559476 713971
668381 488584 668381 488584 547935 706964 547935 706964
669747 485981 669747 485981 545422 705438 545422 705438
682791 461125 682791 461125 522160 689727 522160 689727
692668 442303 692668 442303 539935 678071 539935 678071
695458 436986 695458 436986 545936 678265 545936 678265
694671 432259 694671 432259 550726 678421 550726 678421
713229 429085 713229 429085 569544 679030 569544 679030
727820 426590 727820 426590 581877 670844 581877 670844
733928 427022 733928 427022 586979 667458 586979 667458
760817 428926 760817 428926 578944 641727 578944 641727
762292 430163 762292 430163 578370 639890 578370 639890
758083 406570 758083 406570 571226 617014 571226 617014
757279 402064 757279 402064 567123 614985 567123 614985
762485 401808 762485 401808 562451 612674 562451 612674
784727 400713 784727 400713 540434 609332 540434 609332
785026 399714 785026 399714 539403 609175 539403 609175
794358 368495 794358 368495 532723 577283 532723 577283
782349 369074 782349 369074 530258 565516 530258 565516
777142 362074 777142 362074 528470 556977 528470 556977
758700 337280 758700 337280 503032 574520 503032 574520
761690 336447 761690 336447 500477 576282 500477 576282
772161 333530 772161 333530 497726 586798 497726 586798
783326 335173 783326 335173 494869 597716 494869 597716
831206 342218 831206 342218 452663 574036 452663 574036
831269 342252 831269 342252 452601 574001 452601 574001
841335 347645 841335 347645 444616 565836 444616 565836
850754 352691 850754 352691 434034 564355 434034 564355
869804 339766 869804 339766 411235 561165 411235 561165
879916 332906 879916 332906 399037 561881 399037 561881
885466 332247 885466 332247 393457 562208 393457 562208
882904 337592 882904 337592 387540 562555 387540 562555
881155 339057 881155 339057 385263 562689 385263 562689
863021 354253 863021 354253 390084 585852 390084 585852
859126 375354 859126 375354 394456 606859 394456 606859
842010 392408 842010 392408 399380 630514 399380 630514
833952 398406 833952 398406 401427 640349 401427 640349
842106 402116 842106 402116 403252 649119 403252 649119
894279 425856 894279 425856 459763 658718 459763 658718
906400 438421 906400 438421 476975 661642 476975 661642
904038 442703 904038 442703 481796 662461 481796 662461
903092 444418 903092 444418 481556 664405 481556 664405
906998 479582 906998 479582 477222 699519 477222 699519
891403 486145 891403 486145 475150 716311 475150 716311
883996 489263 883996 489263 469573 722098 469573 722098
851730 491702 851730 491702 447119 745397 447119 745397
838110 492897 838110 492897 437631 755241 437631 755241
815426 494886 815426 494886 438078 778008 438078 778008
811122 494770 811122 494770 438163 782313 438163 782313
808819 505423 808819 505423 438377 793210 438377 793210
803848 528423 803848 528423 458652 781267 458652 781267
796213 508603 796213 508603 476952 770487 476952 770487
783407 475359 783407 475359 511717 778270 511717 778270
770613 472467 770613 472467 524517 781135 524517 781135
769392 476276 769392 476276 528420 782009 528420 782009
758399 510584 758399 510584 555825 805394 555825 805394
737781 506271 737781 506271 571848 819067 571848 819067
730339 508435 730339 508435 577744 824098 577744 824098
719697 511530 719697 511530 566662 823984 566662 823984
719409 515176 719409 515176 563004 823947 563004 823947
709623 528428 709623 528428 546532 823778 546532 823778
710873 530398 710873 530398 544199 823754 544199 823754
717359 540624 717359 540624 536665 814273 536665 814273
739733 575896 739733 575896 499852 834009 499852 834009
767204 566872 767204 566872 474368 847672 474368 847672
789551 559531 789551 559531 457493 864058 457493 864058
795561 564674 795561 564674 451818 869568 451818 869568
856348 616683 856348 616683 451818 869568 451818 869568
904233 657654 904233 657654 451818 869568 451818 869568
