963464 766306 963464 766306 217376 987063 217376 987063
904055 793298 904055 793298 203908 923215 203908 923215
874989 784723 874989 784723 197654 893563 197654 893563
903046 764365 903046 764365 190499 859644 190499 859644
903022 764196 903022 764196 190464 859477 190464 859477
897356 724670 897356 724670 225443 840219 225443 840219
895130 709143 895130 709143 232720 826323 232720 826323
892294 689361 892294 689361 214884 817310 214884 817310
889691 671201 889691 671201 196615 818983 196615 818983
864017 672632 864017 672632 171008 821328 171008 821328
836230 674182 836230 674182 156935 797318 156935 797318
834556 674275 834556 674275 158568 796941 158568 796941
831385 705926 831385 705926 189562 789783 189562 789783
829897 720784 829897 720784 185572 775394 185572 775394
833872 740606 833872 740606 180169 755912 180169 755912
819443 785158 819443 785158 167655 710785 167655 710785
818840 784707 818840 784707 167454 710059 167454 710059
767305 746138 767305 746138 226868 685293 226868 685293
767181 746058 767181 746058 227004 685236 227004 685236
745900 732400 745900 732400 245469 702512 245469 702512
742057 737484 742057 737484 250123 706866 250123 706866
721900 764152 721900 764152 282081 716673 282081 716673
720053 766596 720053 766596 280319 719179 280319 719179
712467 737010 712467 737010 262748 744162 262748 744162
706314 713013 706314 713013 283508 757680 283508 757680
703386 701594 703386 701594 294987 754996 294987 754996
699252 687755 699252 687755 309051 751708 309051 751708
686788 646036 686788 646036 305538 795107 305538 795107
720407 660860 720407 660860 302574 831729 302574 831729
727526 663999 727526 663999 310316 830955 310316 830955
750317 655655 750317 655655 334466 828541 334466 828541
756289 658994 756289 658994 341274 827861 341274 827861
775111 669520 775111 669520 349706 808012 349706 808012
759669 592075 759669 592075 380583 735329 380583 735329
759612 591787 759612 591787 380706 735063 380706 735063
752862 575410 752862 575410 388133 718981 388133 718981
740433 545257 740433 545257 360789 701205 360789 701205
729902 519708 729902 519708 338684 717787 338684 717787
724618 506888 724618 506888 325060 720371 325060 720371
726691 505945 726691 505945 322822 720795 322822 720795
732203 503437 732203 503437 321408 714907 321408 714907
759922 490828 759922 490828 292915 704160 292915 704160
772772 484982 772772 484982 302604 693893 302604 693893
781984 480792 781984 480792 310621 687717 310621 687717
786450 453583 786450 453583 332464 670890 332464 670890
787185 449102 787185 449102 330404 666843 330404 666843
774987 448525 774987 448525 324866 655959 324866 655959
767266 448159 767266 448159 317953 659416 317953 659416
752534 436590 752534 436590 301199 667794 301199 667794
743397 438265 743397 438265 292891 671948 292891 671948
729076 440889 729076 440889 278401 670519 278401 670519
728680 440962 728680 440962 277999 670514 277999 670514
724760 435051 724760 435051 270907 670425 270907 670425
726470 431955 726470 431955 267370 670381 267370 670381
729474 426517 729474 426517 262721 666260 262721 666260
717516 417503 717516 417503 251516 656326 251516 656326
713710 414634 713710 414634 256276 656069 256276 656069
703926 435240 703926 435240 279053 654837 279053 654837
695341 453323 695341 453323 294959 642683 294959 642683
684044 477116 684044 477116 285956 617931 285956 617931
679372 463861 679372 463861 281152 604724 281152 604724
677512 458584 677512 458584 281659 599151 281659 599151
669188 435987 669188 435987 283843 575169 283843 575169
663877 421571 663877 421571 271338 566244 271338 566244
663017 420282 663017 420282 270077 565344 270077 565344
678517 416516 678517 416516 257094 556078 257094 556078
698126 398791 698126 398791 235579 540722 235579 540722
735029 365557 735029 365557 195156 511872 195156 511872
745310 391689 745310 391689 172299 495558 172299 495558
749782 403057 749782 403057 161354 490133 161354 490133
766413 398154 766413 398154 145819 482432 145819 482432
771111 381193 771111 381193 130050 474616 130050 474616
772018 377918 772018 377918 126930 475962 126930 475962
780845 381970 780845 381970 118012 479810 118012 479810
796564 389186 796564 389186 120181 462650 120181 462650
814459 384863 814459 384863 122490 444386 122490 444386
813909 393153 813909 393153 123532 436143 123532 436143
813406 400726 813406 400726 119291 429850 119291 429850
810852 402521 810852 402521 117546 427261 117546 427261
796990 412268 796990 412268 122844 411165 122844 411165
826204 436750 826204 436750 134761 374959 134761 374959
838731 440671 838731 440671 138864 362491 138864 362491
845192 439577 845192 439577 140913 356267 140913 356267
844393 442746 844393 442746 141935 353162 141935 353162
859892 465516 859892 465516 150547 326999 150547 326999
924971 468803 924971 468803 170919 265103 170919 265103
940708 469598 940708 469598 178353 278996 178353 278996
913454 459607 913454 459607 192048 304590 192048 304590
871991 424718 871991 424718 217614 352368 217614 352368
852171 408041 852171 408041 242567 345415 242567 345415
856270 377622 856270 377622 272134 337177 272134 337177
851533 374362 851533 374362 277674 335633 277674 335633
852253 367604 852253 367604 284221 333809 284221 333809
853197 358751 853197 358751 276668 338522 276668 338522
835994 361976 835994 361976 261820 347788 261820 347788
815404 363998 815404 363998 244268 358741 244268 358741
803750 365143 803750 365143 245200 370414 245200 370414
797601 365747 797601 365747 242824 376118 242824 376118
807557 345401 807557 345401 234113 397027 234113 397027
811336 337680 811336 337680 242202 394117 242202 394117
788786 328987 788786 328987 264943 385937 264943 385937
770910 322096 770910 322096 280066 397699 280066 397699
743913 308262 743913 308262 304011 416323 304011 416323
691352 281328 691352 281328 252344 444934 252344 444934
690766 282594 690766 282594 251123 445610 251123 445610
678541 308992 678541 308992 222062 444292 222062 444292
666595 334791 666595 334791 236973 468498 236973 468498
657493 354445 657493 354445 254038 481837 254038 481837
626163 351973 626163 351973 278798 501192 278798 501192
578973 348249 578973 348249 292905 546378 292905 546378
578435 339964 578435 339964 295379 554303 295379 554303
574874 285101 574874 285101 341475 584266 341475 584266
572307 245541 572307 245541 367295 614348 367295 614348
569704 205451 569704 205451 381556 651906 381556 651906
569250 198452 569250 198452 388119 654381 388119 654381
567084 165079 567084 165079 397285 622219 397285 622219
552196 185760 552196 185760 404269 597712 404269 597712
509999 244376 509999 244376 468047 631606 468047 631606
470110 299787 470110 299787 501913 690890 501913 690890
428944 281975 428944 281975 524162 729837 524162 729837
353918 254206 353918 254206 563844 799302 563844 799302
350896 253087 350896 253087 565443 802100 565443 802100
364023 268135 364023 268135 575348 819439 575348 819439
410359 321252 410359 321252 597832 752634 597832 752634
416124 327860 416124 327860 590582 747701 590582 747701
395554 329619 395554 329619 573512 736088 573512 736088
389945 330099 389945 330099 572073 730646 572073 730646
387580 341383 387580 341383 569125 719500 569125 719500
382635 364981 382635 364981 570069 695408 570069 695408
382112 368852 382112 368852 570222 691505 570222 691505
377285 404573 377285 404573 585361 658792 585361 658792
375816 415448 375816 415448 576560 652237 576560 652237
380635 411474 380635 411474 571551 648506 571551 648506
388598 404906 388598 404906 561269 649418 561269 649418
395128 399521 395128 399521 560054 641042 560054 641042
402605 392955 402605 392955 558626 631194 558626 631194
404137 391610 404137 391610 557119 629821 557119 629821
413945 391731 413945 391731 549868 623216 549868 623216
454569 377400 454569 377400 518021 594208 518021 594208
459162 386960 459162 386960 510180 587066 510180 587066
463155 395271 463155 395271 509567 577866 509567 577866
490979 403783 490979 403783 507634 548833 507634 548833
491769 412386 491769 412386 507060 540213 507060 540213
495182 449561 495182 449561 502310 503185 502310 503185
500805 510811 500805 510811 447768 474754 447768 474754
506697 574989 506697 574989 461593 411806 461593 411806
511085 622784 511085 622784 498366 442650 498366 442650
535706 678967 535706 678967 545363 482071 545363 482071
536994 681907 536994 681907 544636 485197 544636 485197
514578 672398 514578 672398 539124 508914 539124 508914
501326 666777 501326 666777 546427 521320 546427 521320
489014 661554 489014 661554 558867 516412 558867 516412
454105 689038 454105 689038 600196 500105 600196 500105
457510 691469 457510 691469 604088 498569 604088 498569
468957 699640 468957 699640 617574 502559 617574 502559
470427 721203 470427 721203 638299 508690 638299 508690
472014 744481 472014 744481 636322 485442 636322 485442
470792 746050 470792 746050 636153 483460 636153 483460
457934 762556 457934 762556 651182 468903 651182 468903
455481 762425 455481 762425 652947 467194 652947 467194
421294 760595 421294 760595 620439 456456 620439 456456
380730 758425 380730 758425 585376 435944 585376 435944
376289 764226 376289 764226 579070 432255 579070 432255
366222 777376 366222 777376 595484 430056 595484 430056
355534 775413 355534 775413 606255 428614 606255 428614
349433 773050 349433 773050 612740 427745 612740 427745
306833 756553 306833 756553 620778 382775 620778 382775
279859 746107 279859 746107 604045 359180 604045 359180
253894 743986 253894 743986 588975 337930 588975 337930
245066 743265 245066 743265 595773 332252 595773 332252
263049 737990 263049 737990 610156 320238 610156 320238
292417 729376 292417 729376 638184 332532 638184 332532
302989 726275 302989 726275 647547 338337 647547 338337
308325 724710 308325 724710 646207 332940 646207 332940
343828 713593 343828 713593 637241 296833 637241 296833
365255 706884 365255 706884 651904 279830 651904 279830
359417 687006 359417 687006 665434 264141 665434 264141
370662 694379 370662 694379 674216 253958 674216 253958
408859 689005 408859 689005 699407 224747 699407 224747
400318 666565 400318 666565 715088 206564 715088 206564
397463 643636 397463 643636 730178 189066 730178 189066
387578 564249 387578 564249 711848 266938 711848 266938
383253 529518 383253 529518 703829 301006 703829 301006
353725 518878 353725 518878 696637 331558 696637 331558
331906 511016 331906 511016 694020 354602 694020 354602
302103 526754 302103 526754 690216 388089 690216 388089
299349 528208 299349 528208 691982 390655 691982 390655
304527 509637 304527 509637 702914 406535 702914 406535
308590 495066 308590 495066 716566 413049 716566 413049
310437 488440 310437 488440 721204 418129 721204 418129
314287 474631 314287 474631 724564 432066 724564 432066
329629 419608 329629 419608 780734 421681 780734 421681
306047 429149 306047 429149 805749 417056 805749 417056
303817 427307 303817 427307 808593 416530 808593 416530
287189 413567 287189 413567 829218 422845 829218 422845
267851 397589 267851 397589 836787 398929 836787 398929
260272 355198 260272 355198 849780 357873 849780 357873
279137 320135 279137 320135 861794 319913 861794 319913
276407 319750 276407 319750 862626 317284 862626 317284
269377 318757 269377 318757 866366 311250 866366 311250
269377 318757 269377 318757 906308 246816 906308 246816
