863450 207388 863450 207388 501206 170343 501206 170343
849290 223860 849290 223860 479572 172294 479572 172294
848244 225077 848244 225077 478147 173032 478147 173032
828186 238839 828186 238839 456546 184217 456546 184217
820048 269924 820048 269924 428012 198992 428012 198992
819087 273595 819087 273595 425021 196656 425021 196656
818932 274188 818932 274188 424703 196132 424703 196132
826471 284221 826471 284221 418192 185403 418192 185403
831161 290463 831161 290463 415451 192713 415451 192713
846307 310620 846307 310620 391243 199762 391243 199762
877547 307803 877547 307803 361127 208532 361127 208532
866699 326483 866699 326483 340387 214572 340387 214572
865837 327561 865837 327561 339062 214958 339062 214958
827866 375051 827866 375051 300841 262247 300841 262247
825886 356337 825886 356337 289012 276883 289012 276883
824230 340690 824230 340690 273589 273770 273589 273770
812627 326359 812627 326359 255514 270122 255514 270122
804351 316137 804351 316137 252514 282927 252514 282927
793066 302199 793066 302199 236518 274818 236518 274818
789643 297971 789643 297971 232408 271254 232408 271254
758146 315672 758146 315672 205111 247584 205111 247584
756800 314980 756800 314980 203968 246592 203968 246592
734545 303532 734545 303532 188895 226613 188895 226613
748480 291228 748480 291228 177699 211773 177699 211773
746864 288739 746864 288739 175912 209404 175912 209404
737624 274510 737624 274510 172151 225947 172151 225947
756423 271473 756423 271473 167929 244516 167929 244516
793810 284657 793810 284657 159140 283173 159140 283173
790490 269779 790490 269779 155761 298038 155761 298038
789568 265648 789568 265648 151806 299545 151806 299545
789104 263569 789104 263569 152903 301371 152903 301371
769067 251836 769067 251836 164861 321275 164861 321275
772282 248428 772282 248428 167274 325291 167274 325291
797522 240640 797522 240640 180878 347932 180878 347932
797475 236489 797475 236489 183016 351491 183016 351491
797255 217093 797255 217093 163656 350293 163656 350293
799303 210448 799303 210448 156716 349864 156716 349864
813564 164172 813564 164172 108298 349113 108298 349113
816377 155042 816377 155042 112549 357669 112549 357669
782856 120724 782856 120724 133895 400631 133895 400631
780598 120426 780598 120426 134908 402670 134908 402670
761238 117868 761238 117868 154075 398930 154075 398930
752194 160859 752194 160859 197194 390515 197194 390515
751916 162182 751916 162182 197874 389347 197874 389347
751950 193108 751950 193108 213439 362624 213439 362624
728911 189383 728911 189383 225186 342457 225186 342457
728291 198104 728291 198104 229586 334902 229586 334902
727322 211720 727322 211720 239600 325626 239600 325626
733472 215947 733472 215947 245075 320555 245075 320555
734435 232339 734435 232339 257121 309396 257121 309396
733868 237066 733868 237066 260614 306161 260614 306161
733173 242863 733173 242863 263342 300999 263342 300999
732024 252443 732024 252443 272678 303437 272678 303437
737920 256703 737920 256703 279716 305275 279716 305275
734232 257616 734232 257616 283392 306235 283392 306235
711966 263129 711966 263129 302879 318336 302879 318336
697489 266714 697489 266714 312405 306861 312405 306861
695721 269173 695721 269173 314339 304530 314339 304530
690633 257102 690633 257102 322706 294451 322706 294451
683690 240631 683690 240631 334732 281227 334732 281227
692109 229382 692109 229382 344186 270832 344186 270832
695132 222362 695132 222362 349328 265178 349328 265178
698420 214729 698420 214729 351202 273275 351202 273275
695139 205155 695139 205155 353485 283135 353485 283135
693944 201668 693944 201668 356041 285791 356041 285791
693795 201234 693795 201234 356425 286041 356425 286041
691810 172184 691810 172184 380824 301933 380824 301933
688694 171573 688694 171573 383485 303666 383485 303666
671528 168208 671528 168208 387188 286570 387188 286570
653469 164669 653469 164669 388683 268228 388683 268228
636983 161437 636983 161437 396434 253323 396434 253323
638863 185403 638863 185403 407524 231995 407524 231995
639378 191961 639378 191961 414039 231084 414039 231084
641118 214146 641118 214146 423601 251178 423601 251178
641484 218810 641484 218810 419795 253900 419795 253900
637251 220448 637251 220448 416103 256540 416103 256540
631211 222785 631211 222785 417615 262837 417615 262837
620274 227018 620274 227018 412872 273563 412872 273563
624099 232353 624099 232353 410217 279566 410217 279566
640527 255266 640527 255266 437455 286845 437455 286845
647530 265032 647530 265032 441315 298226 441315 298226
652749 273283 652749 273283 444451 307472 444451 307472
664505 291868 664505 291868 448760 285908 448760 285908
667105 295978 667105 295978 453362 284335 453362 284335
680117 316549 680117 316549 462140 261632 462140 261632
662621 319305 662621 319305 468527 245112 468527 245112
624927 325242 624927 325242 481218 281099 481218 281099
593166 330245 593166 330245 510898 268735 510898 268735
589097 331074 589097 331074 514731 267138 514731 267138
520913 344964 520913 344964 556432 322843 556432 322843
515663 346034 515663 346034 556592 328198 556592 328198
502120 340967 502120 340967 557025 342652 557025 342652
470483 329130 470483 329130 550613 375817 550613 375817
465697 327339 465697 327339 553487 380042 553487 380042
450461 312839 450461 312839 565317 397432 565317 397432
436763 299803 436763 299803 570570 415598 570570 415598
424085 286033 424085 286033 575770 433578 575770 433578
405118 313506 405118 313506 585044 465649 585044 465649
393884 313042 393884 313042 588168 476450 588168 476450
329750 310395 329750 310395 526497 458652 526497 458652
320342 310007 320342 310007 523443 449745 523443 449745
330597 327740 330597 327740 516799 430367 516799 430367
340600 345037 340600 345037 501792 417176 501792 417176
354552 369163 354552 369163 521762 397735 521762 397735
355003 370146 355003 370146 522537 396981 522537 396981
359599 380147 359599 380147 517702 387093 517702 387093
365585 393174 365585 393174 507978 397628 507978 397628
372898 409090 372898 409090 490798 401039 490798 401039
379227 422863 379227 422863 486427 386525 486427 386525
381827 428521 381827 428521 489102 380903 489102 380903
388897 443907 388897 443907 496530 365686 496530 365686
392012 438799 392012 438799 499155 360310 499155 360310
417231 397447 417231 397447 453385 344463 453385 344463
419239 394155 419239 394155 454133 348246 454133 348246
415185 367598 415185 367598 459347 374600 459347 374600
421849 366303 421849 366303 460664 381259 460664 381259
448766 361074 448766 361074 452263 407361 452263 407361
453227 360207 453227 360207 449900 411243 449900 411243
463232 358263 463232 358263 449972 421434 449972 421434
468809 357179 468809 357179 453467 425914 453467 425914
471292 356697 471292 356697 455139 424017 455139 424017
475799 375391 475799 375391 467853 409590 467853 409590
476100 376637 476100 376637 468600 410632 468600 410632
484944 380151 484944 380151 474145 418366 474145 418366
486777 381077 486777 381077 475342 420035 475342 420035
488988 382193 488988 382193 475641 422494 475641 422494
504439 389996 504439 389996 475071 439794 475071 439794
524108 399928 524108 399928 478682 461530 478682 461530
527953 401870 527953 401870 474388 461873 474388 461873
567771 421977 567771 421977 433189 478973 433189 478973
558345 433343 558345 433343 419551 484633 419551 484633
540068 455379 540068 455379 411734 457092 411734 457092
521052 478307 521052 478307 432927 436159 432927 436159
519084 480680 519084 480680 431078 433692 431078 433692
552570 501425 552570 501425 407446 402177 407446 402177
579818 518305 579818 518305 391834 430171 391834 430171
615074 540146 615074 540146 352452 417169 352452 417169
625351 546513 625351 546513 343560 408978 343560 408978
633687 548004 633687 548004 337332 403240 337332 403240
662988 553243 662988 553243 316316 424319 316316 424319
694338 558848 694338 558848 299515 397264 299515 397264
725205 564367 725205 564367 279810 421655 279810 421655
729801 567270 729801 567270 276394 425884 276394 425884
731963 568635 731963 568635 274253 427282 274253 427282
753543 552194 753543 552194 251539 442116 251539 442116
754959 551115 754959 551115 249765 442264 249765 442264
766823 554438 766823 554438 237487 443290 237487 443290
765965 562990 765965 562990 228922 444006 228922 444006
780949 565922 780949 565922 213707 445278 213707 445278
781597 560389 781597 560389 208155 445742 208155 445742
785193 559430 785193 559430 204447 446052 204447 446052
794647 556909 794647 556909 209305 454546 209305 454546
805237 556329 805237 556329 214570 463752 214570 463752
805453 549951 805453 549951 217738 469292 217738 469292
803744 546274 803744 546274 219751 472812 219751 472812
791580 520110 791580 520110 248414 476123 248414 476123
822919 543059 822919 543059 287000 480581 287000 480581
832551 557079 832551 557079 303898 482533 303898 482533
838275 553321 838275 553321 310700 483319 310700 483319
875901 528618 875901 528618 348216 508189 348216 508189
882568 522782 882568 522782 355601 513084 355601 513084
876181 533329 876181 533329 365878 519897 365878 519897
855988 566677 855988 566677 326983 522546 326983 522546
821576 581895 821576 581895 289443 525103 289443 525103
815273 594590 815273 594590 275302 526066 275302 526066
813753 597651 813753 597651 273255 523329 273255 523329
808535 608160 808535 608160 266039 532580 266039 532580
809921 616823 809921 616823 260643 539498 260643 539498
810891 622892 810891 622892 254529 538875 254529 538875
814950 648264 814950 648264 269094 560043 269094 560043
817292 662906 817292 662906 274241 573949 274241 573949
820875 685307 820875 685307 286646 592943 286646 592943
824129 705654 824129 705654 267012 586692 267012 586692
776276 651911 776276 651911 198443 564863 198443 564863
770176 645060 770176 645060 192551 557832 192551 557832
774688 640456 774688 640456 188411 552891 188411 552891
769734 612243 769734 612243 170013 530936 170013 530936
782250 611271 782250 611271 161950 521314 161950 521314
787899 610832 787899 610832 158190 517075 158190 517075
786376 596312 786376 596312 148501 506153 148501 506153
780030 585137 780030 585137 139973 496540 139973 496540
778193 586963 778193 586963 138254 494602 138254 494602
767771 597320 767771 597320 128087 505210 128087 505210
741090 593784 741090 593784 109464 524641 109464 524641
734417 595995 734417 595995 104600 529716 104600 529716
728758 597869 728758 597869 103869 535632 103869 535632
689510 612262 689510 612262 98742 577120 98742 577120
658569 623609 658569 623609 108503 608598 108503 608598
631219 633639 631219 633639 108503 608598 108503 608598
613505 694289 613505 694289 108503 608598 108503 608598
534396 706193 534396 706193 108503 608598 108503 608598
511020 709711 511020 709711 108503 608598 108503 608598
437442 678307 437442 678307 108503 608598 108503 608598
363863 646903 363863 646903 108503 608598 108503 608598
359792 645165 359792 645165 108503 608598 108503 608598
280022 639099 280022 639099 108503 608598 108503 608598
265208 637973 265208 637973 108503 608598 108503 608598
302146 600140 302146 600140 108503 608598 108503 608598
324001 582421 324001 582421 108503 608598 108503 608598
290950 554589 290950 554589 108503 608598 108503 608598
247958 487123 247958 487123 108503 608598 108503 608598
246023 484087 246023 484087 108503 608598 108503 608598
178529 516001 178529 516001 108503 608598 108503 608598
192776 561366 192776 561366 108503 608598 108503 608598
