246795 453685 246795 453685 929516 714074 929516 714074
255739 450799 255739 450799 920263 712430 920263 712430
280274 420896 280274 420896 882179 705665 882179 705665
283532 416926 283532 416926 877138 704685 877138 704685
281516 408411 281516 408411 868548 703014 868548 703014
300747 397703 300747 397703 846942 698812 846942 698812
314085 396403 314085 396403 833787 696254 833787 696254
340560 393822 340560 393822 854606 679696 854606 679696
340704 393808 340704 393808 854545 679565 854545 679565
338940 408421 338940 408421 848338 666219 848338 666219
338398 412912 338398 412912 843899 665347 843899 665347
347162 433355 347162 433355 822074 661059 822074 661059
354665 450856 354665 450856 810080 675849 810080 675849
380103 448990 380103 448990 794014 695659 794014 695659
382447 448818 382447 448818 792740 693684 792740 693684
401416 441409 401416 441409 781705 676568 781705 676568
408998 438448 408998 438448 786075 669701 786075 669701
419923 434182 419923 434182 789509 658487 789509 658487
420754 433857 420754 433857 789639 657604 789639 657604
420292 427581 420292 427581 790552 651377 790552 651377
420197 426292 420197 426292 789778 650343 789778 650343
424413 427181 424413 427181 787196 646893 787196 646893
442894 431078 442894 431078 784664 628176 784664 628176
453307 433273 453307 433273 774190 630060 774190 630060
467725 436313 467725 436313 774070 644794 774070 644794
501203 443371 501203 443371 757455 674703 757455 674703
511847 445616 511847 445616 747100 671371 747100 671371
516606 446619 516606 446619 746693 666524 746693 666524
516553 446653 516553 446653 746688 666462 746688 666462
502223 455747 502223 455747 749730 649764 749730 649764
497424 458793 497424 458793 751150 644261 751150 644261
495620 459938 495620 459938 749013 644301 749013 644301
489788 462114 489788 462114 742790 644416 742790 644416
470467 469322 470467 469322 724517 653975 724517 653975
447277 477973 447277 477973 701255 645519 701255 645519
431811 483743 431811 483743 695275 660905 695275 660905
424704 471296 424704 471296 690082 674264 690082 674264
422961 468243 422961 468243 691213 677593 691213 677593
406886 465591 406886 465591 696453 693019 696453 693019
382593 461583 382593 461583 672214 688696 672214 688696
373528 463769 373528 463769 663034 687058 663034 687058
362509 488857 362509 488857 636058 682247 636058 682247
362267 489408 362267 489408 635698 682728 635698 682728
350652 480523 350652 480523 626934 694436 626934 694436
332761 466837 332761 466837 605417 701099 605417 701099
335749 459189 335749 459189 597574 703528 597574 703528
340193 455885 340193 455885 592284 705166 592284 705166
326095 456487 326095 456487 578804 709340 578804 709340
297976 455085 297976 455085 551910 717667 551910 717667
308937 491939 308937 491939 515181 729041 515181 729041
313094 505927 313094 505927 501242 733357 501242 733357
317250 510005 317250 510005 495680 735079 495680 735079
315159 511275 315159 511275 493343 735803 493343 735803
326008 576391 326008 576391 430283 755330 430283 755330
345501 525037 345501 525037 377812 771578 377812 771578
341354 517773 341354 517773 369822 774052 369822 774052
342274 514115 342274 514115 366219 775168 366219 775168
353985 518007 353985 518007 354430 778818 354430 778818
364730 530344 364730 530344 338802 783657 338802 783657
375009 530268 375009 530268 328983 786698 328983 786698
377770 523712 377770 523712 322188 788802 322188 788802
380145 518073 380145 518073 320825 794767 320825 794767
385854 509055 385854 509055 318448 805172 318448 805172
390820 520628 390820 520628 315643 817450 315643 817450
410511 521231 410511 521231 311255 836655 311255 836655
418863 523825 418863 523825 309308 845181 309308 845181
407941 540388 407941 540388 304889 864522 304889 864522
407688 541112 407688 541112 304718 865270 304718 865270
401674 558341 401674 558341 290137 876243 290137 876243
411629 559004 411629 559004 282166 882243 282166 882243
422869 570473 422869 570473 269335 891899 269335 891899
454140 602382 454140 602382 237676 860375 237676 860375
452478 606903 452478 606903 234262 856976 234262 856976
447321 620928 447321 620928 245183 846777 245183 846777
461075 651645 461075 651645 269781 823806 269781 823806
461590 652303 461590 652303 270391 823236 270391 823236
470749 663998 470749 663998 274529 808969 274529 808969
474146 674990 474146 674990 277734 797920 277734 797920
484815 664768 484815 664768 281851 783729 281851 783729
488661 643907 488661 643907 287760 763356 287760 763356
490067 636278 490067 636278 280177 761719 280177 761719
504583 610658 504583 610658 251394 755504 251394 755504
505260 619989 505260 619989 242250 753529 242250 753529
506019 630438 506019 630438 232983 758417 232983 758417
512305 646427 512305 646427 217787 766433 217787 766433
513022 651684 513022 651684 213095 768908 213095 768908
532619 660989 532619 660989 193907 779030 193907 779030
526587 662482 526587 662482 188410 781929 188410 781929
507055 667318 507055 667318 178472 764433 178472 764433
504536 671122 504536 671122 176218 760466 176218 760466
492219 689724 492219 689724 162576 742813 162576 742813
477120 691480 477120 691480 153282 730785 153282 730785
458212 693679 458212 693679 134408 733259 134408 733259
441677 698494 441677 698494 117332 735497 117332 735497
430038 701883 430038 701883 127791 729368 127791 729368
417828 682245 417828 682245 147742 717677 147742 717677
417161 679303 417161 679303 150345 716152 150345 716152
410994 652104 410994 652104 167524 694181 167524 694181
408440 640841 408440 640841 169672 705528 169672 705528
392704 644066 392704 644066 172659 721311 172659 721311
384718 645703 384718 645703 180741 720243 180741 720243
380496 698583 380496 698583 233331 713290 233331 713290
385518 715060 385518 715060 250408 711032 250408 711032
387014 718718 387014 718718 254326 710514 254326 710514
404938 762537 404938 762537 259390 663442 259390 663442
409246 773070 409246 773070 268092 670775 268092 670775
427775 765974 427775 765974 283265 683560 283265 683560
438284 773254 438284 773254 293041 691798 293041 691798
499901 815936 499901 815936 366527 677025 366527 677025
513895 789114 513895 789114 396187 671063 396187 671063
526488 757115 526488 757115 429900 664285 429900 664285
513947 707776 513947 707776 479809 654252 479809 654252
534924 719528 534924 719528 503382 649513 503382 649513
581618 702516 581618 702516 552104 639718 552104 639718
604273 701256 604273 701256 574349 635246 574349 635246
603447 697998 603447 697998 577644 634584 577644 634584
596909 672197 596909 672197 604165 632333 604165 632333
593250 657759 593250 657759 618028 637780 618028 637780
592648 655382 592648 655382 618250 640222 618250 640222
586121 639758 586121 639758 619782 657085 619782 657085
577153 618294 577153 618294 639315 644452 639315 644452
588975 589413 588975 589413 665519 627504 665519 627504
589134 589023 589134 589023 665756 627156 665756 627156
641150 538325 641150 538325 706587 567083 706587 567083
655314 524520 655314 524520 725175 573841 725175 573841
687566 521928 687566 521928 755584 584896 755584 584896
694544 521367 694544 521367 752060 590945 752060 590945
707877 524155 707877 524155 745204 602715 745204 602715
711165 548805 711165 548805 732686 624203 732686 624203
713825 568740 713825 568740 752794 623808 752794 623808
714179 568195 714179 568195 753444 623795 753444 623795
719300 560311 719300 560311 758576 615919 758576 615919
725499 550768 725499 550768 769955 616079 769955 616079
732685 548571 732685 548571 777468 616184 777468 616184
743837 545162 743837 545162 781870 605385 781870 605385
744571 544938 744571 544938 782217 606070 782217 606070
756513 546234 756513 546234 787649 616783 787649 616783
767285 547404 767285 547404 797542 612362 797542 612362
760784 524967 760784 524967 818869 602831 818869 602831
760100 522607 760100 522607 819409 600434 819409 600434
753318 499196 753318 499196 843772 599729 843772 599729
750585 489765 750585 489765 837639 607398 837639 607398
747449 483829 747449 483829 833446 612641 833446 612641
768200 474640 768200 474640 819272 630364 819272 630364
774450 471872 774450 471872 825391 633412 825391 633412
766195 466400 766195 466400 834256 637828 834256 637828
754511 458654 754511 458654 847853 641238 847853 641238
754978 457991 754978 457991 848640 641435 848640 641435
761439 448818 761439 448818 858092 647479 858092 647479
770083 436546 770083 436546 860924 632737 860924 632737
773459 431752 773459 431752 864385 637469 864385 637469
781812 419893 781812 419893 877152 644356 877152 644356
789503 409408 789503 409408 888596 650530 888596 650530
798512 397128 798512 397128 882766 636460 882766 636460
801609 406299 801609 406299 879061 627517 879061 627517
817331 452864 817331 452864 898932 582566 898932 582566
790043 471067 790043 471067 912195 552564 912195 552564
810469 513544 810469 513544 931251 509456 931251 509456
825171 514241 825171 514241 937202 495994 937202 495994
842574 515065 842574 515065 927220 481714 927220 481714
828559 563950 828559 563950 898083 440034 898083 440034
812991 555176 812991 555176 887845 425388 887845 425388
799731 565892 799731 565892 878077 411415 878077 411415
791073 569151 791073 569151 872777 403832 872777 403832
791185 583325 791185 583325 864656 392215 864656 392215
770873 620658 770873 620658 840305 357381 840305 357381
789793 692914 789793 692914 797511 296164 797511 296164
820575 704809 820575 704809 778604 269117 778604 269117
820575 704809 820575 704809 748098 225477 748098 225477
820575 704809 820575 704809 701642 253603 701642 253603
820575 704809 820575 704809 664781 242970 664781 242970
820575 704809 820575 704809 659594 216464 659594 216464
820575 704809 820575 704809 632091 141340 632091 141340
820575 704809 820575 704809 631400 139454 631400 139454
820575 704809 820575 704809 634532 219393 634532 219393
820575 704809 820575 704809 636047 258058 636047 258058
820575 704809 820575 704809 583037 306753 583037 306753
820575 704809 820575 704809 574897 301582 574897 301582
820575 704809 820575 704809 497623 322287 497623 322287
820575 704809 820575 704809 478257 327476 478257 327476
820575 704809 820575 704809 398471 321626 398471 321626
820575 704809 820575 704809 318685 315775 318685 315775
820575 704809 820575 704809 315330 315529 315330 315529
820575 704809 820575 704809 280404 299237 280404 299237
820575 704809 820575 704809 270709 268525 270709 268525
820575 704809 820575 704809 283575 246680 283575 246680
820575 704809 820575 704809 271388 229396 271388 229396
820575 704809 820575 704809 249863 254588 249863 254588
820575 704809 820575 704809 239940 228450 239940 228450
820575 704809 820575 704809 232718 221666 232718 221666
820575 704809 820575 704809 231803 209121 231803 209121
820575 704809 820575 704809 275944 142401 275944 142401
820575 704809 820575 704809 297439 109911 297439 109911
820575 704809 820575 704809 239934 165527 239934 165527
820575 704809 820575 704809 233095 172141 233095 172141
820575 704809 820575 704809 190970 192406 190970 192406
820575 704809 820575 704809 185256 255233 185256 255233
820575 704809 820575 704809 174006 259659 174006 259659
820575 704809 820575 704809 204845 292782 204845 292782
820575 704809 820575 704809 226871 304951 226871 304951
820575 704809 820575 704809 231722 358262 231722 358262
820575 704809 820575 704809 202231 323337 202231 323337
820575 704809 820575 704809 193932 330321 193932 330321
820575 704809 820575 704809 164416 360036 164416 360036
820575 704809 820575 704809 167432 306823 167432 306823
820575 704809 820575 704809 134079 237981 134079 237981
