797995 690113 797995 690113 374604 863207 374604 863207
760011 702574 760011 702574 355214 828249 355214 828249
762735 674826 762735 674826 341690 803867 341690 803867
764137 660545 764137 660545 333008 792442 333008 792442
787214 654635 787214 654635 318595 773475 318595 773475
788005 653719 788005 653719 317863 772511 317863 772511
815408 621965 815408 621965 280340 753769 280340 753769
785244 606035 785244 606035 249823 738526 249823 738526
775222 600743 775222 600743 259088 731998 259088 731998
745334 630442 745334 630442 293531 707729 293531 707729
736414 611789 736414 611789 310432 695820 310432 695820
726252 619236 726252 619236 320731 688563 320731 688563
712224 629516 712224 629516 329087 703816 329087 703816
710653 627456 710653 627456 330332 706088 330332 706088
702100 616241 702100 616241 330673 720188 330673 720188
698239 611178 698239 611178 336801 721915 336801 721915
687371 639633 687371 639633 366119 730179 366119 730179
686041 643115 686041 643115 367278 733721 367278 733721
692297 658048 692297 658048 372313 749109 372313 749109
696085 667092 696085 667092 376379 740186 376379 740186
675658 671804 675658 671804 385072 721110 385072 721110
692930 689417 692930 689417 395301 698663 395301 698663
717060 677493 717060 677493 406462 674170 406462 674170
714898 684077 714898 684077 409336 667864 409336 667864
718246 687280 718246 687280 411257 663648 411257 663648
719628 688602 719628 688602 411176 665559 411176 665559
727199 726555 727199 726555 409536 704225 409536 704225
708875 732952 708875 732952 408714 723616 408714 723616
682101 742298 682101 742298 422190 748568 422190 748568
680130 742986 680130 742986 424265 748340 424265 748340
656864 727349 656864 727349 452130 745285 452130 745285
641101 716755 641101 716755 439076 759080 439076 759080
640905 716857 640905 716857 438924 759241 438924 759241
618647 728493 618647 728493 432959 783638 432959 783638
618314 693605 618314 693605 424672 817529 424672 817529
642525 693979 642525 693979 418921 841050 418921 841050
663168 694297 663168 694297 439461 838963 439461 838963
657285 681289 657285 681289 453664 837520 453664 837520
663550 675036 663550 675036 462471 836625 462471 836625
658665 662385 658665 662385 475963 835254 475963 835254
660079 660595 660079 660595 478232 835024 478232 835024
656681 654814 656681 654814 484903 834346 484903 834346
655248 651349 655248 651349 488634 833967 488634 833967
641148 617244 641148 617244 511898 805319 511898 805319
630175 590703 630175 590703 534732 787899 534732 787899
627450 587946 627450 587946 537814 785547 537814 785547
585937 545942 585937 545942 581989 824742 581989 824742
582992 542962 582992 542962 582471 820581 582471 820581
596306 510970 596306 510970 586454 786159 586454 786159
610832 513680 610832 513680 588153 771480 588153 771480
644667 519993 644667 519993 578720 738379 578720 738379
653807 479464 653807 479464 567334 698423 567334 698423
671424 483300 671424 483300 562393 681083 562393 681083
671619 483145 671619 483145 562325 680843 562325 680843
688708 469566 688708 469566 584071 678965 584071 678965
689557 474363 689557 474363 588924 678545 588924 678545
685144 477151 685144 477151 594125 678096 594125 678096
685034 477531 685034 477531 594519 678062 594519 678062
680646 492687 680646 492687 609732 673878 609732 673878
677418 506248 677418 506248 623173 670182 623173 670182
707344 515225 707344 515225 653298 661897 653298 661897
721225 519389 721225 519389 667023 657243 667023 657243
726807 511884 726807 511884 675881 654240 675881 654240
741564 492046 741564 492046 687122 632218 687122 632218
743926 488871 743926 488871 691046 632729 691046 632729
749053 477066 749053 477066 703808 634391 703808 634391
767028 484516 767028 484516 723103 636904 723103 636904
780383 490051 780383 490051 736130 643172 736130 643172
794710 472072 794710 472072 756846 653141 756846 653141
808840 454340 808840 454340 767772 673008 767772 673008
819559 440889 819559 440889 769749 690093 769749 690093
820501 439707 820501 439707 770867 691110 770867 691110
830653 426968 830653 426968 785772 697683 785772 697683
842409 412215 842409 412215 779238 715379 779238 715379
835387 407343 835387 407343 776277 723397 776277 723397
809165 389148 809165 389148 806571 713352 806571 713352
807246 387817 807246 387817 806731 715682 806731 715682
794185 402410 794185 402410 808074 735220 808074 735220
781325 416776 781325 416776 790400 742927 790400 742927
775529 423252 775529 423252 786930 750895 786930 750895
761427 439008 761427 439008 806673 758466 806673 758466
757524 443368 757524 443368 810420 762961 810420 762961
756517 445813 756517 445813 812114 764992 812114 764992
754578 443722 754578 443722 813940 767182 813940 767182
743710 432002 743710 432002 829674 769994 829674 769994
732207 419597 732207 419597 822810 785457 822810 785457
731637 420670 731637 420670 822317 786567 822317 786567
722108 438615 722108 438615 803172 793371 803172 793371
721526 443063 721526 443063 798945 794873 798945 794873
719222 460678 719222 460678 791322 778827 791322 778827
719121 461447 719121 461447 790547 778861 790547 778861
707056 452552 707056 452552 775572 779523 775572 779523
702252 447716 702252 447716 768762 779824 768762 779824
701867 447328 701867 447328 768236 779676 768236 779676
689320 440212 689320 440212 754347 775781 754347 775781
681675 435876 681675 435876 754161 784568 754161 784568
684201 434641 684201 434641 754101 787379 754101 787379
685541 433985 685541 433985 752757 786730 752757 786730
694181 424126 694181 424126 740952 781031 740952 781031
696493 421488 696493 421488 737463 780672 737463 780672
689284 419684 689284 419684 730070 779912 730070 779912
673058 415624 673058 415624 730554 763193 730554 763193
669470 404363 669470 404363 730896 751379 730896 751379
668494 401300 668494 401300 734043 752032 734043 752032
663829 386658 663829 386658 737840 737141 737840 737141
662392 387012 662392 387012 738206 735707 738206 735707
647564 390664 647564 390664 752860 740003 752860 740003
639976 392534 639976 392534 748905 733262 748905 733262
636661 393350 636661 393350 747479 730160 747479 730160
640053 401089 640053 401089 743950 722483 743950 722483
645674 413911 645674 413911 736146 710860 736146 710860
645480 414256 645480 414256 735925 710531 735925 710531
641312 421675 641312 421675 728274 714256 728274 714256
634890 433108 634890 433108 716688 708114 716688 708114
631453 434357 631453 434357 713457 706401 713457 706401
617065 439585 617065 439585 698821 710886 698821 710886
596409 422559 596409 422559 673227 718729 673227 718729
591845 427111 591845 427111 667064 720617 667064 720617
579878 439048 579878 439048 675402 705914 675402 705914
569064 449834 569064 449834 665767 694062 665767 694062
554461 464399 554461 464399 646679 701873 646679 701873
537172 481644 537172 481644 641613 725761 641613 725761
518565 500203 518565 500203 624627 745814 624627 745814
514769 503990 514769 503990 629581 747866 629581 747866
492211 526489 492211 526489 659175 759668 659175 759668
472905 545746 472905 545746 684935 768609 684935 768609
474359 552433 474359 552433 691400 770853 691400 770853
476123 560550 476123 560550 693530 778882 693530 778882
478582 571858 478582 571858 694070 790442 694070 790442
481894 587094 481894 587094 700567 804615 700567 804615
483396 594003 483396 594003 707219 802219 707219 802219
479184 612900 479184 612900 725434 795657 725434 795657
476281 625923 476281 625923 736265 803449 736265 803449
470709 650923 470709 650923 718615 822010 718615 822010
464279 679768 464279 679768 701442 846062 701442 846062
463813 681859 463813 681859 703442 845294 703442 845294
442869 654227 442869 654227 735808 832861 735808 832861
427674 634178 427674 634178 751069 812862 751069 812862
415093 617580 415093 617580 769314 802818 769314 802818
404023 614085 404023 614085 779484 797219 779484 797219
383251 607527 383251 607527 778036 818953 778036 818953
377971 605860 377971 605860 781958 822861 781958 822861
384937 565701 384937 565701 810829 851632 810829 851632
390607 533011 390607 533011 825345 821798 825345 821798
397115 520968 397115 520968 831334 809489 831334 809489
401780 512334 401780 512334 834153 800088 834153 800088
415165 487564 415165 487564 857393 815980 857393 815980
416323 485421 416323 485421 859026 817788 859026 817788
399412 479730 399412 479730 870988 831027 870988 831027
362126 467183 362126 467183 910326 831498 910326 831498
347762 462349 347762 462349 904922 817339 904922 817339
409074 424892 409074 424892 879302 750213 879302 750213
410929 423858 410929 423858 878545 748229 878545 748229
422428 417452 422428 417452 866014 752259 866014 752259
463411 394619 463411 394619 833768 718184 833768 718184
470675 390571 470675 390571 839522 712180 839522 712180
482595 383930 482595 383930 830774 701708 830774 701708
484961 382612 484961 382612 831671 699153 831671 699153
454392 335919 454392 335919 850152 646492 850152 646492
455164 328132 455164 328132 852743 639108 852743 639108
456355 323436 456355 323436 854347 634537 854347 634537
470655 267070 470655 267070 796335 638572 796335 638572
469607 268015 469607 268015 794927 638670 794927 638670
415523 316778 415523 316778 762584 573426 762584 573426
390770 339096 390770 339096 730354 564939 730354 564939
324329 315883 324329 315883 662295 547017 662295 547017
327318 310705 327318 310705 656513 545495 656513 545495
338138 291958 338138 291958 648452 525406 648452 525406
284103 268394 284103 268394 626500 470697 626500 470697
267408 281136 267408 281136 618679 451206 618679 451206
258512 258642 258512 258642 609671 428756 609671 428756
259070 257519 259070 257519 609204 427592 609204 427592
260737 248316 260737 248316 605721 418912 605721 418912
279866 193296 279866 193296 584029 364851 584029 364851
243793 217737 243793 217737 567803 324412 567803 324412
243423 217987 243423 217987 567540 324052 567540 324052
227301 239092 227301 239092 551864 302613 551864 302613
227784 247834 227784 247834 546697 295545 546697 295545
227909 250106 227909 250106 545953 293395 545953 293395
207743 258935 207743 258935 538754 272591 538754 272591
251418 293412 251418 293412 520556 220007 520556 220007
242844 300968 242844 300968 516819 209208 516819 209208
249748 311386 249748 311386 512732 197397 512732 197397
268653 321285 268653 321285 505753 177230 505753 177230
284231 329020 284231 329020 500065 160794 500065 160794
293250 333498 293250 333498 510095 161685 510095 161685
290502 413451 290502 413451 589781 168765 589781 168765
290500 413511 290500 413511 589841 168770 589841 168770
290342 418112 290342 418112 590040 173370 590040 173370
256947 400185 256947 400185 591682 211236 591682 211236
212200 376164 212200 376164 642108 205191 642108 205191
205836 376164 205836 376164 648427 204433 648427 204433
191768 376164 191768 376164 656001 216288 656001 216288
135797 319004 135797 319004 699070 283705 699070 283705
134300 317476 134300 317476 700222 285508 700222 285508
141622 308756 141622 308756 706352 295103 706352 295103
178212 265181 178212 265181 721210 240177 721210 240177
176422 262879 176422 262879 721971 237362 721971 237362
127328 199714 127328 199714 748702 161960 748702 161960
117548 187132 117548 187132 754027 146940 754027 146940
93446 218437 93446 218437 767228 109702 767228 109702
69182 249954 69182 249954 767228 109702 767228 109702
