260516 168513 260516 168513 839720 311935 839720 311935
215402 221671 215402 221671 855611 379821 855611 379821
215242 221859 215242 221859 855385 379921 855385 379921
168855 273601 168855 273601 791839 408043 791839 408043
163141 279974 163141 279974 783756 410860 783756 410860
177604 287299 177604 287299 768447 416195 768447 416195
195314 296268 195314 296268 758239 399169 758239 399169
214963 314124 214963 314124 744586 376398 744586 376398
216743 324464 216743 324464 739191 367399 739191 367399
218364 333883 218364 333883 729640 367043 729640 367043
218832 336602 218832 336602 726979 366316 726979 366316
221530 352278 221530 352278 720792 351662 720792 351662
226903 343264 226903 343264 716711 341994 716711 341994
251873 301371 251873 301371 764618 332858 764618 332858
254663 300886 254663 300886 767399 332328 767399 332328
269215 298357 269215 298357 769148 317661 769148 317661
295202 293840 295202 293840 793748 308146 793748 308146
323682 288890 323682 288890 802611 280631 802611 280631
355221 283408 355221 283408 772194 270652 772194 270652
434039 269708 434039 269708 692200 271624 692200 271624
463115 264654 463115 264654 662691 271983 662691 271983
467641 261433 467641 261433 657136 272050 657136 272050
476751 254948 476751 254948 657647 283221 657647 283221
493583 249013 493583 249013 658462 301050 658462 301050
490946 231941 490946 231941 659251 318306 659251 318306
485833 198838 485833 198838 683389 341530 683389 341530
482017 174137 482017 174137 686800 366290 686800 366290
512329 202511 512329 202511 692466 407421 692466 407421
530721 219728 530721 219728 683697 431039 683697 431039
538797 227287 538797 227287 694047 427135 694047 427135
541723 227844 541723 227844 696834 426084 696834 426084
566981 232653 566981 232653 719898 437448 719898 437448
591023 237231 591023 237231 705376 457148 705376 457148
594001 237798 594001 237798 707928 458785 707928 458785
605378 237191 605378 237191 717517 464936 717517 464936
580907 251078 580907 251078 741201 480128 741201 480128
579287 258369 579287 258369 747487 484160 747487 484160
579251 258532 579251 258532 747415 484311 747415 484311
543254 281613 543254 281613 729053 522929 729053 522929
571448 310507 571448 310507 711718 559388 711718 559388
571930 311351 571930 311351 711300 560266 711300 560266
601407 362956 601407 362956 710857 619694 710857 619694
620740 396802 620740 396802 699132 582521 699132 582521
607085 429380 607085 429380 688506 548833 688506 548833
598802 449141 598802 449141 667798 543329 667798 543329
593276 462324 593276 462324 655991 551386 655991 551386
591646 465363 591646 465363 653142 553330 653142 553330
577504 491723 577504 491723 623732 547865 623732 547865
573187 490828 573187 490828 619397 547059 619397 547059
542047 484373 542047 484373 628124 516478 628124 516478
545350 493533 545350 493533 630796 507114 630796 507114
554058 517684 554058 517684 606124 500017 606124 500017
556743 518211 556743 518211 603494 499261 603494 499261
566569 520141 566569 520141 611057 492698 611057 492698
578654 521293 578654 521293 620226 484742 620226 484742
589903 526788 589903 526788 629682 476537 629682 476537
596081 529807 596081 529807 631901 470029 631901 470029
605348 534334 605348 534334 632962 459770 632962 459770
610744 536970 610744 536970 638213 462684 638213 462684
650042 514778 650042 514778 677674 484585 677674 484585
682182 496628 682182 496628 653674 456542 653674 456542
682776 496200 682776 496200 653198 455986 653198 455986
698403 484951 698403 484951 648416 437334 648416 437334
705962 492023 705962 492023 645846 427307 645846 427307
725803 510587 725803 510587 621831 414597 621831 414597
754476 537414 754476 537414 594765 443045 594765 443045
772460 554240 772460 554240 588806 419149 588806 419149
782979 564082 782979 564082 574463 420497 574463 420497
807008 556525 807008 556525 549385 422855 549385 422855
841266 545750 841266 545750 538752 457158 538752 457158
852702 542153 852702 542153 532614 467455 532614 467455
864998 538286 864998 538286 532860 480343 532860 480343
879897 533600 879897 533600 529364 495565 529364 495565
868477 557811 868477 557811 523372 521655 523372 521655
847921 601392 847921 601392 536344 568061 536344 568061
843319 611149 843319 611149 537937 578731 537937 578731
816937 624307 816937 624307 542292 607889 542292 607889
800338 632586 800338 632586 530149 593867 530149 593867
778016 637820 778016 637820 515141 576535 515141 576535
752505 621961 752505 621961 495477 553827 495477 553827
718118 634071 718118 634071 471611 526267 471611 526267
716395 634678 716395 634678 469795 526463 469795 526463
712052 649832 712052 649832 454122 528155 454122 528155
724303 667229 724303 667229 432967 530438 432967 530438
718376 674878 718376 674878 423346 531477 423346 531477
709728 686041 709728 686041 416053 543569 416053 543569
717843 685519 717843 685519 411853 550532 411853 550532
741970 683967 741970 683967 402028 528442 402028 528442
767832 682304 767832 682304 421286 511099 421286 511099
768043 682290 768043 682290 421482 511021 421482 511021
770627 693464 770627 693464 432129 506756 432129 506756
763763 708068 763763 708068 447108 500756 447108 500756
778528 700399 778528 700399 462553 494570 462553 494570
781081 699073 781081 699073 465417 494845 465417 494845
781234 699057 781234 699057 465570 494860 465570 494860
821755 694711 821755 694711 475869 455429 475869 455429
826047 704244 826047 704244 478511 445314 478511 445314
830676 704907 830676 704907 479693 440790 479693 440790
860060 709114 860060 709114 465784 414566 465784 414566
862880 709518 862880 709518 463879 412448 463879 412448
859302 724456 859302 724456 453607 401028 453607 401028
854599 744094 854599 744094 433852 396844 433852 396844
825118 761423 825118 761423 400397 389760 400397 389760
814381 767734 814381 767734 401493 377354 401493 377354
806349 811303 806349 811303 405392 333222 405392 333222
793590 810943 793590 810943 406516 320508 406516 320508
759656 795383 759656 795383 409801 283321 409801 283321
744205 788299 744205 788299 392811 283815 392811 283815
761229 762218 761229 762218 361679 284719 361679 284719
770441 748106 770441 748106 357893 268297 357893 268297
734690 747833 734690 747833 349862 233458 349862 233458
725047 747759 725047 747759 347207 224188 347207 224188
716446 748205 716446 748205 344835 215908 344835 215908
687120 749725 687120 749725 364194 193828 364194 193828
687499 752917 687499 752917 366313 191411 366313 191411
691009 782462 691009 782462 336668 188877 336668 188877
676948 776642 676948 776642 321506 187581 321506 187581
673437 775189 673437 775189 322792 191157 322792 191157
655146 767618 655146 767618 316341 209872 316341 209872
656435 737371 656435 737371 306476 238494 306476 238494
657420 714287 657420 714287 283651 234908 283651 234908
657657 708719 657657 708719 285896 240009 285896 240009
644032 696280 644032 696280 293326 256896 293326 256896
613831 668707 613831 668707 258272 277957 258272 277957
620655 668033 620655 668033 252394 281489 252394 281489
638622 666257 638622 666257 270449 281553 270449 281553
641037 669176 641037 669176 274237 281567 274237 281567
662577 670909 662577 670909 295846 281643 295846 281643
662762 670457 662762 670457 296335 281645 296335 281645
671941 648054 671941 648054 320080 286367 320080 286367
672704 646192 672704 646192 320200 288376 320200 288376
673734 622787 673734 622787 321600 311762 321600 311762
669232 612091 669232 612091 322294 323346 322294 323346
678283 593187 678283 593187 323546 344268 323546 344268
684985 579190 684985 579190 312955 355610 312955 355610
682786 579986 682786 579986 311359 357319 311359 357319
664402 586638 664402 586638 292731 351381 292731 351381
657738 576526 657738 576526 281193 347703 281193 347703
653149 569563 653149 569563 280028 355960 280028 355960
624005 574776 624005 574776 275891 385276 275891 385276
602259 578667 602259 578667 297716 388697 297716 388697
600053 579061 600053 579061 298545 386615 298545 386615
576721 583235 576721 583235 322183 384869 322183 384869
564103 582253 564103 582253 334805 383937 334805 383937
560269 582332 560269 582332 338629 383655 338629 383655
513123 583302 513123 583302 375214 413409 375214 413409
502265 583526 502265 583526 370175 423029 370175 423029
497598 575295 497598 575295 365785 431411 365785 431411
487292 557116 487292 557116 382594 443826 382594 443826
480826 553236 480826 553236 388660 448306 388660 448306
430657 523127 430657 523127 360285 499476 360285 499476
407377 509155 407377 509155 351438 525145 351438 525145
392292 500102 392292 500102 335883 533364 335883 533364
397356 511712 397356 511712 324683 539281 324683 539281
425569 576388 425569 576388 272120 492206 272120 492206
428569 583266 428569 583266 267749 498305 267749 498305
427032 586550 427032 586550 265637 501253 265637 501253
407964 627283 407964 627283 282135 543093 282135 543093
405842 631816 405842 631816 286606 545343 286606 545343
400348 643552 400348 643552 294545 555584 294545 555584
378750 682107 378750 682107 321622 590510 321622 590510
362224 661786 362224 661786 337670 611210 337670 611210
320482 610458 320482 610458 309670 671151 309670 671151
310907 614258 310907 614258 305310 680485 305310 680485
257289 635536 257289 635536 338464 727691 338464 727691
218102 651086 218102 651086 299037 742622 299037 742622
195975 659867 195975 659867 308792 764337 308792 764337
194293 660535 194293 660535 307686 765770 307686 765770
191622 661774 191622 661774 305887 768101 305887 768101
134544 688258 134544 688258 312001 830726 312001 830726
128142 691228 128142 691228 314907 837157 314907 837157
180552 709626 180552 709626 337779 887775 337779 887775
210369 720093 210369 720093 318858 862465 318858 862465
226356 726647 226356 726647 308513 848626 308513 848626
272493 705856 272493 705856 278213 808094 278213 808094
262185 726579 262185 726579 264355 789556 264355 789556
252471 737042 252471 737042 255807 778121 255807 778121
229814 761445 229814 761445 247413 745897 247413 745897
229372 811570 229372 811570 234778 697388 234778 697388
229232 827432 229232 827432 218919 697701 218919 697701
240350 851494 240350 851494 192418 698223 192418 698223
255880 885104 255880 885104 179580 732951 179580 732951
258428 879791 258428 879791 177537 738478 177537 738478
275706 843765 275706 843765 187377 777202 187377 777202
299027 795141 299027 795141 187377 777202 187377 777202
286561 765753 286561 765753 187377 777202 187377 777202
312636 744209 312636 744209 187377 777202 187377 777202
360263 733022 360263 733022 187377 777202 187377 777202
356355 753207 356355 753207 187377 777202 187377 777202
384681 807053 384681 807053 187377 777202 187377 777202
461594 785045 461594 785045 187377 777202 187377 777202
483736 778710 483736 778710 187377 777202 187377 777202
539998 721837 539998 721837 187377 777202 187377 777202
540026 721809 540026 721809 187377 777202 187377 777202
556526 730348 556526 730348 187377 777202 187377 777202
585638 749858 585638 749858 187377 777202 187377 777202
595541 784237 595541 784237 187377 777202 187377 777202
622920 859406 622920 859406 187377 777202 187377 777202
624887 864805 624887 864805 187377 777202 187377 777202
646919 895415 646919 895415 187377 777202 187377 777202
718384 860401 718384 860401 187377 777202 187377 777202
749532 884670 749532 884670 187377 777202 187377 777202
761292 892287 761292 892287 187377 777202 187377 777202
