226072 207671 226072 207671 806004 324923 806004 324923
208260 259972 208260 259972 767755 364794 767755 364794
206813 264218 206813 264218 765103 368412 765103 368412
194404 300656 194404 300656 735740 393302 735740 393302
180563 341296 180563 341296 728836 435676 728836 435676
175394 363613 175394 363613 725153 458285 725153 458285
179974 370701 179974 370701 723796 466614 723796 466614
219258 431498 219258 431498 692857 401175 692857 401175
226973 425125 226973 425125 688579 392128 688579 392128
245231 415432 245231 415432 679744 373440 679744 373440
258287 428481 258287 428481 671854 356752 671854 356752
267634 437823 267634 437823 678561 345365 678561 345365
267906 438095 267906 438095 678943 345405 678943 345405
260482 445412 260482 445412 689311 346487 689311 346487
251605 454162 251605 454162 692497 334437 692497 334437
236013 440680 236013 440680 697766 314509 697766 314509
234215 439125 234215 439125 697943 312139 697943 312139
232353 437722 232353 437722 698117 309814 698117 309814
229635 438276 229635 438276 698323 307048 698323 307048
231625 449847 231625 449847 699198 295339 699198 295339
224044 459071 224044 459071 700087 283433 700087 283433
218579 465720 218579 465720 692890 288153 692890 288153
201282 455701 201282 455701 676175 299115 676175 299115
162315 479280 162315 479280 638089 324093 638089 324093
139926 492827 139926 492827 614020 313822 614020 313822
140170 493085 140170 493085 613694 313683 613694 313683
156198 509998 156198 509998 620962 335822 620962 335822
171328 525963 171328 525963 599702 341463 599702 341463
172902 532602 172902 532602 593108 343213 593108 343213
172894 532627 172894 532627 593082 343220 593082 343220
159720 573067 159720 573067 560541 370606 560541 370606
181859 604046 181859 604046 531409 395124 531409 395124
193545 620399 193545 620399 515923 382311 515923 382311
199936 629342 199936 629342 507161 375673 507161 375673
217194 653491 217194 653491 513949 346778 513949 346778
238304 642009 238304 642009 519444 323384 519444 323384
244095 648282 244095 648282 521396 315073 521396 315073
254270 659304 254270 659304 536290 313288 536290 313288
298640 707366 298640 707366 572298 258680 572298 258680
301213 699277 301213 699277 576971 251593 576971 251593
313303 661259 313303 661259 537750 244296 537750 244296
318823 643899 318823 643899 531366 261357 531366 261357
319939 640390 319939 640390 527687 261508 527687 261508
310134 620405 310134 620405 505445 262420 505445 262420
291904 583248 291904 583248 475237 234127 475237 234127
281992 563046 281992 563046 476589 256589 476589 256589
278643 556220 278643 556220 472553 263032 472553 263032
258994 554509 258994 554509 462082 279747 462082 279747
255995 553668 255995 553668 460429 282386 460429 282386
231802 546887 231802 546887 477799 300540 477799 300540
231672 546850 231672 546850 477783 300674 477783 300674
222149 544857 222149 544857 476617 310334 476617 310334
207639 548968 207639 548968 474811 325306 474811 325306
202105 545957 202105 545957 474056 331561 474056 331561
194428 541780 194428 541780 466574 327044 466574 327044
223785 534405 223785 534405 440660 311402 440660 311402
229281 533024 229281 533024 442928 306209 442928 306209
230813 527122 230813 527122 445369 300621 445369 300621
235556 508858 235556 508858 441017 282260 441017 282260
240342 490426 240342 490426 427586 295760 427586 295760
240501 489812 240501 489812 427059 296114 427059 296114
241999 486718 241999 486718 424207 298032 424207 298032
271942 497538 271942 497538 397787 315799 397787 315799
289123 487975 289123 487975 381470 326772 381470 326772
328389 466119 328389 466119 407731 290306 407731 290306
326202 462704 326202 462704 410101 287015 410101 287015
302290 425361 302290 425361 406577 242812 406577 242812
294303 412887 294303 412887 392007 240146 392007 240146
264638 391687 264638 391687 356141 233583 356141 233583
265648 387023 265648 387023 351447 232724 351447 232724
262787 386361 262787 386361 348558 232195 348558 232195
243928 382000 243928 382000 331202 240764 331202 240764
242564 365737 242564 365737 316568 247989 316568 247989
242271 362249 242271 362249 313612 249864 313612 249864
256451 345556 256451 345556 295115 261593 295115 261593
269987 329622 269987 329622 284837 279800 284837 279800
271930 327335 271930 327335 286237 282454 286237 282454
271625 335854 271625 335854 290215 289994 290215 289994
271850 344053 271850 344053 294042 297248 294042 297248
271951 347740 271951 347740 297109 299297 297109 299297
273992 364589 273992 364589 311221 308726 311221 308726
278035 365940 278035 365940 314765 311094 314765 311094
278334 366040 278334 366040 314985 311321 314985 311321
281153 368626 281153 368626 317647 314067 317647 314067
299819 378828 299819 378828 332453 329341 332453 329341
337831 399603 337831 399603 316297 369534 316297 369534
338485 398318 338485 398318 315759 370872 315759 370872
351796 372174 351796 372174 313920 400152 313920 400152
350685 370562 350685 370562 313797 402106 313797 402106
336513 350006 336513 350006 296226 384368 296226 384368
343963 351411 343963 351411 290890 378982 290890 378982
350528 349315 350528 349315 286041 374086 286041 374086
372451 342317 372451 342317 275967 353395 275967 353395
374798 341877 374798 341877 274922 351248 274922 351248
440782 329497 440782 329497 220859 311444 220859 311444
483258 321528 483258 321528 227853 268796 227853 268796
499694 318445 499694 318445 218610 254860 218610 254860
510946 316334 510946 316334 229419 251089 229419 251089
540979 310699 540979 310699 252980 231631 252980 231631
547031 309564 547031 309564 248966 226962 248966 226962
564491 306288 564491 306288 235038 237989 235038 237989
578924 303580 578924 303580 220356 238316 220356 238316
584692 302498 584692 302498 215158 241040 215158 241040
595806 300413 595806 300413 214122 229780 214122 229780
609852 297778 609852 297778 217776 215964 217776 215964
632899 293454 632899 293454 238131 204321 238131 204321
692713 282232 692713 282232 279621 159799 279621 159799
721249 276878 721249 276878 250587 159833 250587 159833
794630 281519 794630 281519 177060 159920 177060 159920
825308 284486 825308 284486 146239 159957 146239 159957
823267 286034 823267 286034 143677 159960 143677 159960
759528 334381 759528 334381 147338 239876 147338 239876
759438 334449 759438 334449 147343 239989 147343 239989
783986 363144 783986 363144 149071 277712 149071 277712
800304 382218 800304 382218 143943 302285 143943 302285
833678 421228 833678 421228 191164 282142 191164 282142
840677 429410 840677 429410 192730 292795 192730 292795
825327 464997 825327 464997 198368 331139 198368 331139
807577 506148 807577 506148 203122 375702 203122 375702
799408 525090 799408 525090 223740 376343 223740 376343
795790 533476 795790 533476 232807 375246 232807 375246
791398 543659 791398 543659 239143 384348 239143 384348
788735 548727 788735 548727 242413 389047 242413 389047
784289 557185 784289 557185 247499 397137 247499 397137
761240 601041 761240 601041 283231 431456 283231 431456
752030 618563 752030 618563 279331 450863 279331 450863
742495 636705 742495 636705 290664 433786 290664 433786
733061 654656 733061 654656 310034 439787 310034 439787
720830 677928 720830 677928 317089 465114 317089 465114
692428 731968 692428 731968 362101 506355 362101 506355
669071 715670 669071 715670 383101 525595 383101 525595
633472 690829 633472 690829 362433 563769 362433 563769
587572 661851 587572 661851 336589 611504 336589 611504
589319 675063 589319 675063 330244 623223 330244 623223
593475 706486 593475 706486 298602 625077 298602 625077
540034 710013 540034 710013 245136 628210 245136 628210
539752 710323 539752 710323 244717 628235 244717 628235
534705 715871 534705 715871 239699 622662 239699 622662
534689 698591 534689 698591 228136 609820 228136 609820
502096 677926 502096 677926 202313 581141 202313 581141
492685 671950 492685 671950 194854 572856 194854 572856
478304 662819 478304 662819 210466 566041 210466 566041
455212 690939 455212 690939 243814 551483 243814 551483
454096 692298 454096 692298 243910 549727 243910 549727
439395 710200 439395 710200 260864 533943 260864 533943
445135 711501 445135 711501 265172 529933 265172 529933
491097 721917 491097 721917 250423 485173 250423 485173
482968 731927 482968 731927 246387 472926 246387 472926
481897 733246 481897 733246 244811 473561 244811 473561
485339 734429 485339 734429 241435 474922 241435 474922
486650 740636 486650 740636 235551 477293 235551 477293
494705 748021 494705 748021 225415 481378 225415 481378
494749 748013 494749 748013 225374 481395 225374 481395
504856 746160 504856 746160 224806 491655 224806 491655
506650 749268 506650 749268 224607 495238 224607 495238
506722 749393 506722 749393 224469 495282 224469 495282
489412 764590 489412 764590 202515 502253 202515 502253
488358 765706 488358 765706 201052 502718 201052 502718
485587 768643 485587 768643 198530 499565 198530 499565
491385 771789 491385 771789 194409 494414 194409 494414
495221 773870 495221 773870 190504 492465 190504 492465
502303 776735 502303 776735 183669 489053 183669 489053
510264 779956 510264 779956 178606 495990 178606 495990
501581 795517 501581 795517 168102 510384 168102 510384
495294 787684 495294 787684 162181 518497 162181 518497
471853 796446 471853 796446 147428 538712 147428 538712
467694 798001 467694 798001 145231 534854 145231 534854
450233 772635 450233 772635 129989 508095 129989 508095
450083 772357 450083 772357 129833 507821 129833 507821
447331 767252 447331 767252 132125 502493 132125 502493
445743 771124 445743 771124 133778 498649 133778 498649
439622 786042 439622 786042 148487 492040 148487 492040
450119 792260 450119 792260 159615 487040 159615 487040
447636 803209 447636 803209 169856 482438 169856 482438
440676 833892 440676 833892 193221 461367 193221 461367
445261 831134 445261 831134 197194 457784 197194 457784
455650 824886 455650 824886 199008 445797 199008 445797
459198 827419 459198 827419 199661 441487 199661 441487
475745 839234 475745 839234 219992 441698 219992 441698
483299 844628 483299 844628 214252 434404 214252 434404
496647 841111 496647 841111 205716 423556 205716 423556
520423 836198 520423 836198 190702 404477 190702 404477
526166 835011 526166 835011 188450 399062 188450 399062
531574 833894 531574 833894 182928 399099 182928 399099
539830 826925 539830 826925 172124 399172 172124 399172
562494 807796 562494 807796 145802 412836 145802 412836
558597 791390 558597 791390 130835 420605 130835 420605
556887 784193 556887 784193 125355 425574 125355 425574
540713 793303 540713 793303 111604 438044 111604 438044
540818 777519 540818 777519 99912 448647 99912 448647
540846 773381 540846 773381 98141 452387 98141 452387
535450 773084 535450 773084 95829 457272 95829 457272
537631 741857 537631 741857 82436 485565 82436 485565
541932 750939 541932 750939 78136 494648 78136 494648
549741 758254 549741 758254 73558 504319 73558 504319
556153 764261 556153 764261 73558 504319 73558 504319
567458 769914 567458 769914 73558 504319 73558 504319
608430 768164 608430 768164 73558 504319 73558 504319
587268 794903 587268 794903 73558 504319 73558 504319
588481 838445 588481 838445 73558 504319 73558 504319
