120882 513672 120882 513672 235937 853504 235937 853504
124774 543060 124774 543060 252452 878122 252452 878122
125924 551748 125924 551748 254609 869628 254609 869628
132210 589837 132210 589837 264110 832211 264110 832211
114753 643056 114753 643056 277894 777924 277894 777924
111046 654356 111046 654356 266245 780315 266245 780315
127671 653524 127671 653524 249939 783661 249939 783661
156112 652102 156112 652102 222273 776912 222273 776912
178514 650981 178514 650981 231085 756286 231085 756286
184136 651196 184136 651196 233296 751112 233296 751112
213359 652315 213359 652315 262262 747090 262262 747090
222602 652669 222602 652669 270035 742076 270035 742076
250585 604506 250585 604506 316845 711884 316845 711884
263180 582827 263180 582827 314600 686913 314600 686913
263268 582077 263268 582077 314532 686161 314532 686161
271394 512750 271394 512750 246567 702070 246567 702070
272924 499694 272924 499694 253282 690769 253282 690769
279816 440892 279816 440892 230955 635936 230955 635936
234755 438054 234755 438054 213928 594119 213928 594119
206695 436287 206695 436287 232743 573228 232743 573228
189816 435224 189816 435224 228243 556925 228243 556925
171251 419323 171251 419323 221738 533362 221738 533362
174472 413831 174472 413831 220044 527225 220044 527225
184712 391430 184712 391430 213490 503483 213490 503483
201075 355635 201075 355635 240670 531949 240670 531949
220175 361484 220175 361484 254464 546397 254464 546397
252196 371290 252196 371290 287096 538870 287096 538870
299243 385698 299243 385698 324484 506883 324484 506883
316705 391046 316705 391046 337133 493711 337133 493711
318616 391631 318616 391631 335704 492313 335704 492313
350134 374512 350134 374512 310068 467229 310068 467229
367736 364951 367736 364951 311486 447248 311486 447248
393979 381059 393979 381059 313665 416533 313665 416533
408000 376244 408000 376244 314714 401745 314714 401745
419609 372257 419609 372257 324198 409537 324198 409537
408102 365374 408102 365374 334558 418049 334558 418049
387663 354189 387663 354189 352561 432840 352561 432840
358396 307022 358396 307022 395451 468078 395451 468078
345728 286606 345728 286606 378792 485392 378792 485392
356493 286320 356493 286320 371326 493152 371326 493152
388699 285463 388699 285463 354101 520378 354101 520378
408743 298293 408743 298293 341377 540489 341377 540489
417864 304131 417864 304131 352201 540125 352201 540125
430792 312406 430792 312406 365253 548203 365253 548203
434743 301484 434743 301484 375129 554315 375129 554315
435606 299096 435606 299096 375055 556853 375055 556853
446383 269303 446383 269303 377515 588440 377515 588440
425553 258806 425553 258806 379327 611695 379327 611695
409173 250552 409173 250552 391113 597642 391113 597642
437666 227151 437666 227151 414807 569391 414807 569391
442511 223171 442511 223171 419757 565543 419757 565543
442681 223032 442681 223032 419929 565406 419929 565406
463888 228289 463888 228289 437046 551827 437046 551827
469116 229585 469116 229585 439273 546923 439273 546923
475380 223444 475380 223444 442899 538936 442899 538936
490128 208985 490128 208985 446697 518635 446697 518635
496704 202538 496704 202538 453662 524661 453662 524661
499493 180305 499493 180305 470608 539321 470608 539321
499799 177869 499799 177869 472743 538109 472743 538109
487181 169162 487181 169162 486073 530537 486073 530537
464355 153412 464355 153412 512147 539984 512147 539984
455175 147078 455175 147078 523256 540972 523256 540972
427604 128053 427604 128053 495614 522050 495614 522050
455095 130225 455095 130225 472858 506473 472858 506473
468240 131263 468240 131263 464303 496439 464303 496439
471658 129535 471658 129535 461818 493525 461818 493525
496181 117137 496181 117137 489085 490120 489085 490120
509893 110205 509893 110205 504449 490228 504449 490228
517744 108482 517744 108482 512487 490284 512487 490284
563035 98545 563035 98545 536665 450718 536665 450718
563326 98481 563326 98481 536725 450426 536725 450426
560554 127419 560554 127419 542616 421959 542616 421959
561200 141778 561200 141778 545529 407884 545529 407884
562793 177206 562793 177206 568159 380579 568159 380579
550494 178577 550494 178577 576056 371051 576056 371051
550451 178782 550451 178782 576190 370890 576190 370890
545291 203540 545291 203540 554540 357819 554540 357819
559880 202239 559880 202239 542001 350248 542001 350248
576583 202114 576583 202114 527702 341615 527702 341615
601907 202949 601907 202949 506011 328519 506011 328519
622552 203630 622552 203630 525763 322473 525763 322473
674128 205330 674128 205330 572361 300300 572361 300300
671562 211186 671562 211186 578134 297553 578134 297553
663391 229840 663391 229840 598496 297195 598496 297195
646176 269137 646176 269137 576255 333882 576255 333882
639199 285064 639199 285064 592373 340404 592373 340404
639255 303512 639255 303512 609475 347324 609475 347324
639271 308753 639271 308753 612132 342807 612132 342807
639293 315785 639293 315785 615384 336572 615384 336572
639346 333187 639346 333187 631306 343596 631306 343596
639361 338162 639361 338162 631246 348570 631246 348570
639370 341240 639370 341240 633342 350825 633342 350825
639443 365157 639443 365157 655566 359662 655566 359662
639522 391004 639522 391004 639209 379675 639209 379675
635226 388103 635226 388103 635929 383689 635929 383689
624686 380986 624686 380986 639114 396002 639114 396002
608193 369848 608193 369848 619327 393870 619327 393870
583194 352967 583194 352967 605697 420780 605697 420780
578234 349617 578234 349617 611682 420852 611682 420852
573169 340442 573169 340442 622161 420978 622161 420978
566630 328598 566630 328598 622992 434482 622992 434482
547006 293049 547006 293049 631107 474268 631107 474268
536798 274557 536798 274557 611011 467763 611011 467763
537495 262287 537495 262287 599318 463978 599318 463978
537757 261783 537757 261783 598778 463803 598778 463803
549491 239171 549491 239171 594045 488835 594045 488835
530307 248827 530307 248827 590055 509938 590055 509938
526470 250759 526470 250759 587166 513118 587166 513118
509961 259069 509961 259069 586680 531594 586680 531594
501956 262935 501956 262935 586447 540480 586447 540480
502501 278077 502501 278077 586049 555627 586049 555627
483843 310310 483843 310310 585070 592858 585070 592858
482982 311798 482982 311798 583583 593720 583583 593720
497314 313548 497314 313548 571089 600957 571089 600957
501666 323556 501666 323556 561646 606427 561646 606427
517012 330149 517012 330149 547193 614799 547193 614799
512544 331496 512544 331496 543155 617138 543155 617138
488122 338858 488122 338858 522678 601929 522678 601929
475726 342595 475726 342595 509905 604049 509905 604049
472797 343478 472797 343478 508076 601598 508076 601598
477201 351375 477201 351375 502668 594351 502668 594351
486200 367515 486200 367515 484638 590302 484638 590302
494026 381549 494026 381549 472851 601224 472851 601224
501056 394156 501056 394156 459909 607616 459909 607616
496383 401932 496383 401932 451775 611633 451775 611633
484793 421218 484793 421218 474117 614297 474117 614297
503604 437214 503604 437214 498636 617220 498636 617220
525781 456073 525781 456073 513236 642406 513236 642406
492809 469090 492809 469090 531014 673074 531014 673074
471052 477679 471052 477679 547588 689581 547588 689581
455759 464890 455759 464890 561713 703649 561713 703649
434666 447250 434666 447250 535848 712981 535848 712981
423392 445488 423392 445488 525115 716854 525115 716854
422891 443768 422891 443768 523430 717462 523430 717462
418225 427767 418225 427767 524576 734090 524576 734090
412251 441107 412251 441107 525582 748672 525582 748672
390118 460305 390118 460305 527597 777902 527597 777902
398949 483434 398949 483434 529300 802601 529300 802601
427486 558172 427486 558172 609299 802227 609299 802227
449286 615269 449286 615269 670416 801941 670416 801941
457185 635954 457185 635954 692234 798168 692234 798168
461204 646481 461204 646481 703238 795741 703238 795741
460873 663078 460873 663078 719449 792166 719449 792166
460371 688303 460371 688303 699664 776511 699664 776511
460794 688600 460794 688600 699258 776190 699258 776190
481382 703063 481382 703063 680353 759588 680353 759588
454577 704148 454577 704148 660195 741886 660195 741886
440389 704723 440389 704723 666205 729022 666205 729022
439512 708276 439512 708276 667754 725706 667754 725706
436412 720840 436412 720840 676981 716632 676981 716632
433443 732869 433443 732869 684237 706589 684237 706589
429317 765654 429317 765654 703588 679805 703588 679805
473042 782145 473042 782145 730955 641925 730955 641925
488470 790099 488470 790099 741120 627855 741120 627855
504966 793005 504966 793005 750929 614278 750929 614278
508759 793673 508759 793673 747415 612700 747415 612700
524642 779924 524642 779924 728253 604092 728253 604092
530617 773492 530617 773492 720245 600494 720245 600494
540390 790796 540390 790796 702117 592351 702117 592351
546557 801715 546557 801715 708590 581610 708590 581610
547672 843489 547672 843489 730159 545818 730159 545818
561475 842703 561475 842703 737295 533976 737295 533976
568698 842292 568698 842292 734655 527241 734655 527241
583103 866321 583103 866321 724432 501156 724432 501156
586794 872478 586794 872478 729128 495727 729128 495727
583625 851028 583625 851028 743314 479329 743314 479329
582866 845892 582866 845892 744942 474399 744942 474399
585678 815354 585678 815354 754557 445278 754557 445278
586936 801697 586936 801697 741172 448268 741172 448268
590931 758306 590931 758306 698351 440200 698351 440200
560087 743067 560087 743067 664543 433831 664543 433831
533168 729767 533168 729767 689660 417378 689660 417378
524100 725287 524100 725287 697574 411080 697574 411080
575720 707074 575720 707074 740407 376997 740407 376997
591187 701616 591187 701616 755704 382914 755704 382914
588499 679379 588499 679379 776595 390995 776595 390995
598056 666386 598056 666386 791638 396814 791638 396814
608079 652760 608079 652760 779313 408400 779313 408400
631502 620918 631502 620918 771511 447151 771511 447151
675300 561374 675300 561374 836061 483165 836061 483165
697890 530663 697890 530663 864519 457795 864519 457795
701741 525428 701741 525428 864519 457795 864519 457795
743808 553167 743808 553167 864519 457795 864519 457795
748582 567672 748582 567672 864519 457795 864519 457795
766072 581711 766072 581711 864519 457795 864519 457795
778869 609540 778869 609540 864519 457795 864519 457795
790805 643976 790805 643976 864519 457795 864519 457795
801882 649895 801882 649895 864519 457795 864519 457795
780803 663444 780803 663444 864519 457795 864519 457795
756223 671338 756223 671338 864519 457795 864519 457795
769096 707778 769096 707778 864519 457795 864519 457795
790244 784932 790244 784932 864519 457795 864519 457795
793116 795409 793116 795409 864519 457795 864519 457795
816087 726469 816087 726469 864519 457795 864519 457795
821704 713549 821704 713549 864519 457795 864519 457795
816770 689675 816770 689675 864519 457795 864519 457795
838129 656993 838129 656993 864519 457795 864519 457795
860619 670149 860619 670149 864519 457795 864519 457795
850515 734763 850515 734763 864519 457795 864519 457795
871255 735087 871255 735087 864519 457795 864519 457795
951253 735587 951253 735587 864519 457795 864519 457795
962055 735654 962055 735654 864519 457795 864519 457795
