183112 791998 183112 791998 740940 646134 740940 646134
225597 781848 225597 781848 713045 612520 713045 612520
234084 779820 234084 779820 705949 617597 705949 617597
238372 787075 238372 787075 699095 622501 699095 622501
246934 801562 246934 801562 695580 638958 695580 638958
257809 819962 257809 819962 677186 649843 677186 649843
276634 851814 276634 851814 674829 612919 674829 612919
292095 877975 292095 877975 645127 606497 645127 606497
295310 883415 295310 883415 641956 611962 641956 611962
302604 870510 302604 870510 634516 624784 634516 624784
304863 866512 304863 866512 638736 626594 638736 626594
311248 855216 311248 855216 633335 638393 633335 638393
322509 835292 322509 835292 619453 620198 619453 620198
327664 826172 327664 826172 612412 627955 612412 627955
330206 824353 330206 824353 610312 630269 610312 630269
349942 810233 349942 810233 586289 633704 586289 633704
362846 801000 362846 801000 581157 648718 581157 648718
367041 797999 367041 797999 585768 651031 585768 651031
396761 798954 396761 798954 612347 664362 612347 664362
411260 799421 411260 799421 623152 674042 623152 674042
427635 799947 427635 799947 606995 676753 606995 676753
466936 805946 466936 805946 567787 683332 567787 683332
471945 775636 471945 775636 537489 688415 537489 688415
480459 724115 480459 724115 486270 698591 486270 698591
506281 753016 506281 753016 448257 706143 448257 706143
506700 758885 506700 758885 442486 707289 442486 707289
509156 793274 509156 793274 408027 708392 408027 708392
511090 820369 511090 820369 396392 732938 396392 732938
511756 829694 511756 829694 387411 735534 387411 735534
513728 827279 513728 827279 384416 736400 384416 736400
528662 808992 528662 808992 360926 738783 360926 738783
544086 790105 544086 790105 375234 758529 375234 758529
565917 792687 565917 792687 388133 776330 388133 776330
573222 800301 573222 800301 394324 784875 394324 784875
619667 848709 619667 848709 362484 843923 362484 843923
644496 874588 644496 874588 348472 810911 348472 810911
670798 902002 670798 902002 321770 783885 321770 783885
673029 892608 673029 892608 314984 777017 314984 777017
678517 869490 678517 869490 313459 753306 313459 753306
691922 813036 691922 813036 313524 695282 313524 695282
701606 772248 701606 772248 354912 701950 354912 701950
702637 767906 702637 767906 359312 702697 359312 702697
687044 754434 687044 754434 379627 706148 379627 706148
676143 745016 676143 745016 393804 708708 393804 708708
670560 740192 670560 740192 394964 701421 394964 701421
657184 747940 657184 747940 397394 686155 397394 686155
629466 763996 629466 763996 423303 667319 423303 667319
614118 772886 614118 772886 430018 650902 430018 650902
622100 728603 622100 728603 447052 609255 447052 609255
626278 705422 626278 705422 424729 601738 424729 601738
627818 696876 627818 696876 427131 593393 427131 593393
598379 691441 598379 691441 435412 564625 435412 564625
586369 663286 586369 663286 443879 535210 443879 535210
562463 607242 562463 607242 503270 548816 503270 548816
558298 597477 558298 597477 507611 558504 507611 558504
553466 586149 553466 586149 518944 563325 518944 563325
523578 618479 523578 618479 559460 580559 559460 580559
506636 636805 506636 636805 584235 583565 584235 583565
487475 657531 487475 657531 612375 581354 612375 581354
474534 671530 474534 671530 631374 582929 631374 582929
473641 671437 473641 671437 632269 583003 632269 583003
426187 666512 426187 666512 655976 541601 655976 541601
402828 664087 402828 664087 636381 528657 636381 528657
374883 636551 374883 636551 603647 507033 603647 507033
365416 627222 365416 627222 593864 516030 593864 516030
357168 640237 357168 640237 582522 526461 582522 526461
351047 649896 351047 649896 583770 515095 583770 515095
334382 676193 334382 676193 560594 494307 560594 494307
332224 688653 332224 688653 551180 485863 551180 485863
325982 724692 325982 724692 585878 474298 585878 474298
310991 722539 310991 722539 600246 469509 600246 469509
249593 713720 249593 713720 561459 421103 561459 421103
226454 710397 226454 710397 554157 398897 554157 398897
217561 709119 217561 709119 545623 396088 545623 396088
181917 704000 181917 704000 560973 363514 560973 363514
160072 700862 160072 700862 581875 356431 581875 356431
159584 685476 159584 685476 596455 351491 596455 351491
159250 674961 159250 674961 603338 343536 603338 343536
159018 665590 159018 665590 609472 336447 609472 336447
158791 656424 158791 656424 611552 345377 611552 345377
158608 649020 158608 649020 618894 344407 618894 344407
157875 619411 157875 619411 627850 372639 627850 372639
157802 616457 157802 616457 630305 374282 630305 374282
188550 616537 188550 616537 655859 391384 655859 391384
213404 616602 213404 616602 642391 412273 642391 412273
226335 616636 226335 616636 645997 424691 645997 424691
245836 623749 245836 623749 651784 444625 651784 444625
240750 597320 240750 597320 659289 470472 659289 470472
239442 590520 239442 590520 662199 476756 662199 476756
235362 569319 235362 569319 683778 477433 683778 477433
229424 562197 229424 562197 693046 477724 693046 477724
183267 506842 183267 506842 697370 405780 697370 405780
202519 517411 202519 517411 698688 383857 698688 383857
222734 528507 222734 528507 689974 362507 689974 362507
233187 534246 233187 534246 681654 353964 681654 353964
243901 540128 243901 540128 670848 359675 670848 359675
247090 541878 247090 541878 670903 356038 670903 356038
291712 581674 291712 581674 671806 296255 671806 296255
286047 547841 286047 547841 672325 261955 672325 261955
285515 540483 285515 540483 672436 254578 672436 254578
284928 532352 284928 532352 664908 257707 664908 257707
284079 508230 284079 508230 642620 266971 642620 266971
285122 461269 285122 461269 599245 284999 599245 284999
285989 422247 285989 422247 586438 248128 586438 248128
282088 420365 282088 420365 585017 244037 585017 244037
251955 405829 251955 405829 552564 235904 552564 235904
279613 386136 279613 386136 519630 227650 519630 227650
281444 384832 281444 384832 518888 229771 518888 229771
304091 388988 304091 388988 511283 251504 511283 251504
356762 398653 356762 398653 475690 291515 475690 291515
356364 400749 356364 400749 474272 293109 474272 293109
348300 443213 348300 443213 508748 319178 508748 319178
342508 473717 342508 473717 488896 343051 488896 343051
357095 497138 357095 497138 471254 364267 471254 364267
360121 501997 360121 501997 473862 369362 473862 369362
371140 527092 371140 527092 486350 393759 486350 393759
372394 529948 372394 529948 483565 395165 483565 395165
351459 573382 351459 573382 440525 416897 440525 416897
353706 572507 353706 572507 438372 417984 438372 417984
387287 559439 387287 559439 406734 435231 406734 435231
406349 552021 406349 552021 396881 417306 396881 417306
427738 557941 427738 557941 386190 397857 386190 397857
447411 563387 447411 563387 367041 404929 367041 404929
447072 547253 447072 547253 351903 410520 351903 410520
446033 497857 446033 497857 325081 452012 325081 452012
449907 499204 449907 499204 322854 455456 322854 455456
471581 477784 471581 477784 306311 481047 306311 481047
525417 424579 525417 424579 310781 405488 310781 405488
513354 398442 513354 398442 312481 376752 312481 376752
492514 353285 492514 353285 360775 388634 360775 388634
479791 325718 479791 325718 369401 359524 369401 359524
466791 297550 466791 297550 384715 332544 384715 332544
469732 263958 469732 263958 401360 303218 401360 303218
454561 234728 454561 234728 417617 274578 417617 274578
426817 256748 426817 256748 435101 243773 435101 243773
424389 257532 424389 257532 436361 241554 436361 241554
401115 265047 401115 265047 455134 225879 455134 225879
388897 254062 388897 254062 467746 215348 467746 215348
332945 203758 332945 203758 514138 156113 514138 156113
340402 204700 340402 204700 518773 150195 518773 150195
399310 212140 399310 212140 490968 97733 490968 97733
445988 169670 445988 169670 461415 41973 461415 41973
447302 170565 447302 170565 460670 40568 460670 40568
470262 186213 470262 186213 452457 67112 452457 67112
512360 173894 512360 173894 439491 109015 439491 109015
507473 177910 507473 177910 437622 115058 437622 115058
479671 219675 479671 219675 422791 162988 422791 162988
483010 240466 483010 240466 416567 183105 416567 183105
483968 246431 483968 246431 415496 189051 415496 189051
517473 264906 517473 264906 408712 226705 408712 226705
529012 234496 529012 234496 402945 258716 402945 258716
541430 242480 541430 242480 400327 273245 400327 273245
560113 254491 560113 254491 384610 288939 384610 288939
585283 258758 585283 258758 366545 306977 366545 306977
592327 259952 592327 259952 364091 313687 364091 313687
603006 261763 603006 261763 356733 305738 356733 305738
621514 264901 621514 264901 343122 292810 343122 292810
654747 270535 654747 270535 332742 260741 332742 260741
695684 277475 695684 277475 311230 296255 311230 296255
693962 305043 693962 305043 296919 319880 296919 319880
692935 321486 692935 321486 282458 311986 282458 311986
725694 312095 725694 312095 252546 295658 252546 295658
747278 305907 747278 305907 236309 280149 236309 280149
750184 305074 750184 305074 237136 277242 237136 277242
761943 291558 761943 291558 242036 260009 242036 260009
769559 298337 769559 298337 244825 250202 244825 250202
786887 303759 786887 303759 249791 232738 249791 232738
793728 315296 793728 315296 253460 219837 253460 219837
795258 324055 795258 324055 255892 211284 255892 211284
796112 328945 796112 328945 252148 214542 252148 214542
793337 328310 793337 328310 250000 216411 250000 216411
787927 329568 787927 329568 245810 220057 245810 220057
756806 336803 756806 336803 214871 228036 214871 228036
754294 394935 754294 394935 158529 242567 158529 242567
711913 410518 711913 410518 114805 253844 114805 253844
733157 414034 733157 414034 93954 259222 93954 259222
800595 457070 800595 457070 16489 279201 16489 279201
801505 457651 801505 457651 15444 279470 15444 279470
806131 460603 806131 460603 15444 279470 15444 279470
821175 454259 821175 454259 15444 279470 15444 279470
797254 383608 797254 383608 15444 279470 15444 279470
815513 339650 815513 339650 15444 279470 15444 279470
806386 324715 806386 324715 15444 279470 15444 279470
822235 317037 822235 317037 15444 279470 15444 279470
839016 322033 839016 322033 15444 279470 15444 279470
847762 324865 847762 324865 15444 279470 15444 279470
835827 295231 835827 295231 15444 279470 15444 279470
835738 272988 835738 272988 15444 279470 15444 279470
818919 269282 818919 269282 15444 279470 15444 279470
840944 225964 840944 225964 15444 279470 15444 279470
810287 248467 810287 248467 15444 279470 15444 279470
788556 273612 788556 273612 15444 279470 15444 279470
746380 255889 746380 255889 15444 279470 15444 279470
731042 258805 731042 258805 15444 279470 15444 279470
753381 217574 753381 217574 15444 279470 15444 279470
778474 216729 778474 216729 15444 279470 15444 279470
762804 177523 762804 177523 15444 279470 15444 279470
722650 151648 722650 151648 15444 279470 15444 279470
783140 168292 783140 168292 15444 279470 15444 279470
827397 157566 827397 157566 15444 279470 15444 279470
