878445 634808 878445 634808 625027 133240 625027 133240
858727 628176 858727 628176 637941 149550 637941 149550
860374 623002 860374 623002 641312 153807 641312 153807
865735 606161 865735 606161 655021 164961 655021 164961
862535 566938 862535 566938 685547 189797 685547 189797
860979 547865 860979 547865 679423 207927 679423 207927
859373 535172 859373 535172 675329 220049 675329 220049
856931 515866 856931 515866 664661 236324 664661 236324
839540 531321 839540 531321 651907 255783 651907 255783
836007 534461 836007 534461 654679 259611 654679 259611
824429 523291 824429 523291 664113 272642 664113 272642
814296 513515 814296 513515 652970 281250 652970 281250
810270 523448 810270 523448 644489 287803 644489 287803
810648 565635 810648 565635 611102 313595 611102 313595
810739 575834 810739 575834 608853 303647 608853 303647
795200 587250 795200 587250 604602 284840 604602 284840
782996 578401 782996 578401 601279 270136 601279 270136
782832 578282 782832 578282 601081 270094 601081 270094
769536 567941 769536 567941 584604 266596 584604 266596
766605 565662 766605 565662 581018 267556 581018 267556
755612 565245 755612 565245 570391 270400 570391 270400
760820 537010 760820 537010 542655 277822 542655 277822
764187 518757 764187 518757 531861 262723 531861 262723
730175 519021 730175 519021 512081 235053 512081 235053
727300 519043 727300 519043 514953 234921 514953 234921
692014 519863 692014 519863 550212 233299 550212 233299
682810 520077 682810 520077 543920 226579 543920 226579
665147 520488 665147 520488 544161 208913 544161 208913
672258 511236 672258 511236 544320 197245 544320 197245
687839 490965 687839 490965 546350 171758 546350 171758
688879 485481 688879 485481 546793 166194 546793 166194
693150 462951 693150 462951 566086 153800 566086 153800
698221 436206 698221 436206 545908 135528 545908 135528
704940 433977 704940 433977 540661 130776 540661 130776
723041 427971 723041 427971 531960 113805 531960 113805
746852 420070 746852 420070 516871 133848 516871 133848
760821 415435 760821 415435 504497 141816 504497 141816
738870 366715 738870 366715 459569 170747 459569 170747
735682 359639 735682 359639 457210 178140 457210 178140
725453 359278 725453 359278 454098 187891 454098 187891
677503 357584 677503 357584 418235 156017 418235 156017
641647 356318 641647 356318 387222 137976 387222 137976
643515 362223 643515 362223 381869 134862 381869 134862
652992 392170 652992 392170 355510 151946 355510 151946
646429 390818 646429 390818 349887 155590 349887 155590
645206 390566 645206 390566 348737 156076 348737 156076
640013 400093 640013 400093 338741 160296 338741 160296
617667 410270 617667 410270 316120 169847 316120 169847
587905 423825 587905 423825 341683 190245 341683 190245
606134 424704 606134 424704 355948 201628 355948 201628
625773 425651 625773 425651 352209 220931 352209 220931
627226 437015 627226 437015 350031 232178 350031 232178
627917 443329 627917 443329 348823 238414 348823 238414
628235 446233 628235 446233 351217 240089 351217 240089
631832 476051 631832 476051 375825 257308 375825 257308
633597 490684 633597 490684 379426 243016 379426 243016
620360 478109 620360 478109 383886 225311 383886 225311
619821 478350 619821 478350 384030 224738 384030 224738
612182 481762 612182 481762 391066 220211 391066 220211
609941 486763 609941 486763 395674 217246 395674 217246
608602 485696 608602 485696 397114 216320 397114 216320
606222 483800 606222 483800 400017 215408 400017 215408
597368 473527 597368 473527 412955 211341 412955 211341
585836 488423 585836 488423 430926 205693 430926 205693
568356 511002 568356 511002 458747 212128 458747 212128
554361 529080 554361 529080 476281 226798 476281 226798
566377 534380 566377 534380 486353 235226 486353 235226
590721 545116 590721 545116 474807 259196 474807 259196
585499 583671 585499 583671 457922 294249 457922 294249
585172 586087 585172 586087 457076 296535 457076 296535
617068 586480 617068 586480 446012 326453 446012 326453
662915 587044 662915 587044 491244 333962 491244 333962
665179 587371 665179 587371 493500 334337 493500 334337
703345 592876 703345 592876 524575 357169 524575 357169
711307 594024 711307 594024 523936 365188 523936 365188
731919 596997 731919 596997 507179 377554 507179 377554
733691 598573 733691 598573 505271 378962 505271 378962
737520 601980 737520 601980 504748 384060 504748 384060
748905 612108 748905 612108 513231 396719 513231 396719
749337 612492 749337 612492 513806 396661 513806 396661
743726 622436 743726 622436 525165 395510 525165 395510
732784 641830 732784 641830 545891 403653 545891 403653
720015 664460 720015 664460 559058 381252 559058 381252
714547 674151 714547 674151 569414 385323 569414 385323
713546 675925 713546 675925 571450 385360 571450 385360
668035 642453 668035 642453 627935 386382 627935 386382
665888 640874 665888 640874 627345 388981 627345 388981
606857 655112 606857 655112 613893 448196 613893 448196
598647 654199 598647 654199 612063 456252 612063 456252
568401 650834 568401 650834 587078 438878 587078 438878
566036 652189 566036 652189 584840 437321 584840 437321
568052 656293 568052 656293 581086 434711 581086 434711
584835 690470 584835 690470 545501 421167 545501 421167
584982 690769 584982 690769 545240 421374 545240 421374
575523 695585 575523 695585 536921 427967 536921 427967
567550 708764 567550 708764 524850 437535 524850 437535
569599 730373 569599 730373 507840 451018 507840 451018
572775 763861 572775 763861 502088 417875 502088 417875
562545 759841 562545 759841 500208 407045 500208 407045
539435 750760 539435 750760 477164 397800 477164 397800
509705 766831 509705 766831 445798 385216 445798 385216
502120 770931 502120 770931 442221 393061 442221 393061
500643 784235 500643 784235 436669 405241 436669 405241
497762 810185 497762 810185 440252 431104 440252 431104
490670 792344 490670 792344 442886 450121 442886 450121
476313 756228 476313 756228 404125 447287 404125 447287
493378 743568 493378 743568 382933 445737 382933 445737
496469 741274 496469 741274 379168 446538 379168 446538
507978 737903 507978 737903 367438 449035 367438 449035
512936 726507 512936 726507 355283 451623 355283 451623
518055 714743 518055 714743 344499 444673 344499 444673
521153 707623 521153 707623 339738 438539 339738 438539
512592 675525 512592 675525 319369 412296 319369 412296
501208 669417 501208 669417 311447 402091 311447 402091
524089 658250 524089 658250 295836 381978 295836 381978
538503 651215 538503 651215 279944 379812 279944 379812
544426 625757 544426 625757 254045 376281 254045 376281
514884 632024 514884 632024 224123 372202 224123 372202
509054 649617 509054 649617 205759 369699 205759 369699
508464 651398 508464 651398 203970 369134 203970 369134
485520 647441 485520 647441 181768 362122 181768 362122
478845 658794 478845 658794 169209 358156 169209 358156
477255 661499 477255 661499 170673 360931 170673 360931
485925 701909 485925 701909 189966 397481 189966 397481
487695 707292 487695 707292 192611 402492 192611 402492
454857 692710 454857 692710 209383 434268 209383 434268
452877 683929 452877 683929 213585 442228 213585 442228
456133 683948 456133 683948 215105 445108 215105 445108
456322 681910 456322 681910 216060 446918 216060 446918
457942 664483 457942 664483 221584 463525 221584 463525
464206 657539 464206 657539 224536 472399 224536 472399
463631 656043 463631 656043 225042 473920 225042 473920
460560 648046 460560 648046 233035 470838 233035 470838
441826 637451 441826 637451 253116 463096 253116 463096
424686 641859 424686 641859 269629 456729 269629 456729
414804 644401 414804 644401 278551 451777 278551 451777
399383 667764 399383 667764 303027 438192 303027 438192
370616 711348 370616 711348 342173 472756 342173 472756
369599 692930 369599 692930 356001 484965 356001 484965
367911 662339 367911 662339 378107 506178 378107 506178
367502 654935 367502 654935 384225 510368 384225 510368
372454 652576 372454 652576 388750 513467 388750 513467
376372 650710 376372 650710 385645 516500 385645 516500
363844 626185 363844 626185 365945 535743 365945 535743
365126 617639 365126 617639 359763 541781 359763 541781
367854 599452 367854 599452 362179 560013 362179 560013
373702 560471 373702 560471 351978 598087 351978 598087
421960 558150 421960 558150 339475 644755 339475 644755
430391 557744 430391 557744 347580 642400 347580 642400
411264 516616 411264 516616 391138 629745 391138 629745
408804 511327 408804 511327 396886 630736 396886 630736
409784 472178 409784 472178 435477 637390 435477 637390
406365 460312 406365 460312 447647 639489 447647 639489
377826 437143 377826 437143 483872 645735 483872 645735
379232 423692 379232 423692 497199 648033 497199 648033
360618 392753 360618 392753 532781 654168 532781 654168
339754 384977 339754 384977 554723 657951 554723 657951
321334 386944 321334 386944 572979 661099 572979 661099
260669 393424 260669 393424 633132 671290 633132 671290
245959 394995 245959 394995 636203 685761 636203 685761
256373 370601 256373 370601 641708 711707 641708 711707
269755 339253 269755 339253 660585 683326 660585 683326
279782 350074 279782 350074 668755 671043 668755 671043
287971 358910 287971 358910 663433 660235 663433 660235
289444 359398 289444 359398 662748 658843 662748 658843
329238 372580 329238 372580 704565 661798 704565 661798
339941 370924 339941 370924 715368 662562 715368 662562
361835 367538 361835 367538 734939 672944 734939 672944
389805 354231 389805 354231 762302 687459 762302 687459
359316 333783 359316 333783 794733 704662 794733 704662
350697 331552 350697 331552 802598 708834 802598 708834
333860 327194 333860 327194 819384 704285 819384 704285
338455 317394 338455 317394 829831 701453 829831 701453
344827 303805 344827 303805 842460 693344 842460 693344
349488 293864 349488 293864 845013 704023 845013 704023
377695 293877 377695 293877 851570 731457 851570 731457
376659 288923 376659 288923 852747 736379 852747 736379
369017 252363 369017 252363 817624 749084 817624 749084
372224 229746 372224 229746 796143 756855 796143 756855
379962 175176 379962 175176 744510 737572 744510 737572
381459 164616 381459 164616 736010 744014 736010 744014
320983 212669 320983 212669 674448 790668 674448 790668
320983 212669 320983 212669 642464 814907 642464 814907
320983 212669 320983 212669 569758 848281 569758 848281
320983 212669 320983 212669 555262 854935 555262 854935
320983 212669 320983 212669 546687 795632 546687 795632
320983 212669 320983 212669 518087 775082 518087 775082
320983 212669 320983 212669 461267 783931 461267 783931
320983 212669 320983 212669 437679 776208 437679 776208
320983 212669 320983 212669 406413 849845 406413 849845
320983 212669 320983 212669 402098 860009 402098 860009
320983 212669 320983 212669 391094 780769 391094 780769
320983 212669 320983 212669 388702 763547 388702 763547
320983 212669 320983 212669 365819 712547 365819 712547
320983 212669 320983 212669 351428 713368 351428 713368
320983 212669 320983 212669 278464 733234 278464 733234
320983 212669 320983 212669 269288 700436 269288 700436
320983 212669 320983 212669 205073 652724 205073 652724
320983 212669 320983 212669 202335 650689 202335 650689
320983 212669 320983 212669 167923 653741 167923 653741
320983 212669 320983 212669 101173 633844 101173 633844
320983 212669 320983 212669 143073 701994 143073 701994
320983 212669 320983 212669 183347 767497 183347 767497
320983 212669 320983 212669 158125 772534 158125 772534
