647380 895115 647380 895115 111003 165243 111003 165243
635348 866628 635348 866628 134143 144729 134143 144729
635875 843230 635875 843230 151655 129203 151655 129203
635957 839589 635957 839589 154208 131801 154208 131801
683009 811107 683009 811107 192763 171026 192763 171026
693930 804497 693930 804497 204219 165393 204219 165393
684458 784728 684458 784728 223890 155721 223890 155721
679842 782273 679842 782273 228582 153414 228582 153414
628746 755093 628746 755093 258469 103852 258469 103852
626794 768719 626794 768719 265577 92065 265577 92065
620618 811841 620618 811841 306724 106368 306724 106368
581413 824530 581413 824530 345647 119898 345647 119898
553854 833449 553854 833449 322874 137798 322874 137798
549939 760127 549939 760127 265146 183174 265146 183174
548079 761020 548079 761020 263524 184449 263524 184449
530210 769600 530210 769600 272487 202129 272487 202129
503152 782593 503152 782593 246884 217797 246884 217797
494397 786797 494397 786797 240591 210400 240591 210400
476912 795193 476912 795193 221294 212355 221294 212355
469849 790507 469849 790507 212861 213209 212861 213209
415028 754136 415028 754136 236555 274583 236555 274583
413311 752997 413311 752997 234627 273855 234627 273855
398356 716431 398356 716431 197667 259902 197667 259902
377842 666273 377842 666273 159489 221443 159489 221443
376927 664035 376927 664035 158541 223667 158541 223667
454063 685248 454063 685248 127180 297264 127180 297264
466665 688714 466665 688714 122057 309288 122057 309288
488223 678292 488223 678292 112670 331316 112670 331316
548551 649129 548551 649129 177611 347829 177611 347829
506511 626806 506511 626806 223742 359560 223742 359560
452351 598047 452351 598047 268098 401903 268098 401903
444059 593644 444059 593644 275914 407104 275914 407104
407811 583244 407811 583244 307308 427996 307308 427996
392085 579570 392085 579570 320752 436944 320752 436944
395142 577943 395142 577943 323635 438862 323635 438862
420139 564640 420139 564640 321939 467128 321939 467128
416038 554118 416038 554118 321263 478401 321263 478401
410988 541162 410988 541162 312213 488958 312213 488958
450009 529453 450009 529453 285698 519888 285698 519888
461664 525955 461664 525955 275141 525940 275141 525940
471053 508414 471053 508414 257881 535836 257881 535836
471059 508404 471059 508404 257870 535841 257870 535841
485884 494826 485884 494826 239830 544712 239830 544712
474846 491846 474846 491846 229570 549757 229570 549757
405590 473146 405590 473146 301223 553200 301223 553200
405334 473399 405334 473399 301583 553217 301583 553217
375423 502981 375423 502981 303771 595229 303771 595229
371434 506926 371434 506926 301679 600434 301679 600434
359848 512019 359848 512019 296959 612177 296959 612177
354917 514187 354917 514187 300040 616595 300040 616595
356109 514944 356109 514944 300848 617753 300848 617753
372677 525464 372677 525464 320283 620487 320283 620487
367532 526820 367532 526820 325551 621228 325551 621228
358354 529239 358354 529239 317496 626250 317496 626250
355911 537076 355911 537076 310530 630593 310530 630593
354020 543144 354020 543144 304702 633128 304702 633128
343671 544893 343671 544893 295078 637315 295078 637315
322467 548476 322467 548476 276342 626758 276342 626758
325531 566571 325531 566571 260353 617749 260353 617749
327469 578018 327469 578018 268390 626127 268390 626127
315947 584126 315947 584126 277418 635537 277418 635537
298978 593121 298978 593121 288358 651323 288358 651323
284581 600752 284581 600752 302888 658698 302888 658698
276628 604968 276628 604968 309960 664266 309960 664266
271790 618606 271790 618606 321329 673218 321329 673218
271530 625746 271530 625746 326943 677638 326943 677638
267342 631997 267342 631997 332855 682293 332855 682293
264398 628092 264398 628092 336697 685318 336697 685318
252766 612664 252766 612664 332180 704104 332180 704104
250486 609640 250486 609640 333242 707739 333242 707739
229760 593865 229760 593865 340549 732740 340549 732740
219937 586388 219937 586388 339722 745057 339722 745057
211566 549237 211566 549237 337169 783054 337169 783054
209609 540551 209609 540551 343705 789100 343705 789100
204209 516585 204209 516585 351339 765749 351339 765749
130270 486040 130270 486040 376199 689710 376199 689710
128702 485392 128702 485392 376726 688098 376726 688098
77287 464152 77287 464152 355050 636865 355050 636865
60786 457335 60786 457335 344649 622353 344649 622353
71669 449143 71669 449143 336714 611282 336714 611282
91793 433995 91793 433995 351881 591172 351881 591172
146896 392519 146896 392519 416629 567416 416629 567416
190382 359787 190382 359787 468148 549863 468148 549863
217621 380017 217621 380017 500265 538920 500265 538920
244229 399777 244229 399777 511066 570253 511066 570253
241947 421645 241947 421645 518232 591040 518232 591040
240489 435618 240489 435618 531923 587891 531923 587891
251764 436409 251764 436409 542938 585357 542938 585357
244412 461129 244412 461129 568072 579576 568072 579576
252556 469268 252556 469268 579293 576995 579293 576995
258222 462630 258222 462630 587798 575039 587798 575039
262423 457708 262423 457708 594041 576741 594041 576741
264802 459438 264802 459438 596879 577515 596879 577515
274681 466621 274681 466621 592032 566304 592032 566304
272919 470797 272919 470797 590233 562143 590233 562143
268567 481111 268567 481111 596034 552569 596034 552569
262217 496161 262217 496161 589120 537770 589120 537770
256793 509016 256793 509016 596826 526138 596826 526138
251971 514529 251971 514529 600871 520032 600871 520032
274641 502027 274641 502027 615169 498450 615169 498450
302639 486585 302639 486585 585253 509736 585253 509736
306205 484619 306205 484619 581624 511584 581624 511584
334112 479422 334112 479422 556327 524463 556327 524463
335314 480449 335314 480449 554919 525180 554919 525180
343292 487264 343292 487264 549136 516424 549136 516424
341423 469512 341423 469512 539298 501530 539298 501530
324211 421678 324211 421678 511281 459111 511281 459111
337379 403558 337379 403558 498936 440421 498936 440421
332229 368211 332229 368211 479249 410615 479249 410615
328021 339335 328021 339335 451355 402044 451355 402044
323906 311093 323906 311093 445638 430006 445638 430006
321570 295058 321570 295058 430130 425308 430130 425308
327034 300475 327034 300475 422766 423077 422766 423077
332149 305545 332149 305545 420081 416395 420081 416395
363435 336563 363435 336563 379651 433898 379651 433898
374967 347995 374967 347995 365881 442504 365881 442504
397199 370035 397199 370035 354405 413378 354405 413378
393852 388900 393852 388900 347382 395552 347382 395552
398124 388648 398124 388648 345813 391570 345813 391570
415132 387644 415132 387644 362169 396340 362169 396340
418588 371782 418588 371782 377753 400886 377753 400886
424806 343245 424806 343245 387770 373450 387770 373450
427950 328815 427950 328815 381084 360282 381084 360282
450626 348870 450626 348870 367379 333290 367379 333290
478656 373659 478656 373659 378201 297470 378201 297470
494838 387970 494838 387970 391622 314398 391622 314398
504427 374033 504427 374033 402132 327654 402132 327654
530551 336062 530551 336062 402456 373742 402456 373742
536036 328089 536036 328089 412127 373369 412127 373369
538006 314877 538006 314877 425475 372853 425475 372853
547091 253942 547091 253942 486425 363871 486425 363871
547975 248014 547975 248014 492009 361694 492009 361694
592594 244966 592594 244966 533679 345453 533679 345453
601049 244389 601049 244389 542151 345255 542151 345255
607933 249829 607933 249829 550923 345051 550923 345051
598029 241910 598029 241910 563600 344755 563600 344755
578681 227191 578681 227191 587904 344188 587904 344188
579267 212108 579267 212108 602994 343836 602994 343836
610010 206096 610010 206096 634311 343105 634311 343105
620170 205568 620170 205568 644482 342868 644482 342868
617951 195549 617951 195549 654741 342629 654741 342629
618486 193530 618486 193530 656829 342580 656829 342580
622008 180251 622008 180251 666611 332934 666611 332934
627699 158791 627699 158791 687763 326188 687763 326188
657170 177542 657170 177542 721042 315575 721042 315575
702961 206677 702961 206677 708090 262869 708090 262869
711024 211807 711024 211807 714200 270218 714200 270218
688093 229793 688093 229793 732831 292628 732831 292628
668579 245099 668579 245099 755172 303396 755172 303396
651377 274634 651377 274634 785962 318235 785962 318235
654692 291020 654692 291020 801022 325494 801022 325494
654747 290995 654747 290995 801076 325520 801076 325520
680598 279197 680598 279197 795192 353320 795192 353320
687970 358857 687970 358857 778626 431586 778626 431586
688061 359841 688061 359841 778421 432553 778421 432553
688783 367641 688783 367641 771484 428914 771484 428914
646487 388031 646487 388031 729902 407105 729902 407105
630191 395887 630191 395887 715213 396544 715213 396544
631657 399302 631657 399302 712196 394375 712196 394375
644342 428858 644342 428858 704731 425660 704731 425660
659502 464178 659502 464178 697440 463398 697440 463398
661182 464680 661182 464680 697107 465120 697107 465120
696054 475088 696054 475088 695093 501456 695093 501456
712573 480019 712573 480019 698655 518323 698655 518323
736374 487123 736374 487123 722844 512677 722844 512677
754254 475934 754254 475934 743384 507883 743384 507883
758060 493566 758060 493566 760950 503783 760950 503783
748807 497596 748807 497596 770778 501489 770778 501489
725848 507594 725848 507594 764741 525792 764741 525792
725010 507959 725010 507959 764443 526656 764443 526656
727601 551249 727601 551249 750314 567658 750314 567658
734476 550241 734476 550241 748050 574227 748050 574227
759078 546634 759078 546634 723950 580346 723950 580346
768957 545186 768957 545186 718662 588815 718662 588815
774483 544376 774483 544376 717575 594294 717575 594294
789256 542210 789256 542210 703476 599206 703476 599206
813956 538589 813956 538589 685083 582327 685083 582327
814862 521062 814862 521062 672152 570460 672152 570460
815189 514723 815189 514723 666489 567592 666489 567592
811721 506732 811721 506732 658718 563657 658718 563657
798051 493972 798051 493972 642035 555209 642035 555209
781631 478644 781631 478644 655375 573281 655375 573281
799797 463200 799797 463200 669535 592465 669535 592465
799675 461394 799675 461394 670610 593921 670610 593921
798810 448548 798810 448548 675874 605671 675874 605671
796679 416908 796679 416908 660440 633374 660440 633374
795295 396350 795295 396350 648653 650273 648653 650273
795197 394896 795197 394896 649176 651634 649176 651634
794552 385325 794552 385325 658593 649806 658593 649806
832479 355984 832479 355984 705666 640669 705666 640669
835228 353857 835228 353857 708706 642353 708706 642353
817920 356287 817920 356287 723997 650819 723997 650819
777313 361988 777313 361988 749149 618434 749149 618434
774559 341271 774559 341271 761968 601928 761968 601928
773211 331132 773211 331132 761968 601928 761968 601928
783287 302137 783287 302137 761968 601928 761968 601928
759310 269281 759310 269281 761968 601928 761968 601928
768149 195603 768149 195603 761968 601928 761968 601928
760891 185083 760891 185083 761968 601928 761968 601928
739597 160560 739597 160560 761968 601928 761968 601928
691188 132047 691188 132047 761968 601928 761968 601928
707497 82131 707497 82131 761968 601928 761968 601928
