722309 337089 722309 337089 198124 311941 198124 311941
697095 352006 697095 352006 195923 341154 195923 341154
671759 343203 671759 343203 193907 367900 193907 367900
619435 325024 619435 325024 227847 324123 227847 324123
597837 299330 597837 299330 248413 297596 248413 297596
573721 270639 573721 270639 282905 312261 282905 312261
560385 271814 560385 271814 295225 317499 295225 317499
526091 274835 526091 274835 290784 283360 290784 283360
529671 285051 529671 285051 289388 272625 289388 272625
541369 299253 541369 299253 287014 254379 287014 254379
541392 299760 541392 299760 286949 253876 286949 253876
542891 332325 542891 332325 285135 221327 285135 221327
548388 359418 548388 359418 283596 193725 283596 193725
547701 358279 547701 358279 283522 192397 283522 192397
526141 322542 526141 322542 322620 207002 322620 207002
502597 304691 502597 304691 350298 217342 350298 217342
487071 302633 487071 302633 364970 222822 364970 222822
483705 310999 483705 310999 373417 225978 373417 225978
483343 316000 483343 316000 378114 227733 378114 227733
413387 277191 413387 277191 453056 255728 453056 255728
407723 274049 407723 274049 459124 257994 459124 257994
400951 281066 400951 281066 468259 261407 468259 261407
345396 338630 345396 338630 541042 294612 541042 294612
338887 345374 338887 345374 549569 298502 549569 298502
333943 369524 333943 369524 571996 308734 571996 308734
330688 385424 330688 385424 581525 295596 581525 295596
358760 370739 358760 370739 600126 269950 600126 269950
363983 358148 363983 358148 608129 258915 608129 258915
367399 349911 367399 349911 616666 261489 616666 261489
402617 382068 402617 382068 662326 275257 662326 275257
406683 371532 406683 371532 673139 278517 673139 278517
411437 359215 411437 359215 685492 273858 685492 273858
419828 362850 419828 362850 694048 270632 694048 270632
443744 367247 443744 367247 716801 262051 716801 262051
461248 370466 461248 370466 734527 263642 734527 263642
491793 370073 491793 370073 764953 266373 764953 266373
503706 369920 503706 369920 774231 258900 774231 258900
510528 384030 510528 384030 786437 249069 786437 249069
511913 413808 511913 413808 809653 230369 809653 230369
522845 415452 522845 415452 818262 223435 818262 223435
533386 417038 533386 417038 825386 231365 825386 231365
540956 421559 540956 421559 831279 237924 831279 237924
551367 427776 551367 427776 833052 249920 833052 249920
522128 456771 522128 456771 839072 290655 839072 290655
518758 460112 518758 460112 842411 294027 842411 294027
521410 480526 521410 480526 856896 308654 856896 308654
516026 481102 516026 481102 860706 312501 860706 312501
496158 483226 496158 483226 857322 332194 857322 332194
506181 505421 506181 505421 853197 356195 853197 356195
506944 506733 506944 506733 852940 357691 852940 357691
510204 512343 510204 512343 857456 362350 857456 362350
500997 507084 500997 507084 864836 369963 864836 369963
472589 516182 472589 516182 885598 391381 885598 391381
466374 504947 466374 504947 894535 400600 894535 400600
432402 443536 432402 443536 828638 376454 828638 376454
428127 435808 428127 435808 825095 368365 825095 368365
416634 456237 416634 456237 815691 346894 815691 346894
396754 491572 396754 491572 775366 342684 775366 342684
380201 520994 380201 520994 776904 308961 776904 308961
370088 538969 370088 538969 756603 305320 756603 305320
364656 548625 364656 548625 747621 298835 747621 298835
356522 563083 356522 563083 736094 310766 736094 310766
380652 569192 380652 569192 718799 328667 718799 328667
413294 577457 413294 577457 685621 322919 685621 322919
414107 577663 414107 577663 685114 323587 685114 323587
417430 567886 417430 567886 678876 331816 678876 331816
422719 568768 422719 568768 675637 336089 675637 336089
452972 573817 452972 573817 648511 321774 648511 321774
472872 577137 472872 577137 637174 338463 637174 338463
507706 582950 507706 582950 611529 362743 611529 362743
512235 573320 512235 573320 603801 370059 603801 370059
522057 552435 522057 552435 580800 368162 580800 368162
522119 529928 522119 529928 558369 366312 558369 366312
526655 525638 526655 525638 552146 365799 552146 365799
542933 510243 542933 510243 554682 388059 554682 388059
543914 520210 543914 520210 555816 398010 555816 398010
546159 543018 546159 543018 535139 388124 535139 388124
549879 546849 549879 546849 530322 385820 530322 385820
554621 543423 554621 543423 525044 383297 525044 383297
579761 525260 579761 525260 503367 405478 503367 405478
584167 504392 584167 504392 488460 420732 488460 420732
566137 499921 566137 499921 475476 434017 475476 434017
570416 486078 570416 486078 465349 444380 465349 444380
575445 469808 575445 469808 468618 461092 468618 461092
578612 459563 578612 459563 477803 466627 477803 466627
575852 456155 575852 456155 481559 468891 481559 468891
570129 449089 570129 449089 477831 477184 477831 477184
588787 451895 588787 451895 470094 494393 470094 494393
601918 437831 601918 437831 462205 511942 462205 511942
622475 416553 622475 416553 450073 538927 450073 538927
632561 406113 632561 406113 457587 551347 457587 551347
620059 424345 620059 424345 469031 570261 469031 570261
617446 428156 617446 428156 465330 573028 465330 573028
613304 445387 613304 445387 451136 583639 451136 583639
620804 457928 620804 457928 439432 592388 439432 592388
624122 463476 624122 463476 436065 586870 436065 586870
633384 494757 633384 494757 419073 559021 419073 559021
638832 513159 638832 513159 400837 564999 400837 564999
646228 515488 646228 515488 393468 567415 393468 567415
677675 525390 677675 525390 369659 590220 369659 590220
721055 539050 721055 539050 408123 614489 408123 614489
733721 543039 733721 543039 419536 621277 419536 621277
757276 550456 757276 550456 396814 630948 396814 630948
763498 552415 763498 552415 391580 634841 391580 634841
759653 561650 759653 561650 383553 640812 383553 640812
742427 603020 742427 603020 364984 681597 364984 681597
729576 633883 729576 633883 348871 710889 348871 710889
716391 623869 716391 623869 340891 725396 340891 725396
691854 605232 691854 605232 317846 745849 317846 745849
684491 599640 684491 599640 326898 747729 326898 747729
683118 608411 683118 608411 335591 749534 335591 749534
670603 615122 670603 615122 349495 752421 349495 752421
667191 609639 667191 609639 355818 753734 355818 753734
650130 582225 650130 582225 386305 743097 386305 743097
649083 580543 649083 580543 388068 742193 388068 742193
641342 586455 641342 586455 396735 737748 396735 737748
636312 590296 636312 590296 393486 732317 393486 732317
643808 595014 643808 595014 388939 724716 388939 724716
646524 599642 646524 599642 386185 720111 386185 720111
656827 617198 656827 617198 401275 706448 401275 706448
658542 629208 658542 629208 410268 698305 410268 698305
659500 635919 659500 635919 414431 692954 414431 692954
636611 650552 636611 650552 431112 671512 431112 671512
630656 654359 630656 654359 426002 666630 426002 666630
634340 672496 634340 672496 412619 653846 412619 653846
639189 696369 639189 696369 432279 639461 432279 639461
622698 677496 622698 677496 452505 624661 452505 624661
606280 658707 606280 658707 468407 643888 468407 643888
602135 653963 602135 653963 465824 649634 465824 649634
605646 645446 605646 645446 462047 658037 462047 658037
606711 642864 606711 642864 462243 660823 462243 660823
574300 622913 574300 622913 464917 698788 464917 698788
566418 618062 566418 618062 459080 705971 459080 705971
565639 617582 565639 617582 459983 705823 459983 705823
593805 593215 593805 593215 496734 699788 496734 699788
598375 585484 598375 585484 505596 698333 505596 698333
603810 576289 603810 576289 503388 708784 503388 708784
586425 578702 586425 578702 499760 725956 499760 725956
585384 565268 585384 565268 496974 739139 496974 739139
570474 562792 570474 562792 493850 753927 493850 753927
569375 575141 569375 575141 491287 766057 491287 766057
568471 585307 568471 585307 501239 768319 501239 768319
551971 587076 551971 587076 517421 771998 517421 771998
551931 595468 551931 595468 525604 773858 525604 773858
551801 596033 551801 596033 526170 773987 526170 773987
549038 608046 549038 608046 532342 763317 532342 763317
541895 609490 541895 609490 535991 757009 535991 757009
546591 617069 546591 617069 540456 749292 540456 749292
542648 636657 542648 636657 550461 731996 550461 731996
543023 647892 543023 647892 556090 722266 556090 722266
543566 664158 543566 664158 560480 706594 560480 706594
543999 677135 543999 677135 548567 711759 548567 711759
544220 683752 544220 683752 543004 708170 543004 708170
530814 669411 530814 669411 526508 697526 526508 697526
516114 653686 516114 653686 535432 677938 535432 677938
515375 654535 515375 654535 535899 676914 535899 676914
511752 658698 511752 658698 537626 671672 537626 671672
503213 652794 503213 652794 540873 661812 540873 661812
487797 642134 487797 642134 522488 658166 522488 658166
463992 625674 463992 625674 520437 629297 520437 629297
457303 635993 457303 635993 519565 617031 519565 617031
448633 649369 448633 649369 535001 621010 535001 621010
437254 658600 437254 658600 549189 624668 549189 624668
440065 675020 440065 675020 565320 628827 565320 628827
442176 687352 442176 687352 577483 631760 577483 631760
450342 735055 450342 735055 590394 585117 590394 585117
487054 721359 487054 721359 600848 547353 600848 547353
485480 728828 485480 728828 602884 539997 602884 539997
483698 737280 483698 737280 594487 537970 594487 537970
493982 795083 493982 795083 537416 524194 537416 524194
494400 797430 494400 797430 537412 521810 537412 521810
490586 806356 490586 806356 537395 512103 537395 512103
472565 848528 472565 848528 515431 471844 515431 471844
470589 837367 470589 837367 510002 461894 510002 461894
468744 826942 468744 826942 517666 454590 517666 454590
453985 811858 453985 811858 532942 440030 532942 440030
424628 781857 424628 781857 573881 430761 573881 430761
402941 759694 402941 759694 601570 416804 601570 416804
396731 753347 396731 753347 601143 407934 601143 407934
382922 739235 382922 739235 620729 410425 620729 410425
353309 767675 353309 767675 661459 415605 661459 415605
350837 770049 350837 770049 662721 412418 662721 412418
358396 816593 358396 816593 680086 368578 680086 368578
359631 824200 359631 824200 685936 363562 685936 363562
362430 841435 362430 841435 688049 380895 688049 380895
363591 848586 363591 848586 691762 387116 691762 387116
358551 863585 358551 863585 699871 400703 699871 400703
353463 878728 353463 878728 714166 407835 714166 407835
353463 878728 353463 878728 721926 411707 721926 411707
353463 878728 353463 878728 736266 412810 736266 412810
353463 878728 353463 878728 756378 424571 756378 424571
353463 878728 353463 878728 760583 422827 760583 422827
353463 878728 353463 878728 763600 415588 763600 415588
353463 878728 353463 878728 754806 390764 754806 390764
353463 878728 353463 878728 784643 393884 784643 393884
353463 878728 353463 878728 808790 397964 808790 397964
353463 878728 353463 878728 829069 403912 829069 403912
353463 878728 353463 878728 828707 440318 828707 440318
353463 878728 353463 878728 760887 465089 760887 465089
353463 878728 353463 878728 789113 508035 789113 508035
353463 878728 353463 878728 860169 544791 860169 544791
353463 878728 353463 878728 887074 558709 887074 558709
