315003 768200 315003 768200 747700 843349 747700 843349
362593 750886 362593 750886 727758 796799 727758 796799
363790 755793 363790 755793 725769 792156 725769 792156
372514 791565 372514 791565 689056 789346 689056 789346
387333 782537 387333 782537 671754 788021 671754 788021
416644 764680 416644 764680 680782 754908 680782 754908
418096 763796 418096 763796 680894 753212 680894 753212
425632 753006 425632 753006 681765 740079 681765 740079
439509 733138 439509 733138 703124 751527 703124 751527
446454 723194 446454 723194 712004 759790 712004 759790
452336 714126 452336 714126 719917 767153 719917 767153
450195 712710 450195 712710 721796 768901 721796 768901
440522 706313 440522 706313 729479 760214 729479 760214
413172 691763 413172 691763 750001 737007 750001 737007
402383 686024 402383 686024 759457 729266 759457 729266
418327 679012 418327 679012 772935 718233 772935 718233
422244 677289 422244 677289 768667 717926 768667 717926
423986 651426 423986 651426 742812 716065 742812 716065
426212 618373 426212 618373 739370 683116 739370 683116
427522 598923 427522 598923 732547 664855 732547 664855
427586 597973 427586 597973 733104 664083 733104 664083
411940 607811 411940 607811 743922 649098 743922 649098
411402 608149 411402 608149 744368 649550 744368 649550
398580 608739 398580 608739 753388 658682 753388 658682
380903 609554 380903 609554 770393 653786 770393 653786
366259 610228 366259 610228 780803 664108 780803 664108
363167 605716 363167 605716 784687 667959 784687 667959
343747 577378 343747 577378 804733 640060 804733 640060
332580 561084 332580 561084 821886 630264 821886 630264
344000 550031 344000 550031 835687 622383 835687 622383
336270 533918 336270 533918 851206 613520 851206 613520
329460 519721 329460 519721 848340 598037 848340 598037
301896 520334 301896 520334 843322 570927 843322 570927
277002 496639 277002 496639 837066 537133 837066 537133
240096 518158 240096 518158 829290 495125 829290 495125
210077 535661 210077 535661 795281 487995 795281 487995
213831 519564 213831 519564 779103 484603 779103 484603
231999 441654 231999 441654 718955 431856 718955 431856
233976 433174 233976 433174 712409 426115 712409 426115
245309 384578 245309 384578 697451 473721 697451 473721
247956 373226 247956 373226 709009 475229 709009 475229
257382 332804 257382 332804 709307 516735 709307 516735
263720 305627 263720 305627 684583 503794 684583 503794
248524 291112 248524 291112 665965 494048 665965 494048
238509 281546 238509 281546 654823 502274 654823 502274
213708 257857 213708 257857 662469 535707 662469 535707
204499 222101 204499 222101 670701 571701 670701 571701
199429 202416 199429 202416 691026 571397 691026 571397
214588 214544 214588 214544 710437 571106 710437 571106
232916 229207 232916 229207 733898 571803 733898 571803
270164 259007 270164 259007 772950 599197 772950 599197
288453 273639 288453 273639 749758 595928 749758 595928
290827 275538 290827 275538 746955 597107 746955 597107
312102 275521 312102 275521 727345 605358 727345 605358
349546 275492 349546 275492 691688 593929 691688 593929
358434 275485 358434 275485 685941 600709 685941 600709
373397 275473 373397 275473 671040 602065 671040 602065
437956 275422 437956 275422 699658 659935 699658 659935
478962 275390 478962 275390 665704 682926 665704 682926
474235 300372 474235 300372 644651 697181 644651 697181
466170 342989 466170 342989 602101 688771 602101 688771
461289 368785 461289 368785 578327 677631 578327 677631
466008 394120 466008 394120 554991 666697 554991 666697
467081 399883 467081 399883 549578 664448 549578 664448
456590 449594 456590 449594 502659 644957 502659 644957
452348 452375 452348 452375 497975 643011 497975 643011
439209 460986 439209 460986 498591 627314 498591 627314
431686 465917 431686 465917 497260 618418 497260 618418
418929 463851 418929 463851 495347 605637 495347 605637
413702 463004 413702 463004 500483 604350 500483 604350
391853 439831 391853 439831 531377 596609 531377 596609
372960 444826 372960 444826 550334 591859 550334 591859
364589 438060 364589 438060 560774 589242 560774 589242
367842 460762 367842 460762 583020 583668 583020 583668
369023 469000 369023 469000 577067 577852 577067 577852
360210 482714 360210 482714 565407 566460 565407 566460
400263 490354 400263 490354 536240 537965 536240 537965
414025 492979 414025 492979 549290 532869 549290 532869
407405 524856 407405 524856 579617 521027 579617 521027
404880 537017 404880 537017 574696 509623 574696 509623
426869 539875 426869 539875 565910 489264 565910 489264
429796 545329 429796 545329 563457 483581 563457 483581
439759 538877 439759 538877 558754 472683 558754 472683
460704 539596 460704 539596 550450 453441 550450 453441
450278 508449 450278 508449 537436 423283 537436 423283
465900 483076 465900 483076 525630 395925 525630 395925
473903 486273 473903 486273 522216 388013 522216 388013
490069 474002 490069 474002 514174 369378 514174 369378
515063 511840 515063 511840 496206 327742 496206 327742
523692 524903 523692 524903 509502 319477 509502 319477
530225 517551 530225 517551 517855 314285 517855 314285
543550 518469 543550 518469 529199 307234 529199 307234
547545 532868 547545 532868 541890 299345 541890 299345
551560 547345 551560 547345 550997 287397 550997 287397
553606 554718 553606 554718 548534 280152 548534 280152
494391 553459 494391 553459 529472 224075 529472 224075
487985 553323 487985 553323 535569 226045 535569 226045
494774 558416 494774 558416 543645 228655 543645 228655
502098 580377 502098 580377 565673 235773 565673 235773
483248 585592 483248 585592 584284 241787 584284 241787
480431 586371 480431 586371 584069 238872 584069 238872
493365 599520 493365 599520 582713 220478 582713 220478
492255 603887 492255 603887 582382 215985 582382 215985
492033 604446 492033 604446 582338 215385 582338 215385
475551 645917 475551 645917 622265 195452 622265 195452
480901 647299 480901 647299 627209 192984 627209 192984
499932 652213 499932 652213 646211 187959 646211 187959
499313 658065 499313 658065 651901 186455 651901 186455
498649 664336 498649 664336 650323 180350 650323 180350
476523 680482 476523 680482 643469 153831 643469 153831
474763 685946 474763 685946 642033 148273 642033 148273
467304 709097 467304 709097 653571 126860 653571 126860
483278 727601 483278 727601 665166 105341 665166 105341
493275 717050 493275 717050 672061 92545 672061 92545
508793 700672 508793 700672 657490 75319 657490 75319
516643 674555 516643 674555 639877 54498 639877 54498
510132 663466 510132 663466 631572 44681 631572 44681
509601 662562 509601 662562 631264 45683 631264 45683
530088 633879 530088 633879 620916 79378 620916 79378
562573 633544 562573 633544 611378 110433 611378 110433
582297 630832 582297 630832 605533 129466 605533 129466
588025 622427 588025 622427 602546 139189 602546 139189
589174 600995 589174 600995 596245 159706 596245 159706
589719 590838 589719 590838 586089 160256 586089 160256
589640 590579 589640 590579 585818 160271 585818 160271
581230 563046 581230 563046 557438 155436 557438 155436
579155 556254 579155 556254 552396 160437 552396 160437
615558 598647 615558 598647 512723 199786 512723 199786
651977 641059 651977 641059 460795 179082 460795 179082
676346 681900 676346 681900 416618 161469 416618 161469
690418 663079 690418 663079 394789 152766 394789 152766
730168 609914 730168 609914 389205 218913 389205 218913
704769 585453 704769 585453 386239 254050 386239 254050
703614 585748 703614 585748 386139 255238 386139 255238
690347 589136 690347 589136 378821 266811 378821 266811
700249 570935 700249 570935 367747 284324 367747 284324
713575 546442 713575 546442 339923 282500 339923 282500
746734 564929 746734 564929 302040 280016 302040 280016
756930 570614 756930 570614 290581 282243 290581 282243
792042 568356 792042 568356 256042 288955 256042 288955
809041 567263 809041 567263 252836 305684 252836 305684
836331 591494 836331 591494 245966 341527 245966 341527
844823 599033 844823 599033 252879 350536 252879 350536
845639 592567 845639 592567 256847 355706 256847 355706
851360 547233 851360 547233 297648 376277 297648 376277
852654 536980 852654 536980 296846 365974 296846 365974
855448 514835 855448 514835 316162 354789 316162 354789
858309 492167 858309 492167 335263 367326 335263 367326
829274 526893 829274 526893 373106 392163 373106 392163
822207 535345 822207 535345 371984 403123 371984 403123
795023 524488 795023 524488 369001 432242 369001 432242
770952 528315 770952 528315 366518 456489 366518 456489
766905 528958 766905 528958 366835 460574 366835 460574
743468 503613 743468 503613 369502 494991 369502 494991
717127 475127 717127 475127 403961 512821 403961 512821
686890 442428 686890 442428 363688 531837 363688 531837
704774 364453 704774 364453 291347 565994 291347 565994
705889 359593 705889 359593 286838 568123 286838 568123
712788 329513 712788 329513 294347 538190 294347 538190
719261 282781 719261 282781 305827 492430 305827 492430
719747 279273 719747 279273 303220 490032 303220 490032
746260 259940 746260 259940 279073 467815 279073 467815
752500 257935 752500 257935 274249 463377 274249 463377
758052 256151 758052 256151 271498 458235 271498 458235
757372 264101 757372 264101 267734 451200 267734 451200
756020 279906 756020 279906 279709 440797 279709 440797
752693 286443 752693 286443 285246 435986 285246 435986
746809 298007 746809 298007 276770 426163 276770 426163
749969 300018 749969 300018 274323 423327 274323 423327
760510 306725 760510 306725 279520 411965 279520 411965
780537 319468 780537 319468 261610 396386 261610 396386
796034 329328 796034 329328 254273 413225 254273 413225
811896 339421 811896 339421 248002 430949 248002 430949
828670 321134 828670 321134 239724 454342 239724 454342
838027 310932 838027 310932 236391 467778 236391 467778
842178 306406 842178 306406 230937 470602 230937 470602
855211 292197 855211 292197 221286 487293 221286 487293
842711 285022 842711 285022 214072 499771 214072 499771
821226 272688 821226 272688 197164 517877 197164 517877
781579 249929 781579 249929 209564 561878 209564 561878
779171 248547 779171 248547 206888 562621 206888 562621
776712 241395 776712 241395 199601 564645 199601 564645
765562 208958 765562 208958 165348 566439 165348 566439
755560 212191 755560 212191 154851 566988 154851 566988
727699 197310 727699 197310 123308 568640 123308 568640
761479 192467 761479 192467 89230 570425 89230 570425
801804 210262 801804 210262 45213 572730 45213 572730
806267 209278 806267 209278 40649 572969 40649 572969
834335 203093 834335 203093 58994 550844 58994 550844
835688 188270 835688 188270 68494 539386 68494 539386
804472 156920 804472 156920 96732 505329 96732 505329
859700 147379 859700 147379 132505 462184 132505 462184
859700 147379 859700 147379 141041 451889 141041 451889
859700 147379 859700 147379 162235 468369 162235 468369
859700 147379 859700 147379 192228 452620 192228 452620
859700 147379 859700 147379 168002 434371 168002 434371
859700 147379 859700 147379 187687 413665 187687 413665
859700 147379 859700 147379 196166 401895 196166 401895
859700 147379 859700 147379 189114 386599 189114 386599
859700 147379 859700 147379 132403 405277 132403 405277
859700 147379 859700 147379 87016 339398 87016 339398
859700 147379 859700 147379 57201 296122 57201 296122
