841272 389172 841272 389172 155109 849695 155109 849695
793172 360481 793172 360481 151012 793838 151012 793838
775685 350050 775685 350050 170576 788195 170576 788195
757957 374762 757957 374762 199798 779767 199798 779767
732956 409611 732956 409611 240914 791974 240914 791974
726668 392284 726668 392284 258584 797220 258584 797220
723304 383016 723304 383016 251521 790340 251521 790340
720580 368055 720580 368055 240628 779729 240628 779729
712043 376983 712043 376983 231780 771110 231780 771110
677235 363563 677235 363563 205057 745079 205057 745079
676191 363161 676191 363161 204194 744367 204194 744367
671758 374855 671758 374855 194545 736411 194545 736411
663757 375496 663757 375496 188353 731304 188353 731304
657547 375994 657547 375994 192101 726327 192101 726327
639451 377445 639451 377445 189819 708317 189819 708317
628256 378342 628256 378342 200393 712102 200393 712102
601608 377190 601608 377190 225505 721092 225505 721092
591921 376771 591921 376771 227949 711709 227949 711709
586363 376531 586363 376531 233496 711290 233496 711290
560867 362475 560867 362475 262527 709095 262527 709095
563122 354890 563122 354890 270418 708499 270418 708499
568869 335554 568869 335554 282653 692462 282653 692462
549490 346788 549490 346788 296240 674653 296240 674653
540959 351734 540959 351734 288207 668933 288207 668933
507928 329153 507928 329153 255615 645724 255615 645724
501310 324629 501310 324629 256822 637798 256822 637798
487860 315434 487860 315434 247135 624698 247135 624698
493680 332703 493680 332703 236300 610046 236300 610046
501152 354873 501152 354873 227640 588313 227640 588313
502949 360206 502949 360206 228350 582730 228350 582730
529768 375507 529768 375507 232243 552099 232243 552099
535137 373582 535137 373582 232962 546441 232962 546441
544245 387352 544245 387352 235044 530063 235044 530063
545447 389169 545447 389169 236544 531643 236544 531643
556313 409680 556313 409680 252523 548478 252523 548478
536713 408263 536713 408263 266051 562731 266051 562731
518186 406923 518186 406923 256847 578866 256847 578866
512490 406511 512490 406511 260937 582852 260937 582852
483974 426731 483974 426731 285972 607250 285972 607250
456786 446010 456786 446010 309946 630404 309946 630404
434866 461553 434866 461553 336394 635156 336394 635156
424640 468804 424640 468804 339949 623135 339949 623135
449565 485060 449565 485060 348389 594599 348389 594599
451534 484147 451534 484147 349005 592518 349005 592518
489263 466656 489263 466656 367334 629847 367334 629847
507769 458077 507769 458077 377920 647283 377920 647283
518009 453330 518009 453330 389068 649050 389068 649050
524592 450278 524592 450278 382866 652815 382866 652815
533130 440826 533130 440826 371978 659425 371978 659425
546337 446823 546337 446823 359579 666952 359579 666952
551736 449275 551736 449275 356510 672026 356510 672026
554965 446428 554965 446428 354282 675709 354282 675709
561865 463070 561865 463070 344957 691124 344957 691124
576949 499448 576949 499448 341597 730362 341597 730362
579121 503450 579121 503450 341209 734899 341209 734899
594517 531814 594517 531814 363567 758172 363567 758172
593678 533849 593678 533849 365092 759759 365092 759759
588138 547281 588138 547281 379612 759215 379612 759215
592190 562940 592190 562940 395775 758610 395775 758610
594648 572438 594648 572438 398027 749061 398027 749061
607641 571119 607641 571119 401024 736350 401024 736350
624866 561792 624866 561792 405519 717284 405519 717284
648844 548809 648844 548809 388042 696355 388042 696355
666294 539360 666294 539360 388950 676531 388950 676531
681584 531081 681584 531081 403877 667616 403877 667616
687169 528057 687169 528057 408448 663206 408448 663206
702483 542344 702483 542344 423521 648665 423521 648665
714036 553121 714036 553121 431861 662084 431861 662084
719938 557526 719938 557526 435748 668339 435748 668339
721560 553886 721560 553886 437852 671724 437852 671724
735017 523689 735017 523689 454332 700383 454332 700383
745356 500486 745356 500486 454627 725784 454627 725784
749447 491306 749447 491306 450546 734968 450546 734968
751425 486633 751425 486633 448485 739605 448485 739605
753186 482470 753186 482470 452640 741384 452640 741384
761897 478456 761897 478456 461457 745159 461457 745159
773506 492160 773506 492160 477968 752227 477968 752227
792815 514953 792815 514953 501319 770858 501319 770858
790532 515224 790532 515224 503116 772292 503116 772292
777283 516796 777283 516796 510430 783451 510430 783451
771037 536763 771037 536763 521898 800948 521898 800948
766330 544778 766330 544778 526993 808722 526993 808722
758864 557492 758864 557492 530523 794406 530523 794406
755882 564472 755882 564472 532340 787037 532340 787037
753138 568602 753138 568602 533528 782223 533528 782223
752105 576011 752105 576011 535319 774960 535319 774960
760488 632113 760488 632113 548900 719884 548900 719884
757835 633741 757835 633741 549645 716862 549645 716862
717258 658635 717258 658635 590945 740537 590945 740537
710022 674666 710022 674666 606204 749285 606204 749285
696221 705240 696221 705240 622552 719995 622552 719995
677826 711070 677826 711070 631957 703145 631957 703145
670469 716811 670469 716811 636505 694996 636505 694996
653567 730000 653567 730000 653744 682251 653744 682251
622899 753931 622899 753931 673454 648714 673454 648714
619400 756661 619400 756661 677746 647583 677746 647583
611814 752362 611814 752362 686177 645361 686177 645361
592254 741277 592254 741277 705490 633850 705490 633850
591894 741073 591894 741073 705549 634259 705549 634259
579934 728587 579934 728587 708016 651372 708016 651372
567982 718067 567982 718067 710287 667132 710287 667132
566356 716636 566356 716636 708707 668613 708707 668613
558105 709374 558105 709374 700972 676423 700972 676423
546574 699224 546574 699224 695140 690635 695140 690635
544817 687456 544817 687456 690623 701642 690623 701642
543119 676086 543119 676086 693104 712867 693104 712867
529558 656621 529558 656621 698224 736031 698224 736031
533209 643197 533209 643197 701227 749615 701227 749615
537029 629148 537029 629148 695795 763123 695795 763123
596679 633183 596679 633183 673489 818592 673489 818592
590853 627944 590853 627944 670566 825862 670566 825862
562429 602384 562429 602384 697287 798527 697287 798527
558106 598496 558106 598496 701102 794139 701102 794139
527702 566939 527702 566939 729853 761070 729853 761070
508713 547230 508713 547230 728830 733720 728830 733720
496351 533375 496351 533375 728136 715165 728136 715165
492575 529144 492575 529144 733703 716247 733703 716247
487077 522982 487077 522982 740577 711671 740577 711671
455105 569736 455105 569736 787728 680287 787728 680287
471910 584002 471910 584002 806078 668072 806078 668072
483699 594010 483699 594010 809113 652909 809113 652909
489317 608095 489317 608095 812088 638039 812088 638039
464375 651376 464375 651376 821891 589057 821891 589057
434043 641865 434043 641865 828129 557887 828129 557887
437234 647021 437234 647021 829319 551941 829319 551941
442374 658308 442374 658308 831753 539780 831753 539780
447637 669864 447637 669864 832286 527093 832286 527093
485644 703599 485644 703599 834420 476319 834420 476319
516662 717262 516662 717262 835843 442455 835843 442455
519612 718561 519612 718561 833633 440109 833633 440109
540822 795698 540822 795698 778775 381880 778775 381880
544722 809882 544722 809882 768688 371172 768688 371172
554112 844031 554112 844031 751544 402162 751544 402162
551104 843115 551104 843115 750022 404913 750022 404913
510223 830660 510223 830660 744692 447316 744692 447316
483355 822475 483355 822475 763441 468229 763441 468229
436007 808050 436007 808050 757729 517395 757729 517395
398068 807749 398068 807749 753350 555081 753350 555081
389232 807679 389232 807679 752672 563892 752672 563892
365902 807494 365902 807494 751196 587176 751196 587176
360251 803481 360251 803481 750758 594093 750758 594093
332190 783552 332190 783552 767226 624315 767226 624315
331747 783552 331747 783552 767438 624704 767438 624704
315225 783556 315225 783556 751913 619052 751913 619052
311259 783557 311259 783557 749416 615970 749416 615970
299111 790112 299111 790112 740726 605245 740726 605245
286392 796975 286392 796975 728125 612321 728125 612321
278250 801368 278250 801368 719242 614906 719242 614906
280292 777774 280292 777774 696503 621523 696503 621523
282199 755744 282199 755744 676268 612607 676268 612607
289469 754628 289469 754628 669537 609641 669537 609641
292859 754107 292859 754107 666422 608205 666422 608205
314715 750751 314715 750751 644320 607540 644320 607540
326251 748980 326251 748980 634168 601783 634168 601783
376404 746296 376404 746296 590479 577007 590479 577007
389810 742252 389810 742252 578299 570099 578299 570099
420602 736636 420602 736636 551072 554659 551072 554659
416810 734189 416810 734189 547147 552433 547147 552433
405960 727187 405960 727187 542390 540428 542390 540428
408451 706655 408451 706655 534770 521200 534770 521200
412390 696068 412390 696068 530608 510698 530608 510698
412328 695814 412328 695814 530512 510455 530512 510455
409602 684621 409602 684621 540099 504068 540099 504068
407766 677081 407766 677081 537405 496790 537405 496790
389639 645399 389639 645399 524734 462559 524734 462559
381170 664595 381170 664595 517451 442882 517451 442882
369451 691155 369451 691155 511965 414375 511965 414375
375904 699831 375904 699831 509921 403757 509921 403757
385701 713004 385701 713004 502122 389311 502122 389311
387838 713801 387838 713801 501038 387304 501038 387304
380822 716463 380822 716463 497473 380701 497473 380701
370848 716325 370848 716325 492734 371924 492734 371924
354464 716097 354464 716097 508343 366938 508343 366938
353793 711375 353793 711375 512886 365486 512886 365486
325150 690334 325150 690334 546741 354671 546741 354671
326252 688078 326252 688078 549133 353907 549133 353907
336857 666367 336857 666367 573273 354939 573273 354939
339335 636524 339335 636524 603192 356217 603192 356217
340416 623497 340416 623497 592122 349266 592122 349266
343072 611763 343072 611763 581933 342869 581933 342869
351985 572387 351985 572387 544783 327063 544783 327063
345816 564371 345816 564371 535475 323103 535475 323103
342334 559847 342334 559847 536453 317479 536453 317479
320621 531633 320621 531633 506962 297535 506962 297535
286719 487582 286719 487582 452652 309378 452652 309378
237927 424183 237927 424183 444865 229758 444865 229758
235489 421016 235489 421016 444476 225780 444476 225780
190545 362617 190545 362617 501455 272511 501455 272511
173707 340737 173707 340737 528397 278544 528397 278544
166506 331381 166506 331381 540045 280471 540045 280471
166111 330998 166111 330998 540588 280561 540588 280561
149366 314796 149366 314796 556962 263984 556962 263984
149706 315874 149706 315874 557756 263180 557756 263180
151177 320542 151177 320542 554187 259831 554187 259831
162874 357652 162874 357652 555946 220961 555946 220961
178640 407670 178640 407670 575027 172111 575027 172111
202690 483970 202690 483970 504811 133774 504811 133774
205990 494440 205990 494440 495176 128513 495176 128513
230040 570739 230040 570739 495176 128513 495176 128513
249189 631491 249189 631491 495176 128513 495176 128513
265489 700360 265489 700360 495176 128513 495176 128513
265087 723067 265087 723067 495176 128513 495176 128513
187010 705631 187010 705631 495176 128513 495176 128513
173654 702648 173654 702648 495176 128513 495176 128513
