820540 823399 820540 823399 119466 792208 119466 792208
772349 798638 772349 798638 123435 738174 123435 738174
770919 795350 770919 795350 123698 734598 123698 734598
748623 812351 748623 812351 125752 706635 125752 706635
743090 816570 743090 816570 132678 707308 132678 707308
721945 754362 721945 754362 198073 713658 198073 713658
711964 724996 711964 724996 219676 735914 219676 735914
711243 722876 711243 722876 220330 733772 220330 733772
692802 703372 692802 703372 228167 708100 228167 708100
693586 690371 693586 690371 231970 695643 231970 695643
711030 688251 711030 688251 237101 678837 237101 678837
711065 688247 711065 688247 237107 678802 237107 678802
692992 669178 692992 669178 241177 652846 241177 652846
682916 658546 682916 658546 247414 666099 247414 666099
685687 645146 685687 645146 253241 678480 253241 678480
688936 629431 688936 629431 255879 694309 255879 694309
696869 624297 696869 624297 257433 703630 257433 703630
701476 619017 701476 619017 258585 710542 258585 710542
708728 610705 708728 610705 269615 710662 269615 710662
709522 611351 709522 611351 270639 710673 270639 710673
720854 612831 720854 612831 282066 710797 282066 710797
721576 613737 721576 613737 283225 710810 283225 710810
732798 627819 732798 627819 298282 700935 298282 700935
745133 643298 745133 643298 285156 715749 285156 715749
748148 647081 748148 647081 289095 718557 289095 718557
748838 647947 748838 647947 289042 719663 289042 719663
769298 630620 769298 630620 287766 746444 287766 746444
776671 624375 776671 624375 286440 756015 286440 756015
789278 613698 789278 613698 287823 772478 287823 772478
778449 609025 778449 609025 288810 784230 288810 784230
736265 590823 736265 590823 334028 776096 334028 776096
729527 587915 729527 587915 334607 768780 334607 768780
740561 574140 740561 574140 336001 751186 336001 751186
753077 573480 753077 573480 336990 738691 336990 738691
755703 573342 755703 573342 338925 736911 338925 736911
753891 539422 753891 539422 363930 713920 363930 713920
739975 521303 739975 521303 380748 698456 380748 698456
733361 521812 733361 521812 385631 693966 385631 693966
726846 522314 726846 522314 381313 689062 381313 689062
731965 503752 731965 503752 368590 674610 368590 674610
720058 479308 720058 479308 350623 654202 350623 654202
716821 472662 716821 472662 343911 651104 343911 651104
733562 476141 733562 476141 328387 643937 328387 643937
740785 477642 740785 477642 321321 646057 321321 646057
751078 472970 751078 472970 310494 649306 310494 649306
774218 457600 774218 457600 283886 657289 283886 657289
784667 450659 784667 450659 288217 645516 288217 645516
797341 441514 797341 441514 293613 630849 293613 630849
817484 426980 817484 426980 279271 610569 279271 610569
818237 426437 818237 426437 280160 610301 280160 610301
838003 386088 838003 386088 323176 597326 323176 597326
837003 384284 837003 384284 325151 596730 325151 596730
823065 359151 823065 359151 324976 567991 324976 567991
814335 343408 814335 343408 307453 563869 307453 563869
809485 334663 809485 334663 309467 554074 309467 554074
768277 324013 768277 324013 318041 512385 318041 512385
764911 353041 764911 353041 323928 483761 323928 483761
763146 368256 763146 368256 339094 481615 339094 481615
759321 401244 759321 401244 333280 448919 333280 448919
757801 399550 757801 399550 332881 446678 332881 446678
735496 374695 735496 374695 307154 467971 307154 467971
732684 371562 732684 371562 302984 467396 302984 467396
709482 379298 709482 379298 278756 464052 278756 464052
672451 391644 672451 391644 280794 503034 280794 503034
676220 395317 676220 395317 281069 508289 281069 508289
691307 410019 691307 410019 265200 522143 265200 522143
679497 450328 679497 450328 233558 549767 233558 549767
674606 458387 674606 458387 226456 555967 226456 555967
667073 470800 667073 470800 217680 544400 217680 544400
665526 470661 665526 470661 216741 543163 216741 543163
661323 473337 661323 473337 213729 539193 213729 539193
660228 481792 660228 481792 208576 532401 208576 532401
668401 480194 668401 480194 203542 525767 203542 525767
679817 493738 679817 493738 192835 511656 192835 511656
667406 500869 667406 500869 184183 500253 184183 500253
654209 508453 654209 508453 168964 500489 168964 500489
641121 495056 641121 495056 150237 500780 150237 500780
642652 489726 642652 489726 144692 500866 144692 500866
645234 480733 645234 480733 151810 494794 151810 494794
641455 474905 641455 474905 157095 490287 157095 490287
647958 431717 647958 431717 190324 461943 190324 461943
619743 427039 619743 427039 212083 443383 212083 443383
617262 425703 617262 425703 214227 441554 214227 441554
607840 420630 607840 420630 222330 448543 222330 448543
600687 431167 600687 431167 231974 456861 231974 456861
594316 440550 594316 440550 243311 457185 243311 457185
575886 467698 575886 467698 233508 425871 233508 425871
569924 476479 569924 476479 228357 416591 228357 416591
606129 510371 606129 510371 204287 373230 204287 373230
621279 519503 621279 519503 195702 357764 195702 357764
615140 521477 615140 521477 192572 352126 192572 352126
611645 525142 611645 525142 190114 347698 190114 347698
615332 531448 615332 531448 186569 341311 186569 341311
619538 538643 619538 538643 180201 335935 180201 335935
633828 538867 633828 538867 169280 326716 169280 326716
663575 529441 663575 529441 145435 306587 145435 306587
664307 529484 664307 529484 144875 306114 144875 306114
671994 529938 671994 529938 149495 299954 149495 299954
705549 537188 705549 537188 170094 272492 170094 272492
717279 537400 717279 537400 177134 263107 177134 263107
700685 554776 700685 554776 191551 243886 191551 243886
674110 573233 674110 573233 210966 218002 210966 218002
670132 574317 670132 574317 213440 214704 213440 214704
665015 575712 665015 575712 216504 219033 216504 219033
635743 567918 635743 567918 234005 243758 234005 243758
642380 602489 642380 602489 254342 272491 254342 272491
643085 606161 643085 606161 252458 275721 252458 275721
644388 612947 644388 612947 255635 281857 255635 281857
641478 623569 641478 623569 260698 291638 260698 291638
629050 612449 629050 612449 268364 306448 268364 306448
616618 623559 616618 623559 276029 321255 276029 321255
640509 650672 640509 650672 292642 353347 292642 353347
615318 689262 615318 689262 313827 394273 313827 394273
612141 679726 612141 679726 318448 403199 318448 403199
606514 662833 606514 662833 318266 385394 318266 385394
602816 651731 602816 651731 322040 374318 322040 374318
589751 641391 589751 641391 327413 358546 327413 358546
587325 639471 587325 639471 330042 356916 330042 356916
592727 625767 592727 625767 342561 349152 342561 349152
573589 601524 573589 601524 368810 332874 368810 332874
589852 582394 589852 582394 390148 319641 390148 319641
595370 581721 595370 581721 394872 316712 394872 316712
610964 579820 610964 579820 391513 332059 391513 332059
591530 568320 591530 568320 386685 354118 386685 354118
571284 564783 571284 564783 382291 374196 382291 374196
567283 564084 567283 564084 385154 377076 385154 377076
525601 590001 525601 590001 419761 411882 419761 411882
501642 604899 501642 604899 428818 438602 428818 438602
487838 593671 487838 593671 434530 455454 434530 455454
438791 553777 438791 553777 388001 498258 388001 498258
383981 509196 383981 509196 457355 511732 457355 511732
324075 460470 324075 460470 502067 574691 502067 574691
327626 380749 327626 380749 548272 639754 548272 639754
328494 361263 328494 361263 564785 629373 564785 629373
329019 349473 329019 349473 565541 617595 565541 617595
329869 330392 329869 330392 583579 611315 583579 611315
325616 331003 325616 331003 587636 609902 587636 609902
277807 337877 277807 337877 635351 617405 635351 617405
260270 340398 260270 340398 646066 631515 646066 631515
219096 346317 219096 346317 677998 604857 677998 604857
215707 346804 215707 346804 677606 601456 677606 601456
206446 362196 206446 362196 675550 583611 675550 583611
201844 369845 201844 369845 666647 584272 666647 584272
203506 373927 203506 373927 662252 584599 662252 584599
215870 404296 215870 404296 633276 569251 633276 569251
226575 430591 226575 430591 647188 544503 647188 544503
228129 434407 228129 434407 644793 541151 644793 541151
242286 439297 242286 439297 636086 528963 636086 528963
255051 443706 255051 443706 639602 515924 639602 515924
256953 444363 256953 444363 637799 515032 637799 515032
285622 454265 285622 454265 632415 485182 632415 485182
283011 465626 283011 465626 630346 473710 630346 473710
280836 475094 280836 475094 640060 473841 640060 473841
278746 478470 278746 478470 644030 473894 644030 473894
270133 464352 270133 464352 660566 474117 660566 474117
262360 465417 262360 465417 668411 474223 668411 474223
255667 466334 255667 466334 673860 470230 673860 470230
245630 474113 245630 474113 684103 462725 684103 462725
241842 477049 241842 477049 688708 464055 688708 464055
231570 485010 231570 485010 695669 453081 695669 453081
215430 500516 215430 500516 707656 434180 707656 434180
215945 524496 215945 524496 720503 413925 720503 413925
216588 554469 216588 554469 721534 443887 721534 443887
216077 568129 216077 568129 722004 457549 722004 457549
215108 594020 215108 594020 745137 469216 745137 469216
214248 616984 214248 616984 733995 489315 733995 489315
201538 611937 201538 611937 727365 501276 727365 501276
182669 604444 182669 604444 730874 521272 730874 521272
168010 598623 168010 598623 715751 516791 715751 516791
158096 594686 158096 594686 711556 506983 711556 506983
159272 593951 159272 593951 711011 505708 711011 505708
176849 582968 176849 582968 691285 512068 691285 512068
187257 576465 187257 576465 683322 502730 683322 502730
190806 574248 190806 574248 679213 503521 679213 503521
190659 573021 190659 573021 677999 503754 677999 503754
188077 551404 188077 551404 657139 509986 657139 509986
185291 528079 185291 528079 650371 532480 650371 532480
183363 511935 183363 511935 662884 542861 662884 542861
182803 507250 182803 507250 665359 546879 665359 546879
190791 499396 190791 499396 671234 556417 671234 556417
198398 497987 198398 497987 675291 563004 675291 563004
200790 497544 200790 497544 677226 561529 677226 561529
185363 473799 185363 473799 699744 544361 699744 544361
180228 465896 180228 465896 707285 550014 707285 550014
176805 460627 176805 460627 711901 554277 711901 554277
169722 455718 169722 455718 718233 560123 718233 560123
158851 448184 158851 448184 726608 549886 726608 549886
149248 441529 149248 441529 737624 553778 737624 553778
146223 439433 146223 439433 740735 555745 740735 555745
146223 439433 146223 439433 772241 575660 772241 575660
146223 439433 146223 439433 791284 575379 791284 575379
146223 439433 146223 439433 798012 571221 798012 571221
146223 439433 146223 439433 794729 651154 794729 651154
146223 439433 146223 439433 791446 731086 791446 731086
146223 439433 146223 439433 788847 794379 788847 794379
146223 439433 146223 439433 791609 857046 791609 857046
146223 439433 146223 439433 842443 795273 842443 795273
146223 439433 146223 439433 893277 733500 893277 733500
146223 439433 146223 439433 899496 725943 899496 725943
146223 439433 146223 439433 868169 652332 868169 652332
146223 439433 146223 439433 844368 596405 844368 596405
146223 439433 146223 439433 856660 526305 856660 526305
146223 439433 146223 439433 808250 497845 808250 497845
146223 439433 146223 439433 869545 446435 869545 446435
146223 439433 146223 439433 908731 413568 908731 413568
