898249 737966 898249 737966 264808 788753 264808 788753
867004 719955 867004 719955 300787 786268 300787 786268
806049 684817 806049 684817 364939 757377 364939 757377
782958 671506 782958 671506 375575 781816 375575 781816
776838 667978 776838 667978 370210 786411 370210 786411
798129 648726 798129 648726 348408 805082 348408 805082
803443 644913 803443 644913 343440 809336 343440 809336
818648 634002 818648 634002 354332 824555 354332 824555
786688 597566 786688 597566 382539 863968 382539 863968
785321 596008 785321 596008 384246 862793 384246 862793
747368 591277 747368 591277 415749 841104 415749 841104
734350 589654 734350 589654 427492 846952 427492 846952
722134 574526 722134 574526 444898 855619 444898 855619
706504 555172 706504 555172 456719 833730 456719 833730
719413 619613 719413 619613 487948 775902 487948 775902
717178 621963 717178 621963 489489 773049 489489 773049
711246 638658 711246 638658 497908 757459 497908 757459
705610 654523 705610 654523 484310 747532 484310 747532
718994 652060 718994 652060 473318 739508 473318 739508
726391 650698 726391 650698 466461 736417 466461 736417
730354 660969 730354 660969 456425 731893 456425 731893
724092 667235 724092 667235 448349 728252 448349 728252
722887 668440 722887 668440 447829 729875 447829 729875
723813 676249 723813 676249 445429 737364 445429 737364
733481 688835 733481 688835 440587 752477 440587 752477
740144 692073 740144 692073 438326 759532 438326 759532
746488 695156 746488 695156 433600 754296 433600 754296
740658 708665 740658 708665 423743 743373 423743 743373
727719 724518 727719 724518 410033 728182 410033 728182
718665 704067 718665 704067 395048 711578 395048 711578
716098 698267 716098 698267 398913 706549 398913 706549
714115 693789 714115 693789 397928 701752 397928 701752
711473 686708 711473 686708 396409 694348 396409 694348
689307 683066 689307 683066 391892 672344 391892 672344
665423 679142 665423 679142 411157 657691 411157 657691
656230 677632 656230 677632 409123 648599 409123 648599
665944 735147 665944 735147 396388 591677 396388 591677
665859 767591 665859 767591 389304 560016 389304 560016
665809 786818 665809 786818 396801 542310 396801 542310
673888 811423 673888 811423 406899 518463 406899 518463
678973 826912 678973 826912 405388 502231 405388 502231
680580 831806 680580 831806 400375 501046 400375 501046
644527 821975 644527 821975 364007 492453 364007 492453
630271 818087 630271 818087 349369 494472 349369 494472
630339 804885 630339 804885 336290 496275 336290 496275
630366 799602 630366 799602 337036 491045 337036 491045
625509 760002 625509 760002 342666 451548 342666 451548
624239 749645 624239 749645 342143 441126 342143 441126
606220 737745 606220 737745 341060 419559 341060 419559
604028 735442 604028 735442 340901 416384 340901 416384
574824 704746 574824 704746 376385 393232 376385 393232
571690 698757 571690 698757 382046 389539 382046 389539
537009 632491 537009 632491 447692 353697 447692 353697
526237 641027 526237 641027 459755 347111 459755 347111
482930 675348 482930 675348 450399 401571 450399 401571
481371 676583 481371 676583 450549 403554 450549 403554
466694 686225 466694 686225 451875 421065 451875 421065
473792 692898 473792 692898 452611 430779 452611 430779
483911 702412 483911 702412 442454 440252 442454 440252
488710 703045 488710 703045 438914 443554 438914 443554
512318 706162 512318 706162 444958 466587 444958 466587
531937 707880 531937 707880 449957 485636 449957 485636
533534 725812 533534 725812 454527 503049 454527 503049
533907 729999 533907 729999 455878 499068 455878 499068
552260 727176 552260 727176 461843 481483 461843 481483
569897 730747 569897 730747 467624 464442 467624 464442
570107 730789 570107 730789 467757 464274 467757 464274
567827 756063 567827 756063 483506 444376 483506 444376
564442 793589 564442 793589 514645 423162 514645 423162
563453 804554 563453 804554 523989 428983 523989 428983
556426 807281 556426 807281 530387 432969 530387 432969
522998 820251 522998 820251 528469 397164 528469 397164
519741 821515 519741 821515 529921 393987 529921 393987
501635 789455 501635 789455 545223 360498 545223 360498
492006 772406 492006 772406 564259 365082 564259 365082
478834 781642 478834 781642 579900 368848 579900 368848
466163 790527 466163 790527 588238 355811 588238 355811
423166 820676 423166 820676 547193 323054 547193 323054
417343 824759 417343 824759 542947 328759 542947 328759
405618 808985 405618 808985 531212 344526 531212 344526
397770 798425 397770 798425 520127 337439 520127 337439
395969 796003 395969 796003 518767 334745 518767 334745
389167 767778 389167 767778 505681 308828 505681 308828
385961 754475 385961 754475 506302 295158 506302 295158
400310 750067 400310 750067 506983 280163 506983 280163
410522 746930 410522 746930 517377 282632 517377 282632
423101 743065 423101 743065 530302 285105 530302 285105
416995 729906 416995 729906 544550 287832 544550 287832
410099 715042 410099 715042 560809 289864 560809 289864
405851 705887 405851 705887 567725 297215 567725 297215
399204 691562 399204 691562 580942 305857 580942 305857
387281 665866 387281 665866 594023 330984 594023 330984
380363 668016 380363 668016 597368 337409 597368 337409
353535 676352 353535 676352 623492 347742 623492 347742
336021 681794 336021 681794 623999 366075 623999 366075
319588 686901 319588 686901 621715 383131 621715 383131
307329 690710 307329 690710 634336 385478 634336 385478
306139 688117 306139 688117 637141 386000 637141 386000
299959 674656 299959 674656 644307 373037 644307 373037
292227 657813 292227 657813 655576 387750 655576 387750
292031 657386 292031 657386 656016 387916 656016 387916
276893 650499 276893 650499 671571 393800 671571 393800
256855 641383 256855 641383 660871 413039 660871 413039
252998 639629 252998 639629 660139 417212 660139 417212
249112 637861 249112 637861 656403 415146 656403 415146
276665 621829 276665 621829 628506 399719 628506 399719
294178 611638 294178 611638 610224 408455 610224 408455
325925 593166 325925 593166 574819 398678 574819 398678
328653 591578 328653 591578 574140 401760 574140 401760
333821 588571 333821 588571 572882 407606 572882 407606
333307 574975 333307 574975 570020 420907 570020 420907
331677 531895 331677 531895 593330 457173 593330 457173
336173 522935 336173 522935 598750 465606 598750 465606
347245 500872 347245 500872 576249 475758 576249 475758
357950 490231 357950 490231 562490 481965 562490 481965
367707 480532 367707 480532 554313 493028 554313 493028
376829 471465 376829 471465 546432 482863 546432 482863
388421 459943 388421 459943 542742 466941 542742 466941
399213 449215 399213 449215 537450 481208 537450 481208
400331 453556 400331 453556 535891 485411 535891 485411
406119 476030 406119 476030 524712 505748 524712 505748
406332 476857 406332 476857 523931 506094 523931 506094
407508 483306 407508 483306 517936 508745 517936 508745
415124 492072 415124 492072 507316 513443 507316 513443
422868 500985 422868 500985 496132 517229 496132 517229
436604 516795 436604 516795 480044 530638 480044 530638
449726 531899 449726 531899 497482 540448 497482 540448
472139 557696 472139 557696 513605 570579 513605 570579
479763 566471 479763 566471 521578 562120 521578 562120
473210 539014 473210 539014 540940 541579 540940 541579
468515 519339 468515 519339 560874 538148 560874 538148
467502 515094 467502 515094 562676 542123 562676 542123
461495 489925 461495 489925 586112 531153 586112 531153
460680 486508 460680 486508 584383 534211 584383 534211
470666 480392 470666 480392 578620 544404 578620 544404
468849 478827 468849 478827 577439 546492 577439 546492
446695 459744 446695 459744 582668 575260 582668 575260
443152 446647 443152 446647 585094 588609 585094 588609
435211 417293 435211 417293 567891 613685 567891 613685
417815 352988 417815 352988 604879 669089 604879 669089
409714 323042 409714 323042 603450 638100 603450 638100
432291 294837 432291 294837 601785 602010 601785 602010
456052 265152 456052 265152 611708 565304 611708 565304
458261 262392 458261 262392 612985 562008 612985 562008
460512 265531 460512 265531 614380 558406 614380 558406
462582 268417 462582 268417 615401 555004 615401 555004
510275 286579 510275 286579 630069 506123 630069 506123
529524 293909 529524 293909 635178 486170 635178 486170
534265 273270 534265 273270 640431 465655 640431 465655
536887 261858 536887 261858 637129 454421 637129 454421
538671 254091 538671 254091 640788 447341 640788 447341
554193 259843 554193 259843 648388 432635 648388 432635
570572 265912 570572 265912 664846 438486 664846 438486
583958 270872 583958 270872 678856 435747 678856 435747
565180 296842 565180 296842 710308 429598 710308 429598
565418 307025 565418 307025 720305 427643 720305 427643
565550 312714 565550 312714 715285 424965 715285 424965
566161 338870 566161 338870 704027 401347 704027 401347
583944 323809 583944 323809 694000 380311 694000 380311
605372 305662 605372 305662 704238 354164 704238 354164
608733 311869 608733 311869 706812 347592 706812 347592
609556 313389 609556 313389 706904 345866 706904 345866
610546 315216 610546 315216 705304 344540 705304 344540
620155 332960 620155 332960 723620 336072 723620 336072
620926 334384 620926 334384 722204 335287 722204 335287
655636 334253 655636 334253 691849 318453 691849 318453
683307 314031 683307 314031 661877 301831 661877 301831
697704 303510 697704 303510 678442 308432 678442 308432
702479 323956 702479 323956 697946 316205 697946 316205
705414 336528 705414 336528 710651 318498 710651 318498
715730 380701 715730 380701 710651 318498 710651 318498
734177 321131 734177 321131 710651 318498 710651 318498
771882 316168 771882 316168 710651 318498 710651 318498
784515 295943 784515 295943 710651 318498 710651 318498
792151 216308 792151 216308 710651 318498 710651 318498
795808 178165 795808 178165 710651 318498 710651 318498
803723 98557 803723 98557 710651 318498 710651 318498
805647 79203 805647 79203 710651 318498 710651 318498
780130 128894 780130 128894 710651 318498 710651 318498
707938 163366 707938 163366 710651 318498 710651 318498
679077 177148 679077 177148 710651 318498 710651 318498
674304 178628 674304 178628 710651 318498 710651 318498
654459 250730 654459 250730 710651 318498 710651 318498
601155 226670 601155 226670 710651 318498 710651 318498
535256 185431 535256 185431 710651 318498 710651 318498
456288 198238 456288 198238 710651 318498 710651 318498
377319 211045 377319 211045 710651 318498 710651 318498
361587 213596 361587 213596 710651 318498 710651 318498
332866 203004 332866 203004 710651 318498 710651 318498
266601 247826 266601 247826 710651 318498 710651 318498
250539 258690 250539 258690 710651 318498 710651 318498
221788 256409 221788 256409 710651 318498 710651 318498
201813 308624 201813 308624 710651 318498 710651 318498
178523 324549 178523 324549 710651 318498 710651 318498
179138 332339 179138 332339 710651 318498 710651 318498
181453 331936 181453 331936 710651 318498 710651 318498
242675 354313 242675 354313 710651 318498 710651 318498
267551 316384 267551 316384 710651 318498 710651 318498
299721 301049 299721 301049 710651 318498 710651 318498
324621 365198 324621 365198 710651 318498 710651 318498
251362 397340 251362 397340 710651 318498 710651 318498
246246 399584 246246 399584 710651 318498 710651 318498
194666 386513 194666 386513 710651 318498 710651 318498
173771 386205 173771 386205 710651 318498 710651 318498
159436 389748 159436 389748 710651 318498 710651 318498
143674 337038 143674 337038 710651 318498 710651 318498
