844334 438705 844334 438705 327998 290037 327998 290037
836586 445050 836586 445050 333370 298489 333370 298489
829009 443357 829009 443357 337535 305041 337535 305041
779970 432396 779970 432396 356661 351508 356661 351508
775526 431403 775526 431403 353245 354519 353245 354519
738281 423079 738281 423079 315102 355765 315102 355765
737046 422803 737046 422803 316207 356382 316207 356382
730274 414912 730274 414912 325285 361454 325285 361454
718836 401584 718836 401584 332549 377444 332549 377444
717436 399952 717436 399952 334688 377663 334688 377663
714868 399941 714868 399941 337243 377925 337243 377925
704832 399898 704832 399898 347177 379355 347177 379355
697959 399869 697959 399869 342501 384392 342501 384392
686333 399819 686333 399819 330875 384455 330875 384455
675856 399774 675856 399774 320559 382629 320559 382629
669584 399747 669584 399747 315122 385756 315122 385756
648344 399656 648344 399656 293922 384442 293922 384442
648298 404548 648298 404548 289039 384139 289039 384139
648098 425851 648098 425851 287818 405408 287818 405408
647741 463918 647741 463918 325771 402451 325771 402451
647588 480214 647588 480214 329014 418422 329014 418422
647498 489859 647498 489859 338647 417923 338647 417923
642074 491081 642074 491081 344199 417636 344199 417636
637630 492082 637630 492082 348753 417738 348753 417738
621656 495681 621656 495681 336505 428607 336505 428607
610341 498231 610341 498231 325881 433259 325881 433259
608546 498635 608546 498635 324979 431655 324979 431655
608230 506667 608230 506667 321037 424650 321037 424650
607535 524287 607535 524287 306482 434605 306482 434605
607237 531861 607237 531861 309587 441520 309587 441520
599342 529766 599342 529766 312932 448972 312932 448972
590811 527502 590811 527502 321425 451376 321425 451376
574745 523239 574745 523239 311066 464375 311066 464375
564737 520583 564737 520583 305376 473026 305376 473026
561738 519787 561738 519787 302785 471320 302785 471320
565782 516547 565782 516547 298456 468471 298456 468471
569851 514482 569851 514482 294645 465962 294645 465962
574742 495906 574742 495906 278600 455401 278600 455401
577817 484227 577817 484227 269625 463483 269625 463483
578857 480277 578857 480277 273162 465526 273162 465526
580391 465284 580391 465284 286212 473064 286212 473064
581577 453696 581577 453696 293217 482371 293217 482371
578087 438021 578087 438021 302874 495202 302874 495202
572861 414546 572861 414546 310736 517930 310736 517930
567617 390991 567617 390991 326301 536372 326301 536372
549922 353981 549922 353981 352759 567721 352759 567721
547815 354195 547815 354195 354125 569340 354125 569340
506726 358366 506726 358366 339227 530820 339227 530820
488452 327579 488452 327579 326313 497429 326313 497429
483452 319156 483452 319156 333414 490682 333414 490682
481370 325412 481370 325412 338194 486140 338194 486140
475474 343129 475474 343129 337124 467499 337124 467499
458609 364567 458609 364567 335561 440267 335561 440267
458305 364953 458305 364953 336052 440277 336052 440277
451543 375762 451543 375762 348799 440547 348799 440547
443467 388672 443467 388672 363972 439252 363972 439252
441489 387544 441489 387544 366241 439058 366241 439058
431826 382037 431826 382037 367335 450126 367335 450126
429705 380829 429705 380829 369697 449510 369697 449510
422527 376738 422527 376738 377802 447908 377802 447908
396223 361746 396223 361746 395601 472400 395601 472400
384806 355239 384806 355239 395353 459261 395353 459261
374836 350553 374836 350553 395145 448247 395145 448247
354649 341063 354649 341063 382811 429661 382811 429661
346879 337411 346879 337411 375952 434826 375952 434826
347086 338223 347086 338223 375283 435330 375283 435330
348085 342146 348085 342146 372641 432263 372641 432263
350099 350053 350099 350053 369656 424669 369656 424669
351237 354521 351237 354521 373700 422455 373700 422455
354071 365648 354071 365648 374822 411027 374822 411027
354872 368791 354872 368791 374492 407801 374492 407801
358255 382075 358255 382075 387730 404242 387730 404242
359948 388721 359948 388721 387447 411095 387447 411095
365122 409033 365122 409033 408366 409785 408366 409785
369494 426198 369494 426198 398197 395282 398197 395282
370599 430536 370599 430536 402674 395287 402674 395287
372249 437015 372249 437015 404521 388862 404521 388862
373271 437636 373271 437636 404852 387712 404852 387712
385830 445267 385830 445267 397683 374884 397683 374884
403634 456086 403634 456086 380594 386800 380594 386800
418447 465087 418447 465087 363518 383823 363518 383823
421925 467200 421925 467200 359507 384512 359507 384512
425605 469437 425605 469437 356998 381012 356998 381012
437827 476863 437827 476863 367325 371119 367325 371119
444251 491754 444251 491754 379036 359900 379036 359900
453572 513359 453572 513359 387036 337772 387036 337772
461622 507270 461622 507270 390468 328280 390468 328280
495897 481346 495897 481346 431071 314202 431071 314202
534390 507444 534390 507444 475011 298966 475011 298966
523776 527518 523776 527518 496466 291527 496466 291527
516618 550904 516618 550904 519573 283515 519573 283515
503873 555572 503873 555572 532397 279069 532397 279069
501575 546355 501575 546355 541372 275957 541372 275957
501537 546201 501537 546201 541520 275902 541520 275902
491958 548493 491958 548493 550752 272467 550752 272467
474646 565630 474646 565630 573582 263973 573582 263973
514550 592042 514550 592042 618432 247287 618432 247287
505697 619835 505697 619835 645770 237116 645770 237116
504873 622423 504873 622423 644383 239451 644383 239451
538043 638739 538043 638739 625503 271232 625503 271232
544270 592995 544270 592995 601925 310923 601925 310923
546122 588007 546122 588007 599208 315497 599208 315497
553810 567308 553810 567308 607406 336000 607406 336000
556002 560860 556002 560860 609935 342323 609935 342323
563467 591681 563467 591681 621709 371769 621709 371769
581212 593377 581212 593377 628328 388320 628328 388320
583074 604895 583074 604895 632659 399154 632659 399154
625818 617468 625818 617468 649202 440524 649202 440524
646678 623603 646678 623603 646184 462057 646184 462057
627969 639144 627969 639144 642808 486143 642808 486143
591245 669651 591245 669651 687090 468297 687090 468297
590026 670223 590026 670223 688339 467794 688339 467794
583130 673457 583130 673457 690519 475092 690519 475092
566755 681138 566755 681138 706355 483830 706355 483830
532581 697167 532581 697167 710593 446322 710593 446322
532536 697113 532536 697113 710601 446253 710601 446253
520354 682447 520354 682447 728641 440083 728641 440083
519192 681048 519192 681048 729205 441812 729205 441812
496440 692923 496440 692923 737167 466210 737167 466210
495229 693555 495229 693555 738501 465914 738501 465914
498988 683186 498988 683186 749268 463525 749268 463525
500001 680393 500001 680393 749730 466460 749730 466460
488572 665839 488572 665839 752607 484740 752607 484740
483073 653630 483073 653630 754689 497968 754689 497968
482500 652358 482500 652358 755209 496674 755209 496674
480633 654517 480633 654517 756274 494025 756274 494025
444428 666767 444428 666767 770527 458561 770527 458561
440420 663384 440420 663384 772483 453695 772483 453695
427464 652447 427464 652447 787817 446459 787817 446459
417145 643737 417145 643737 793169 434062 793169 434062
416958 651603 416958 651603 796288 426838 796288 426838
416258 681053 416258 681053 784294 399932 784294 399932
416182 684271 416182 684271 786917 398066 786917 398066
419818 717140 419818 717140 813860 378891 813860 378891
423193 719800 423193 719800 817361 376399 817361 376399
466427 753871 466427 753871 850060 332119 850060 332119
467531 754741 467531 754741 850504 333453 850504 333453
398971 747817 398971 747817 872271 398833 872271 398833
397374 725770 397374 725770 879253 419806 879253 419806
396965 720123 396965 720123 874173 422307 874173 422307
369733 718357 369733 718357 849691 434363 849691 434363
369563 686112 369563 686112 820763 448609 820763 448609
369532 680271 369532 680271 821403 454415 821403 454415
345971 672009 345971 672009 824139 479232 824139 479232
316083 678379 316083 678379 827488 509607 827488 509607
318392 685020 318392 685020 828258 516596 828258 516596
330408 719574 330408 719574 793210 527084 793210 527084
328367 718463 328367 718463 790984 527750 790984 527750
308691 723582 308691 723582 771506 533579 771506 533579
281279 730714 281279 730714 745075 543761 745075 543761
285512 773852 285512 773852 704627 559342 704627 559342
287386 792954 287386 792954 695625 576293 695625 576293
300243 814197 300243 814197 683979 598224 683979 598224
227511 781050 227511 781050 646491 668817 646491 668817
214072 774925 214072 774925 648282 683476 648282 683476
211998 762360 211998 762360 649826 696117 649826 696117
200407 692119 200407 692119 600730 747671 600730 747671
196266 667028 196266 667028 622869 760184 622869 760184
185959 648898 185959 648898 641024 770446 641024 770446
170849 622320 170849 622320 663074 791624 663074 791624
168699 619307 168699 619307 665743 794188 665743 794188
173195 620603 173195 620603 669118 797430 669118 797430
192703 600248 192703 600248 689452 816960 689452 816960
198692 593999 198692 593999 697385 813499 697385 813499
231089 584797 231089 584797 728254 800033 728254 800033
231709 584621 231709 584621 728230 800677 728230 800677
233274 606059 233274 606059 727415 822157 727415 822157
253744 610040 253744 610040 726625 842995 726625 842995
238691 617246 238691 617246 725993 859672 725993 859672
219691 628007 219691 628007 725166 881492 725166 881492
235040 647858 235040 647858 724215 906567 724215 906567
238942 659056 238942 659056 723766 918417 723766 918417
241024 665031 241024 665031 727308 913174 727308 913174
286393 657101 286393 657101 753087 875007 753087 875007
344331 607670 344331 607670 795716 811896 795716 811896
352092 601048 352092 601048 805655 814196 805655 814196
296275 576271 296275 576271 865152 827966 865152 827966
284856 575183 284856 575183 876327 830552 876327 830552
269012 573674 269012 573674 876846 814645 876846 814645
277320 569744 277320 569744 877145 805459 877145 805459
281017 567288 281017 567288 877290 801023 877290 801023
291286 560467 291286 560467 870789 790549 870789 790549
318442 544962 318442 544962 854298 763980 854298 763980
282584 520309 282584 520309 831350 727007 831350 727007
285394 475759 285394 475759 807809 689081 807809 689081
270579 485598 270579 485598 798430 673970 798430 673970
232920 510608 232920 510608 838686 694539 838686 694539
190432 470836 190432 470836 890511 721020 890511 721020
182094 474581 182094 474581 898651 725179 898651 725179
157716 485531 157716 485531 920184 741006 920184 741006
165404 492890 165404 492890 928759 747309 928759 747309
185770 516637 185770 516637 953966 765837 953966 765837
190270 521884 190270 521884 953966 765837 953966 765837
210341 525422 210341 525422 953966 765837 953966 765837
229686 557480 229686 557480 953966 765837 953966 765837
203102 567990 203102 567990 953966 765837 953966 765837
192583 566384 192583 566384 953966 765837 953966 765837
170720 533539 170720 533539 953966 765837 953966 765837
134785 546367 134785 546367 953966 765837 953966 765837
