847623 873679 847623 873679 97650 772729 97650 772729
817959 864035 817959 864035 110123 744139 110123 744139
814375 864509 814375 864509 111569 740826 111569 740826
792204 867443 792204 867443 132614 748396 132614 748396
784218 868500 784218 868500 138481 742877 138481 742877
729234 926229 729234 926229 196552 688254 196552 688254
716869 915237 716869 915237 208603 676919 208603 676919
665879 869908 665879 869908 223002 743608 223002 743608
663530 867820 663530 867820 223350 746731 223350 746731
656836 816111 656836 816111 229132 798550 229132 798550
659208 769650 659208 769650 234290 844785 234290 844785
661104 732529 661104 732529 255369 814171 255369 814171
732505 696448 732505 696448 300738 748279 300738 748279
739011 693160 739011 693160 304872 742276 304872 742276
752063 701810 752063 701810 313752 729379 313752 729379
768902 712969 768902 712969 332147 737728 332147 737728
798385 693377 798385 693377 364382 752357 364382 752357
807384 692866 807384 692866 372589 756082 372589 756082
790046 738723 790046 738723 417232 776343 417232 776343
748515 744765 748515 744765 455448 793688 455448 793688
748373 749862 748373 749862 460092 795795 460092 795795
748121 758909 748121 758909 459840 786748 459840 786748
769430 758364 769430 758364 459246 765441 459246 765441
775391 767229 775391 767229 458949 754762 458949 754762
783320 779020 783320 779020 461139 740723 461139 740723
808039 815780 808039 815780 505299 737227 505299 737227
827008 837179 827008 837179 533806 734970 533806 734970
838434 836805 838434 836805 545202 734067 545202 734067
847297 834516 847297 834516 554328 733345 554328 733345
844885 831954 844885 831954 557836 733067 557836 733067
834282 820690 834282 820690 557062 748516 557062 748516
831978 818242 831978 818242 554958 751139 554958 751139
823599 809341 823599 809341 566048 756281 566048 756281
821940 807579 821940 807579 568422 756749 568422 756749
828499 786994 828499 786994 589619 760931 589619 760931
847239 746338 847239 746338 633539 769595 633539 769595
857503 744768 857503 744768 643726 771604 643726 771604
909529 736812 909529 736812 605850 735060 605850 735060
892652 719009 892652 719009 588196 718027 588196 718027
867892 692889 867892 692889 592837 682337 592837 682337
887124 681702 887124 681702 595706 660274 595706 660274
912929 666692 912929 666692 625505 658476 625505 658476
894388 649577 894388 649577 650692 656956 650692 656956
835604 595314 835604 595314 730233 648400 730233 648400
822020 582775 822020 582775 748614 646423 748614 646423
798410 560981 798410 560981 728110 621685 728110 621685
793036 552908 793036 552908 721921 614219 721921 614219
777242 529181 777242 529181 739685 591928 739685 591928
772425 521944 772425 521944 742263 583626 742263 583626
750027 488296 750027 488296 782677 582871 782677 582871
739197 472028 739197 472028 792988 566269 792988 566269
738038 470286 738038 470286 794502 567713 794502 567713
760739 431261 760739 431261 827178 598867 827178 598867
792858 464473 792858 464473 860617 630750 860617 630750
815146 438014 815146 438014 885655 654623 885655 654623
845623 401834 845623 401834 871022 609637 871022 609637
843057 351845 843057 351845 855539 562037 855539 562037
842355 338173 842355 338173 853567 548490 853567 548490
841462 320770 841462 320770 864420 534856 864420 534856
830303 304053 830303 304053 876938 519131 876938 519131
812085 276763 812085 276763 892622 490310 892622 490310
794340 275420 794340 275420 901129 474679 901129 474679
759768 272805 759768 272805 869088 487924 869088 487924
764716 238355 764716 238355 836924 501219 836924 501219
766367 226859 766367 226859 827860 493958 827860 493958
745468 232469 745468 232469 810971 480430 810971 480430
721258 238967 721258 238967 786003 478208 786003 478208
696719 241799 696719 241799 761398 476018 761398 476018
689210 242666 689210 242666 760280 483493 760280 483493
674387 246688 674387 246688 758008 498683 758008 498683
664110 249476 664110 249476 747669 496132 747669 496132
651969 252771 651969 252771 745726 508561 745726 508561
640720 255823 640720 255823 755776 514465 755776 514465
654031 261139 654031 261139 768134 521726 768134 521726
677099 270352 677099 270352 753357 541692 753357 541692
691572 276133 691572 276133 738338 545853 738338 545853
682119 280284 682119 280284 728388 548610 728388 548610
678449 287197 678449 287197 720846 550700 720846 550700
675146 293418 675146 293418 713853 549860 713853 549860
683594 309009 683594 309009 696246 547747 696246 547747
680015 320191 680015 320191 684589 546347 684589 546347
697444 307686 697444 307686 663291 543791 663291 543791
718671 328756 718671 328756 633596 540226 633596 540226
729011 318574 729011 318574 619188 538496 619188 538496
733412 314240 733412 314240 622617 533358 622617 533358
751203 311936 751203 311936 632574 518435 632574 518435
752985 314930 752985 314930 634508 515537 634508 515537
765877 338617 765877 338617 649476 493104 649476 493104
767429 345910 767429 345910 653614 486902 653614 486902
772372 369141 772372 369141 664637 465863 664637 465863
774083 398093 774083 398093 678097 440173 678097 440173
755656 408906 755656 408906 688013 421248 688013 421248
743407 416094 743407 416094 675553 414434 675553 414434
719807 394532 719807 394532 647506 399095 647506 399095
735392 386435 735392 386435 632097 390668 632097 390668
740322 372331 740322 372331 618989 383499 618989 383499
740649 371397 740649 371397 618012 383658 618012 383658
739177 367817 739177 367817 614192 384281 614192 384281
692541 365322 692541 365322 568098 391799 568098 391799
682009 366918 682009 366918 557585 393514 557585 393514
668641 376450 668641 376450 541381 396157 541381 396157
683296 379634 683296 379634 526579 398571 526579 398571
692930 393565 692930 393565 509862 401298 509862 401298
696427 398621 696427 398621 508931 407374 508931 407374
684629 406926 684629 406926 506747 421636 506747 421636
690131 429604 690131 429604 503213 444703 503213 444703
683789 451179 683789 451179 499808 466931 499808 466931
676500 475975 676500 475975 474702 473069 474702 473069
630855 494522 630855 494522 426842 484769 426842 484769
600592 506819 600592 506819 402538 462943 402538 462943
574561 517396 574561 517396 379160 447357 379160 447357
573958 517641 573958 517641 379009 447991 379009 447991
538943 525264 538943 525264 370693 482848 370693 482848
547921 540176 547921 540176 366654 499778 366654 499778
567680 561315 567680 561315 359939 527924 359939 527924
565956 563322 565956 563322 359325 530498 359325 530498
551581 580064 551581 580064 339473 520863 339473 520863
525775 575917 525775 575917 315959 509451 315959 509451
520258 575030 520258 575030 310628 507776 310628 507776
507855 531786 507855 531786 267710 494290 267710 494290
505954 525159 505954 525159 268462 487436 268462 487436
476972 485366 476972 485366 273833 438502 273833 438502
443410 439285 443410 439285 313516 397573 313516 397573
439821 464973 439821 464973 331571 378951 331571 378951
439321 468547 439321 468547 333531 381980 333531 381980
428251 547777 428251 547777 410651 403251 410651 403251
427607 552385 427607 552385 415137 404488 415137 404488
422777 586950 422777 586950 399421 373326 399421 373326
424683 596517 424683 596517 395028 364616 395028 364616
430018 623298 430018 623298 420902 355887 420902 355887
432328 634893 432328 634893 429673 347959 429673 347959
433653 645623 433653 645623 437693 340708 437693 340708
462036 639652 462036 639652 459209 321258 459209 321258
470035 637969 470035 637969 467357 321908 467357 321908
505709 621077 505709 621077 506703 325047 506703 325047
510736 635338 510736 635338 521776 326249 521776 326249
527076 638976 527076 638976 538463 327580 538463 327580
545386 650056 545386 650056 559797 329282 559797 329282
550855 653366 550855 653366 562984 323741 562984 323741
530338 667952 530338 667952 575536 301919 575536 301919
508252 663097 508252 663097 586811 282317 586811 282317
491872 683301 491872 683301 599779 259771 599779 259771
481905 695594 481905 695594 601544 244044 601544 244044
479890 698080 479890 698080 604135 242166 604135 242166
485629 706927 485629 706927 612675 235979 612675 235979
506091 738473 506091 738473 602917 199666 602917 199666
502258 747430 502258 747430 600389 190257 600389 190257
500747 746506 500747 746506 599929 188547 599929 188547
476961 731962 476961 731962 574587 176926 574587 176926
452043 716726 452043 716726 603724 174902 603724 174902
439511 713057 439511 713057 616751 173997 616751 173997
428858 709939 428858 709939 627588 176399 627588 176399
405157 703001 405157 703001 637080 199197 637080 199197
390446 698695 390446 698695 642753 213437 642753 213437
361161 690122 361161 690122 663447 235862 663447 235862
336183 682810 336183 682810 665651 261795 665651 261795
314811 676554 314811 676554 687920 261809 687920 261809
302579 672973 302579 672973 680660 272284 680660 272284
295874 671011 295874 671011 674690 268656 674690 268656
295646 670944 295646 670944 674475 268757 674475 268757
290117 672207 290117 672207 669344 271175 669344 271175
283372 673748 283372 673748 665542 276955 665542 276955
253643 680540 253643 680540 639592 292973 639592 292973
222815 687583 222815 687583 671158 291088 671158 291088
144824 705402 144824 705402 722209 352681 722209 352681
140653 706355 140653 706355 724940 355976 724940 355976
118154 711495 118154 711495 741220 372333 741220 372333
101336 715337 101336 715337 738540 389375 738540 389375
67406 723089 67406 723089 770003 374494 770003 374494
70973 699686 70973 699686 791403 364373 791403 364373
83027 620600 83027 620600 822282 290573 822282 290573
85777 602562 85777 602562 829325 273741 829325 273741
93729 550392 93729 550392 778860 289178 778860 289178
96843 529956 96843 529956 778040 268523 778040 268523
97425 526140 97425 526140 774324 267477 774324 267477
99037 515561 99037 515561 773838 256787 773838 256787
106012 469802 106012 469802 727681 253305 727681 253305
112496 427262 112496 427262 750626 216902 750626 216902
116772 399211 116772 399211 722762 211541 722762 211541
117425 394924 117425 394924 718528 212480 718528 212480
124755 386126 124755 386126 707348 214959 707348 214959
132129 377275 132129 377275 697043 209810 697043 209810
143120 371566 143120 371566 685964 204273 685964 204273
158534 363560 158534 363560 669453 198883 669453 198883
184635 350002 184635 350002 670729 169498 670729 169498
183949 349189 183949 349189 670775 168436 670775 168436
169238 331749 169238 331749 657199 150098 657199 150098
156516 316668 156516 316668 639886 159561 639886 159561
147664 306175 147664 306175 640514 145847 640514 145847
163192 304343 163192 304343 641229 130228 641229 130228
185703 301686 185703 301686 642786 107614 642786 107614
210502 315347 210502 315347 644731 79368 644731 79368
251385 337869 251385 337869 685214 102601 685214 102601
257914 341466 257914 341466 683158 109766 683158 109766
268555 338594 268555 338594 680117 120360 680117 120360
291167 332492 291167 332492 701290 110349 701290 110349
322990 323903 322990 323903 729488 127418 729488 127418
295871 314703 295871 314703 753987 142247 753987 142247
246433 297931 246433 297931 753987 142247 753987 142247
243788 253755 243788 253755 753987 142247 753987 142247
252956 232379 252956 232379 753987 142247 753987 142247
308441 218784 308441 218784 753987 142247 753987 142247
320596 168321 320596 168321 753987 142247 753987 142247
242933 149124 242933 149124 753987 142247 753987 142247
207586 140387 207586 140387 753987 142247 753987 142247
