795572 721281 795572 721281 240406 772767 240406 772767
788488 721236 788488 721236 237969 766115 237969 766115
767351 737752 767351 737752 228740 740928 228740 740928
748477 743522 748477 743522 221949 722397 221949 722397
742384 742315 742384 742315 219812 716565 219812 716565
724453 737590 724453 737590 213433 699154 213433 699154
729755 725400 729755 725400 208859 686672 208859 686672
737990 706465 737990 706465 209082 666025 209082 666025
740194 699704 740194 699704 209159 658915 209159 658915
740536 698654 740536 698654 209572 657890 209572 657890
721058 691364 721058 691364 217342 638599 217342 638599
688454 673441 688454 673441 231243 604087 231243 604087
688067 673228 688067 673228 231678 604011 231678 604011
676479 641936 676479 641936 264549 598274 264549 598274
678030 640302 678030 640302 266769 597887 266769 597887
686744 631123 686744 631123 261783 609520 261783 609520
711050 605518 711050 605518 273511 642819 273511 642819
723262 592654 723262 592654 291220 643824 291220 643824
730548 591345 730548 591345 298611 644243 298611 644243
738289 589955 738289 589955 291167 641706 291167 641706
748277 588161 748277 588161 295479 632520 295479 632520
760600 585948 760600 585948 286964 623341 286964 623341
783730 581793 783730 581793 306288 609967 306288 609967
812017 576713 812017 576713 304495 581284 304495 581284
804783 574142 804783 574142 304016 573621 304016 573621
778915 564947 778915 564947 322030 594337 322030 594337
750964 555012 750964 555012 350166 584936 350166 584936
727013 546499 727013 546499 372141 597711 372141 597711
726843 546439 726843 546439 372225 597871 372225 597871
735365 508525 735365 508525 390281 632281 390281 632281
737020 501161 737020 501161 396312 636819 396312 636819
731050 502306 731050 502306 401170 640473 401170 640473
717782 504850 717782 504850 389347 647010 389347 647010
683867 511354 683867 511354 375519 678653 375519 678653
626764 522305 626764 522305 336712 635354 336712 635354
601766 527099 601766 527099 321080 655441 321080 655441
598366 526645 598366 526645 318973 658148 318973 658148
572158 523148 572158 523148 334311 679685 334311 679685
549291 520097 549291 520097 312952 688403 312952 688403
543869 519374 543869 519374 311380 693642 311380 693642
546513 517464 546513 517464 310442 696766 310442 696766
560055 507685 560055 507685 326942 699364 326942 699364
561250 502751 561250 502751 331957 700154 331957 700154
568535 472687 568535 472687 346223 727602 346223 727602
586997 455550 586997 455550 357840 749954 357840 749954
591652 451229 591652 451229 360003 755925 360003 755925
581456 429048 581456 429048 368319 778877 368319 778877
561883 434170 561883 434170 375211 797899 375211 797899
563211 410575 563211 410575 383261 820118 383261 820118
564232 392444 564232 392444 392398 804424 392398 804424
596181 418950 596181 418950 413285 768549 413285 768549
611983 418250 611983 418250 421244 754879 421244 754879
623186 417754 623186 417754 429032 762947 429032 762947
622247 399635 622247 399635 441632 776001 441632 776001
619825 352932 619825 352932 483346 754859 483346 754859
618327 324041 618327 324041 500658 731681 500658 731681
598580 329827 598580 329827 512972 715195 512972 715195
588120 332892 588120 332892 502075 714928 502075 714928
581630 334793 581630 334793 495482 716435 495482 716435
550816 343822 550816 343822 476131 690812 476131 690812
548640 343075 548640 343075 474745 688976 474745 688976
533611 337919 533611 337919 461668 698002 461668 698002
500958 326716 500958 326716 427173 699333 427173 699333
493028 323995 493028 323995 427989 707677 427989 707677
496992 335882 496992 335882 429208 720148 429208 720148
493879 343181 493879 343181 429980 728046 429980 728046
488538 355708 488538 355708 418225 721172 418225 721172
494746 367679 494746 367679 406584 714364 406584 714364
493846 368457 493846 368457 405557 713764 405557 713764
476764 383220 476764 383220 401733 691513 401733 691513
476056 381835 476056 381835 401470 689980 401470 689980
462982 356256 462982 356256 412620 663505 412620 663505
462647 355601 462647 355601 413350 663416 413350 663416
459317 338788 459317 338788 430363 661336 430363 661336
435777 327668 435777 327668 456205 658178 456205 658178
435601 321249 435601 321249 462579 657399 462579 657399
434041 264259 434041 264259 507040 621712 507040 621712
363790 288296 363790 288296 564943 575235 564943 575235
381191 309128 381191 309128 586111 558244 586111 558244
390521 320297 390521 320297 598997 551480 598997 551480
411622 345560 411622 345560 616751 579198 616751 579198
419571 355076 419571 355076 622066 567996 622066 567996
435516 367511 435516 367511 630734 549728 630734 549728
365103 405484 365103 405484 665028 477451 665028 477451
364001 406078 364001 406078 665565 476320 665565 476320
369746 420237 369746 420237 672115 462515 672115 462515
387455 463881 387455 463881 710051 490430 710051 490430
394764 466711 394764 466711 716364 495075 716364 495075
408405 469892 408405 469892 727646 503376 727646 503376
420881 466713 420881 466713 738016 511007 738016 511007
448339 459715 448339 459715 731048 538472 731048 538472
432902 442475 432902 442475 725358 560903 725358 560903
441116 425257 441116 425257 720667 579394 720667 579394
441824 420447 441824 420447 719471 584107 719471 584107
442255 417521 442255 417521 722001 582575 722001 582575
432832 406322 432832 406322 734520 574995 734520 574995
450414 413744 450414 413744 750845 565110 750845 565110
458865 417311 458865 417311 757523 571400 757523 571400
460644 421217 460644 421217 760647 574343 760647 574343
464788 430318 464788 430318 770293 576980 770293 576980
472038 424781 472038 424781 779092 579387 779092 579387
480324 418027 480324 418027 789403 582206 789403 582206
482032 416635 482032 416635 790441 584150 790441 584150
492562 410998 492562 410998 796069 594685 796069 594685
503686 405626 503686 405626 801889 605581 801889 605581
509143 402990 509143 402990 805287 610599 805287 610599
506900 406792 506900 406792 807762 614255 807762 614255
487292 440037 487292 440037 805198 652766 805198 652766
498666 440770 498666 440770 804441 664139 804441 664139
514177 441770 514177 441770 797759 678172 797759 678172
520240 450936 520240 450936 793035 688095 793035 688095
527592 462049 527592 462049 783788 697688 783788 697688
517608 480651 517608 480651 769136 712889 769136 712889
510094 494650 510094 494650 785010 713542 785010 713542
500727 482417 500727 482417 800405 714176 800405 714176
490348 486960 490348 486960 811725 714642 811725 714642
473696 494248 473696 494248 828821 708468 828821 708468
463298 494177 463298 494177 838601 704936 838601 704936
459530 494151 459530 494151 840618 701753 840618 701753
454046 485755 454046 485755 845984 693281 845984 693281
448117 504247 448117 504247 856377 676877 856377 676877
460947 513569 460947 513569 864864 663480 864864 663480
451622 553752 451622 553752 886939 628633 886939 628633
464300 563407 464300 563407 895467 615171 895467 615171
492474 541149 492474 541149 914682 584840 914682 584840
500251 535006 500251 535006 907165 578381 907165 578381
548880 573791 548880 573791 859986 537845 859986 537845
548486 575133 548486 575133 858925 536934 858925 536934
541939 597452 541939 597452 835727 535243 835727 535243
536550 615822 536550 615822 816810 538185 816810 538185
552574 628104 552574 628104 796860 541288 796860 541288
594514 660250 594514 660250 773381 493949 773381 493949
602353 654590 602353 654590 769085 485287 769085 485287
604352 652745 604352 652745 767876 482850 767876 482850
633695 625659 633695 625659 753136 445736 753136 445736
634604 624820 634604 624820 754319 446095 754319 446095
631511 639457 631511 639457 768635 450439 768635 450439
632823 665156 632823 665156 793259 457910 793259 457910
632898 666627 632898 666627 793621 456482 793621 456482
623155 670478 623155 670478 796196 446327 796196 446327
643301 729910 643301 729910 811618 385498 811618 385498
647239 741527 647239 741527 821929 378854 821929 378854
655589 742047 655589 742047 828962 374322 828962 374322
645968 774370 645968 774370 857310 356055 857310 356055
639199 788896 639199 788896 870782 347375 870782 347375
634773 820350 634773 820350 897482 330170 897482 330170
646513 853118 646513 853118 926742 311316 926742 311316
651022 865704 651022 865704 924541 298129 924541 298129
660957 893435 660957 893435 897349 286802 897349 286802
641918 875115 641918 875115 872959 276643 872959 276643
639045 871782 639045 871782 868897 274951 868897 274951
586818 811183 586818 811183 789242 267530 789242 267530
584038 807957 584038 807957 785002 267135 785002 267135
585944 790478 585944 790478 767495 265504 767495 265504
588872 763629 588872 763629 771501 292213 771501 292213
589436 763141 589436 763141 771612 292951 771612 292951
614982 741026 614982 741026 738040 296764 738040 296764
599848 735476 599848 735476 722023 298583 722023 298583
594988 733694 594988 733694 722046 303759 722046 303759
585107 730070 585107 730070 718896 313801 718896 313801
585659 713788 585659 713788 714019 329346 714019 329346
567023 724048 567023 724048 707652 349644 707652 349644
564616 725373 564616 725373 707041 352323 707041 352323
554441 706076 554441 706076 702188 373592 702188 373592
554446 705945 554446 705945 702159 373720 702159 373720
555350 683955 555350 683955 680495 369844 680495 369844
531841 695109 531841 695109 654881 365262 654881 365262
512805 704141 512805 704141 633863 363776 633863 363776
503647 708486 503647 708486 623741 364312 623741 364312
461703 776608 461703 776608 543853 368541 543853 368541
452491 791568 452491 791568 526309 369470 526309 369470
451286 793526 451286 793526 524010 369501 524010 369501
386496 790647 386496 790647 459162 370380 459162 370380
350615 740825 350615 740825 397770 371212 397770 371212
311696 686783 311696 686783 356935 318603 356935 318603
288522 654604 288522 654604 323254 297671 323254 297671
265331 622401 265331 622401 350383 268708 350383 268708
265325 622393 265325 622393 350390 268715 350390 268715
232054 603809 232054 603809 378015 294967 378015 294967
193496 582272 193496 582272 411297 324000 411297 324000
158526 562738 158526 562738 436329 292729 436329 292729
157229 562014 157229 562014 437779 293047 437779 293047
170697 529879 170697 529879 471812 300520 471812 300520
191740 479671 191740 479671 435855 259645 435855 259645
203282 452133 203282 452133 411411 242497 411411 242497
217436 418361 217436 418361 427250 209482 427250 209482
230871 411108 230871 411108 433854 195717 433854 195717
280759 384176 280759 384176 483259 223527 483259 223527
256343 374732 256343 374732 506072 236368 506072 236368
218862 360234 218862 360234 543910 222829 543910 222829
205305 315622 205305 315622 587810 207120 587810 207120
200611 300177 200611 300177 588206 223258 588206 223258
157553 305167 157553 305167 589271 266591 589271 266591
121648 309328 121648 309328 619843 285874 619843 285874
85117 313562 85117 313562 656305 290665 656305 290665
72179 315061 72179 315061 656022 277643 656022 277643
72179 315061 72179 315061 654424 203968 654424 203968
72179 315061 72179 315061 705288 235456 705288 235456
72179 315061 72179 315061 707632 258289 707632 258289
72179 315061 72179 315061 776363 217350 776363 217350
72179 315061 72179 315061 782652 213604 782652 213604
72179 315061 72179 315061 802766 224470 802766 224470
72179 315061 72179 315061 837142 152232 837142 152232
72179 315061 72179 315061 839138 148038 839138 148038
