366854 838654 366854 838654 794641 128820 794641 128820
392023 832537 392023 832537 785914 153207 785914 153207
409382 815864 409382 815864 777804 175869 777804 175869
416871 808670 416871 808670 767457 176744 767457 176744
449423 851683 449423 851683 713706 181290 713706 181290
474250 833115 474250 833115 682814 183902 682814 183902
470368 829178 470368 829178 677305 184368 677305 184368
445393 803854 445393 803854 683248 219436 683248 219436
440008 772388 440008 772388 688582 250911 688582 250911
436297 750703 436297 750703 710513 249170 710513 249170
448354 748973 448354 748973 722655 248206 722655 248206
484704 743759 484704 743759 703780 279706 703780 279706
499175 747576 499175 747576 696088 292544 696088 292544
501584 748212 501584 748212 697331 294703 697331 294703
551291 717191 551291 717191 726566 345481 726566 345481
566866 707470 566866 707470 738737 359227 738737 359227
514053 687318 514053 687318 776210 401548 776210 401548
478538 673767 478538 673767 747399 376751 747399 376751
452520 683653 452520 683653 726303 358595 726303 358595
440398 675363 440398 675363 715173 349015 715173 349015
427495 709607 427495 709607 687437 325143 687437 325143
427456 709651 427456 709651 687392 325105 687392 325105
422600 715160 422600 715160 682046 330140 682046 330140
406278 733675 406278 733675 658850 321705 658850 321705
390208 751903 390208 751903 656951 297479 656951 297479
389158 761424 389158 761424 656202 287930 656202 287930
388447 767871 388447 767871 652727 282453 652727 282453
387480 776634 387480 776634 644708 278789 644708 278789
385643 767333 385643 767333 636086 274848 636086 274848
383551 756743 383551 756743 638528 264333 638528 264333
366601 740313 366601 740313 643868 241339 643868 241339
366284 731001 366284 731001 645976 232263 645976 232263
366416 728860 366416 728860 646461 230173 646461 230173
366724 723884 366724 723884 642058 227835 642058 227835
361513 738069 361513 738069 628711 220748 628711 220748
331718 747110 331718 747110 601211 206146 601211 206146
319478 750825 319478 750825 595784 194563 595784 194563
321724 715673 321724 715673 580841 162666 580841 162666
336233 690476 336233 690476 568505 136336 568505 136336
366217 638406 366217 638406 518324 103288 518324 103288
389375 626124 389375 626124 496432 88871 496432 88871
429226 604989 429226 604989 466726 54924 466726 54924
431973 587786 431973 587786 455254 41814 455254 41814
432366 585324 432366 585324 456225 44110 456225 44110
439198 571130 439198 571130 462358 58620 462358 58620
475651 552961 475651 552961 478216 96136 478216 96136
465309 567496 465309 567496 485162 112567 485162 112567
468716 580063 468716 580063 490232 124560 490232 124560
477345 585340 477345 585340 494170 133877 494170 133877
486684 591052 486684 591052 496007 144669 496007 144669
470066 619202 470066 619202 501492 176894 501492 176894
503697 632795 503697 632795 507578 212654 507578 212654
503341 626121 503341 626121 508699 219243 508699 219243
510831 611424 510831 611424 511467 235505 511467 235505
524873 583870 524873 583870 534400 256252 534400 256252
525412 582812 525412 582812 535523 256640 535523 256640
511148 565852 511148 565852 556471 263871 556471 263871
497960 550172 497960 550172 566401 281792 566401 281792
511691 535233 511691 535233 576234 299541 576234 299541
521686 535836 521686 535836 581087 308299 581087 308299
524443 536002 524443 536002 578566 307170 578566 307170
539988 553596 539988 553596 557139 297573 557139 297573
545179 558996 545179 558996 550303 294511 550303 294511
557201 557077 557201 557077 539193 289534 539193 289534
579074 553586 579074 553586 517044 289356 517044 289356
575051 541591 575051 541591 504392 289254 504392 289254
573523 537035 573523 537035 499979 291154 499979 291154
571328 530491 571328 530491 496423 297070 496423 297070
571264 530301 571264 530301 496391 296872 496391 296872
595645 522622 595645 522622 492283 271643 492283 271643
610850 525525 610850 525525 489795 256364 489795 256364
621448 527549 621448 527549 479199 258395 479199 258395
659234 534763 659234 534763 457556 290198 457556 290198
672291 537257 672291 537257 458311 303470 458311 303470
680097 538747 680097 538747 452284 298291 452284 298291
730299 555791 730299 555791 412075 263737 412075 263737
746535 561303 746535 561303 397986 273509 397986 273509
772950 573255 772950 573255 374163 290034 374163 290034
794012 619331 794012 619331 332535 318908 332535 318908
795576 622753 795576 622753 335830 320724 335830 320724
801610 584812 801610 584812 369475 339270 369475 339270
776888 565580 776888 565580 396905 354391 396905 354391
770400 557726 770400 557726 405827 359309 405827 359309
752084 535552 752084 535552 416777 385903 416777 385903
752057 535520 752057 535520 416814 385885 416814 385885
697161 514102 697161 514102 469747 359992 469747 359992
695799 513570 695799 513570 470363 361318 470363 361318
693595 512710 693595 512710 472608 362066 472608 362066
670941 503872 670941 503872 474015 337790 474015 337790
659871 499552 659871 499552 465815 329190 465815 329190
627441 486899 627441 486899 500604 330433 500604 330433
606087 478568 606087 478568 523106 326067 523106 326067
592547 473285 592547 473285 519128 340046 519128 340046
576675 491965 576675 491965 512419 363623 512419 363623
568831 501197 568831 501197 517350 374688 517350 374688
565833 505212 565833 505212 519390 379265 519390 379265
561546 510952 561546 510952 525282 383340 525282 383340
538752 506739 538752 506739 544347 396525 544347 396525
541831 493193 541831 493193 555772 404427 555772 404427
547253 469336 547253 469336 579246 411323 579246 411323
536604 461102 536604 461102 592161 415117 592161 415117
534798 469607 534798 469607 600503 417567 600503 417567
518361 472472 518361 472472 616511 422270 616511 422270
514200 473197 514200 473197 613594 425325 613594 425325
484643 487131 484643 487131 591028 448959 591028 448959
483976 503920 483976 503920 579425 461111 579425 461111
483854 506996 483854 506996 578462 464035 578462 464035
466622 528007 466622 528007 569958 489844 569958 489844
459909 536191 459909 536191 579566 494286 579566 494286
457190 529954 457190 529954 585741 497142 585741 497142
447616 507987 447616 507987 570168 515355 570168 515355
446346 505074 446346 505074 567002 515629 567002 515629
438425 525266 438425 525266 545393 517503 545393 517503
431820 521903 431820 521903 538009 518143 538009 518143
429451 524440 429451 524440 534551 518443 534551 518443
414586 540354 414586 540354 544866 499264 544866 499264
413831 539770 413831 539770 545318 498424 545318 498424
408275 535475 408275 535475 539114 495134 539114 495134
387565 539436 387565 539436 520485 485255 520485 485255
387650 539696 387650 539696 520244 485127 520244 485127
397263 568906 397263 568906 548189 472293 548189 472293
398985 574139 398985 574139 544983 467813 544983 467813
380488 571059 380488 571059 534069 452564 534069 452564
376947 570469 376947 570469 530480 452477 530480 452477
376269 570356 376269 570356 530061 451933 530061 451933
365998 552706 365998 552706 517605 435750 517605 435750
354374 532732 354374 532732 518749 412668 518749 412668
352834 530086 352834 530086 516047 414106 516047 414106
345886 527543 345886 527543 509516 417582 509516 417582
295741 509189 295741 509189 474218 457650 474218 457650
312394 507644 312394 507644 463162 470200 463162 470200
342907 504813 342907 504813 454007 499444 454007 499444
361274 503109 361274 503109 437335 491551 437335 491551
367984 501636 367984 501636 431126 488612 431126 488612
393677 510585 393677 510585 406535 476970 406535 476970
395977 507423 395977 507423 403001 475297 403001 475297
396254 507127 396254 507127 402635 475124 402635 475124
413073 489202 413073 489202 395511 498649 395511 498649
401361 477543 401361 477543 390722 514466 390722 514466
395416 471624 395416 471624 397189 519810 397189 519810
389102 468415 389102 468415 402649 524321 402649 524321
375888 433591 375888 433591 431362 548047 431362 548047
374357 429557 374357 429557 431946 552322 431946 552322
370232 361359 370232 361359 441203 620014 441203 620014
394815 355867 394815 355867 444615 644971 444615 644971
414925 351374 414925 351374 428482 657790 428482 657790
415295 354727 415295 354727 425841 659889 425841 659889
417530 375001 417530 375001 444961 666991 444961 666991
419915 396639 419915 396639 445929 688739 445929 688739
424289 398144 424289 398144 446135 693360 446135 693360
447385 406088 447385 406088 467255 681093 467255 681093
477579 416475 477579 416475 497903 690053 497903 690053
493340 425777 493340 425777 515468 695189 515468 695189
494870 426680 494870 426680 514845 693525 514845 693525
516749 432347 516749 432347 506917 672360 506917 672360
525203 412571 525203 412571 499374 652219 499374 652219
521639 403933 521639 403933 496096 643468 496096 643468
512113 380847 512113 380847 520840 646851 520840 646851
502736 358120 502736 358120 541676 633802 541676 633802
546314 354746 546314 354746 578719 610602 578719 610602
594956 350979 594956 350979 607566 649948 607566 649948
595902 348739 595902 348739 609004 651909 609004 651909
596154 348144 596154 348144 609577 652208 609577 652208
594816 339440 594816 339440 617386 656278 617386 656278
606215 335543 606215 335543 628069 661845 628069 661845
623379 329196 623379 329196 644297 670303 644297 670303
656853 377052 656853 377052 696087 697295 696087 697295
658373 356354 658373 356354 714491 706887 714491 706887
658515 354417 658515 354417 713300 708421 713300 708421
680537 330278 680537 330278 693253 734224 693253 734224
694456 306434 694456 306434 676315 756027 676315 756027
684075 292465 684075 292465 665638 769771 665638 769771
625373 262582 625373 262582 625226 821788 625226 821788
641801 256620 641801 256620 614505 835589 614505 835589
717002 229330 717002 229330 555805 781235 555805 781235
757417 214663 757417 214663 524258 752024 524258 752024
774713 208386 774713 208386 505899 753240 505899 753240
784139 204965 784139 204965 497452 747835 497452 747835
754916 184260 754916 184260 467285 728532 467285 728532
722861 161550 722861 161550 469952 767726 469952 767726
695427 142113 695427 142113 442386 786975 442386 786975
688201 136993 688201 136993 436796 780106 436796 780106
688201 136993 688201 136993 412610 750384 412610 750384
688201 136993 688201 136993 420140 730900 420140 730900
688201 136993 688201 136993 423869 728341 423869 728341
688201 136993 688201 136993 409382 716736 409382 716736
688201 136993 688201 136993 437265 706264 437265 706264
688201 136993 688201 136993 427276 691071 427276 691071
688201 136993 688201 136993 411917 686987 411917 686987
688201 136993 688201 136993 380531 695027 380531 695027
688201 136993 688201 136993 330274 669134 330274 669134
688201 136993 688201 136993 320697 667490 320697 667490
688201 136993 688201 136993 292376 646897 292376 646897
688201 136993 688201 136993 359351 603144 359351 603144
688201 136993 688201 136993 364287 599919 364287 599919
688201 136993 688201 136993 336788 575505 336788 575505
688201 136993 688201 136993 257642 563849 257642 563849
688201 136993 688201 136993 255820 563581 255820 563581
688201 136993 688201 136993 253174 492669 253174 492669
688201 136993 688201 136993 188380 507967 188380 507967
688201 136993 688201 136993 176680 587107 176680 587107
688201 136993 688201 136993 167317 650439 167317 650439
688201 136993 688201 136993 168939 696289 168939 696289
