951453 812123 951453 812123 162292 643048 162292 643048
916351 815551 916351 815551 169826 608593 169826 608593
849509 800946 849509 800946 184440 541753 184440 541753
829360 796544 829360 796544 197036 558084 197036 558084
814174 773782 814174 773782 213748 579750 213748 579750
766307 759725 766307 759725 244218 619253 244218 619253
764131 759086 764131 759086 245902 620771 245902 620771
781532 747812 781532 747812 261301 634656 261301 634656
804393 733001 804393 733001 246444 657487 246444 657487
816029 738602 816029 738602 239400 668310 239400 668310
817673 739393 817673 739393 240280 669909 240280 669909
833551 735455 833551 735455 248166 684241 248166 684241
851818 730924 851818 730924 266910 685940 266910 685940
851418 714515 851418 714515 283257 687421 283257 687421
836184 701673 836184 701673 303100 689219 303100 689219
795604 667466 795604 667466 290100 637761 290100 637761
752422 631066 752422 631066 346543 639708 346543 639708
746535 626103 746535 626103 341014 634349 341014 634349
700018 621590 700018 621590 307456 601822 307456 601822
682062 619849 682062 619849 313842 584949 313842 584949
648101 616554 648101 616554 347774 588528 347774 588528
648126 621349 648126 621349 352543 589031 352543 589031
648223 639641 648223 639641 349075 571071 349075 571071
660930 664589 660930 664589 343767 543581 343767 543581
656793 671416 656793 671416 342253 535743 342253 535743
641364 703348 641364 703348 335529 500922 335529 500922
638386 709512 638386 709512 338263 494646 338263 494646
636037 714373 636037 714373 336236 489643 336236 489643
613702 690193 613702 690193 323874 459135 323874 459135
592286 674658 592286 674658 313938 434614 313938 434614
575979 662829 575979 662829 294831 440996 294831 440996
573510 661119 573510 661119 291982 441948 291982 441948
569540 658370 569540 658370 293444 437346 293444 437346
572553 644759 572553 644759 297665 424060 297665 424060
577780 621145 577780 621145 273785 420227 273785 420227
560096 635670 560096 635670 251190 416600 251190 416600
538199 653655 538199 653655 239060 390991 239060 390991
534383 656789 534383 656789 240690 386330 240690 386330
539138 671627 539138 671627 245834 371622 245834 371622
542238 681301 542238 681301 255601 368830 255601 368830
552576 692651 552576 692651 270363 364611 270363 364611
565041 706337 565041 706337 281835 350083 281835 350083
578130 720707 578130 720707 276581 368797 276581 368797
583030 726087 583030 726087 280303 375050 280303 375050
584832 728065 584832 728065 282921 374499 282921 374499
577166 732254 577166 732254 291470 372700 291470 372700
563915 739496 563915 739496 302002 383522 302002 383522
558756 742316 558756 742316 305947 379163 305947 379163
534672 745335 534672 745335 322235 361166 322235 361166
528026 746169 528026 746169 328892 360430 328892 360430
522264 746891 522264 746891 328818 354623 328818 354623
521864 747057 521864 747057 328812 354190 328812 354190
498968 756564 498968 756564 315404 333338 315404 333338
486004 761947 486004 761947 306882 322183 306882 322183
491151 767979 491151 767979 302068 315882 302068 315882
492389 769273 492389 769273 300981 314459 300981 314459
509986 787674 509986 787674 325976 309615 325976 309615
532125 810824 532125 810824 352861 327030 352861 327030
538022 816990 538022 816990 360178 322642 360178 322642
544010 814654 544010 814654 365690 319336 365690 319336
555951 809997 555951 809997 361810 307120 361810 307120
582888 828640 582888 828640 351893 275898 351893 275898
586743 831308 586743 831308 352993 271341 352993 271341
580659 833810 580659 833810 354537 264946 354537 264946
570333 838057 570333 838057 359496 254943 359496 254943
555704 844073 555704 844073 344361 259541 344361 259541
536630 851917 536630 851917 325741 268410 325741 268410
517086 855734 517086 855734 307763 276973 307763 276973
489925 861039 489925 861039 281549 268102 281549 268102
463056 866286 463056 866286 254195 269194 254195 269194
444336 869942 444336 869942 249195 287601 249195 287601
440713 854959 440713 854959 245155 302477 245155 302477
436921 839275 436921 839275 261149 300341 261149 300341
433459 824959 433459 824959 273557 292406 273557 292406
429950 810449 429950 810449 285712 301073 285712 301073
428767 805557 428767 805557 284712 306006 284712 306006
426924 797934 426924 797934 282426 313508 282426 313508
424183 786597 424183 786597 271511 317620 271511 317620
425069 786058 425069 786058 270541 317985 270541 317985
436128 779328 436128 779328 272182 330826 272182 330826
445211 773801 445211 773801 262821 325783 262821 325783
440326 769136 440326 769136 256874 322579 256874 322579
432365 761534 432365 761534 246054 324598 246054 324598
425408 754891 425408 754891 237881 319524 237881 319524
442413 747400 442413 747400 222094 309724 222094 309724
462248 738661 462248 738661 200728 313370 200728 313370
461938 735517 461938 735517 197614 313901 197614 313901
459306 708818 459306 708818 173641 325945 173641 325945
427384 668146 427384 668146 127440 349156 127440 349156
425614 665891 425614 665891 128579 346526 128579 346526
388084 682490 388084 682490 144888 308869 144888 308869
374482 679974 374482 679974 150386 296175 150386 296175
349248 675308 349248 675308 169107 278625 169107 278625
315414 629898 315414 629898 210421 239895 210421 239895
303919 614471 303919 614471 229316 243518 229316 243518
307143 606219 307143 606219 238016 245187 238016 245187
317509 579685 317509 579685 265725 238572 265725 238572
318948 579566 318948 579566 267129 238237 267129 238237
338637 577930 338637 577930 264545 218650 264545 218650
341432 577698 341432 577698 264245 215861 264245 215861
343163 592481 343163 592481 262650 201063 262650 201063
345816 615147 345816 615147 240320 205772 240320 205772
350230 615267 350230 615267 236000 206683 236000 206683
375964 615967 375964 615967 240126 181272 240126 181272
385740 616233 385740 616233 248168 175707 248168 175707
405624 619737 405624 619737 264772 164219 264772 164219
423684 622920 423684 622920 277471 150989 277471 150989
467632 618063 467632 618063 308088 119090 308088 119090
446159 568082 446159 568082 345758 79844 345758 79844
442423 559386 442423 559386 343420 89015 343420 89015
421258 555530 421258 555530 338105 109861 338105 109861
360718 503488 360718 503488 318382 187221 318382 187221
345560 490458 345560 490458 323095 206646 323095 206646
332391 479137 332391 479137 306426 211516 306426 211516
314157 463463 314157 463463 311724 234970 311724 234970
315986 463438 315986 463438 312127 236754 312127 236754
346222 463030 346222 463030 328530 211350 328530 211350
377686 462606 377686 462606 356732 197394 356732 197394
410764 462160 410764 462160 389747 199494 389747 199494
445096 461696 445096 461696 390950 233808 390950 233808
447825 461660 447825 461660 388871 235576 388871 235576
458908 461510 458908 461510 399419 238981 399419 238981
457493 407610 457493 407610 450729 255547 450729 255547
483701 428610 483701 428610 482689 265865 482689 265865
550207 439126 550207 439126 546764 286551 546764 286551
582758 458350 582758 458350 582740 298166 582740 298166
599091 467995 599091 467995 583751 279225 583751 279225
597841 500366 597841 500366 585478 246876 585478 246876
597208 516749 597208 516749 591586 231661 591586 231661
675175 498828 675175 498828 621392 157421 621392 157421
679403 497856 679403 497856 623008 153395 623008 153395
674516 485439 674516 485439 627980 141011 627980 141011
658935 445846 658935 445846 665359 161337 665359 161337
679311 417255 679311 417255 696203 178109 696203 178109
679753 415821 679753 415821 697521 178826 697521 178826
683034 405166 683034 405166 705042 170597 705042 170597
685276 412901 685276 412901 710476 164652 710476 164652
694334 420706 694334 420706 718542 155826 718542 155826
695619 420783 695619 420783 719411 154876 719411 154876
709121 421596 709121 421596 720082 168386 720082 168386
704905 427718 704905 427718 720451 175810 720451 175810
702133 455176 702133 455176 721820 203373 721820 203373
701788 458598 701788 458598 719349 205765 719349 205765
735974 464607 735974 464607 694408 229905 694408 229905
757535 468762 757535 468762 678630 245177 678630 245177
770494 471259 770494 471259 667704 252578 667704 252578
780017 473094 780017 473094 676335 257002 676335 257002
778593 455355 778593 455355 692171 265120 692171 265120
776924 434575 776924 434575 704666 281808 704666 281808
818551 407667 818551 407667 734374 321485 734374 321485
822095 405376 822095 405376 730214 322193 730214 322193
815890 405072 815890 405072 724090 323236 724090 323236
774035 403023 774035 403023 690936 348866 690936 348866
756766 402178 756766 402178 673893 345958 673893 345958
734001 398566 734001 398566 651171 342082 651171 342082
725381 397622 725381 397622 642623 340623 642623 340623
718447 387220 718447 387220 630300 338521 630300 338521
704061 390297 704061 390297 615798 336047 615798 336047
704013 390030 704013 390030 615531 336001 615531 336001
702299 380448 702299 380448 618111 345387 618111 345387
719020 372108 719020 372108 623063 363405 623063 363405
736216 352783 736216 352783 629918 388348 629918 388348
745887 351140 745887 351140 632518 397807 632518 397807
766843 347580 766843 347580 623052 416838 623052 416838
791812 340829 791812 340829 611532 439997 611532 439997
746210 324168 746210 324168 589910 483467 589910 483467
730115 318287 730115 318287 578490 496243 578490 496243
714192 331850 714192 331850 564551 511837 564551 511837
711939 333769 711939 333769 567506 512011 567506 512011
691564 337926 691564 337926 588265 513233 588265 513233
690452 338197 690452 338197 589407 513300 589407 513300
670718 343003 670718 343003 591074 493058 591074 493058
663404 344785 663404 344785 598135 490447 598135 490447
658785 343837 658785 343837 602557 488811 602557 488811
665770 338674 665770 338674 610704 485798 610704 485798
683120 325847 683120 325847 628256 473249 628256 473249
692497 311119 692497 311119 642460 463095 642460 463095
662940 283241 662940 283241 675512 439465 675512 439465
654089 274893 654089 274893 686089 445478 686089 445478
639021 295015 639021 295015 707942 457902 707942 457902
616697 324825 616697 324825 723343 423993 723343 423993
629720 363297 629720 363297 740140 387012 740140 387012
630952 366937 630952 366937 742725 389855 742725 389855
635765 393878 635765 393878 761138 410102 761138 410102
634759 405506 634759 405506 768990 418737 768990 418737
618517 404667 618517 404667 779932 430770 779932 430770
592344 403315 592344 403315 805971 433741 805971 433741
585417 399111 585417 399111 814021 434660 814021 434660
545329 374778 545329 374778 803084 389058 803084 389058
539844 377680 539844 377680 801637 383024 801637 383024
535276 371866 535276 371866 799913 375834 799913 375834
518243 350186 518243 350186 800123 348264 800123 348264
506993 356861 506993 356861 800223 335183 800223 335183
507622 360821 507622 360821 800254 331173 800254 331173
493491 367265 493491 367265 800372 315643 800372 315643
484434 353584 484434 353584 800497 299236 800497 299236
468728 329859 468728 329859 826499 310788 826499 310788
447907 298407 447907 298407 826499 310788 826499 310788
399279 271813 399279 271813 826499 310788 826499 310788
319308 269655 319308 269655 826499 310788 826499 310788
316849 269589 316849 269589 826499 310788 826499 310788
