283784 42342 283784 42342 231164 798864 231164 798864
355394 66442 355394 66442 267777 732771 267777 732771
375033 73052 375033 73052 250802 720887 250802 720887
383148 73574 383148 73574 244140 716224 244140 716224
399629 74634 399629 74634 228253 711713 228253 711713
407680 70053 407680 70053 219342 709183 219342 709183
414906 65942 414906 65942 214600 716012 214600 716012
417492 64471 417492 64471 212965 713527 212965 713527
416084 75444 416084 75444 206886 704284 206886 704284
414652 86607 414652 86607 197424 710378 197424 710378
413075 98895 413075 98895 190234 720467 190234 720467
391558 100917 391558 100917 177690 738066 177690 738066
393226 103067 393226 103067 176111 740282 176111 740282
408267 122459 408267 122459 180905 716213 180905 716213
407662 127125 407662 127125 181824 711599 181824 711599
404387 152377 404387 152377 166972 690915 166972 690915
396838 166583 396838 166583 157589 677848 157589 677848
386856 185368 386856 185368 160160 656732 160160 656732
394848 197883 394848 197883 161954 641991 161954 641991
407806 218175 407806 218175 185913 644365 185913 644365
406406 217637 406406 217637 187405 644513 187405 644513
399572 215009 399572 215009 193783 640917 193783 640917
381386 208017 381386 208017 206642 655555 206642 655555
371852 203603 371852 203603 213576 663448 213576 663448
367163 201433 367163 201433 209843 667020 209843 667020
364125 200027 364125 200027 211752 669770 211752 669770
341323 189471 341323 189471 215806 694568 215806 694568
333087 185658 333087 185658 222126 688054 222126 688054
329847 185241 329847 185241 224401 685710 224401 685710
317857 183696 317857 183696 234761 691940 234761 691940
307931 182418 307931 182418 244231 695178 244231 695178
306845 182278 306845 182278 244309 694086 244309 694086
316704 197796 316704 197796 245622 675748 245622 675748
321921 206006 321921 206006 254855 672685 254855 672685
331196 220605 331196 220605 267763 661173 267763 661173
341847 237369 341847 237369 262582 641999 262582 641999
342460 237455 342460 237455 262421 641402 262421 641402
359719 239880 359719 239880 247064 649645 247064 649645
374189 241913 374189 241913 236007 640092 236007 640092
384581 249875 384581 249875 226101 631533 226101 631533
385193 250344 385193 250344 226201 630769 226201 630769
395552 270601 395552 270601 229154 608209 229154 608209
400946 281150 400946 281150 217902 604500 217902 604500
404638 288369 404638 288369 215563 596736 215563 596736
417586 285916 417586 285916 211761 584118 211761 584118
421262 285220 421262 285220 212753 580511 212753 580511
430869 280139 430869 280139 215635 570032 215635 570032
437586 290045 437586 290045 218810 558492 218810 558492
439517 291593 439517 291593 219466 556106 219466 556106
443697 294943 443697 294943 221632 551206 221632 551206
451490 294497 451490 294497 224787 544067 224787 544067
473476 293239 473476 293239 224335 522050 224335 522050
471615 290456 471615 290456 224267 518702 224267 518702
471255 275435 471255 275435 223958 503680 223958 503680
471682 248192 471682 248192 223400 476440 223400 476440
475332 243152 475332 243152 223272 470218 223272 470218
509587 195860 509587 195860 233172 527767 233172 527767
566940 150642 566940 150642 245555 599744 245555 599744
571633 146942 571633 146942 250318 603355 250318 603355
572195 146499 572195 146499 250966 603657 250966 603657
595922 214435 595922 214435 316178 634082 316178 634082
602005 231854 602005 231854 331716 644031 331716 644031
542337 212308 542337 212308 384593 677890 384593 677890
541344 231233 541344 231233 400552 688109 400552 688109
528419 237301 528419 237301 412577 695809 412577 695809
526350 234458 526350 234458 415538 697705 415538 697705
526744 279441 526744 279441 453422 721963 453422 721963
526814 287477 526814 287477 452278 729917 452278 729917
515707 310524 515707 310524 448635 755240 448635 755240
519497 326281 519497 326281 446328 771282 446328 771282
519934 328098 519934 328098 445774 773066 445774 773066
493951 319942 493951 319942 437704 799076 437704 799076
486678 328912 486678 328912 434282 810106 434282 810106
462380 351475 462380 351475 424456 841774 424456 841774
461177 352592 461177 352592 425153 840287 425153 840287
480790 363529 480790 363529 434680 819952 434680 819952
497111 376133 497111 376133 443429 801279 443429 801279
511412 366802 511412 366802 450674 785816 450674 785816
515911 363866 515911 363866 455006 782638 455006 782638
533066 371227 533066 371227 470058 771597 470058 771597
560306 382915 560306 382915 482917 744890 482917 744890
560006 388140 560006 388140 485187 740174 485187 740174
557966 423685 557966 423685 520443 735215 520443 735215
557852 425673 557852 425673 520970 737136 520970 737136
494165 404915 494165 404915 538710 801728 538710 801728
493279 404626 493279 404626 539511 801251 539511 801251
486605 428138 486605 428138 560510 788745 560510 788745
486518 428444 486518 428444 560596 788439 560596 788439
449645 456037 449645 456037 573026 744094 573026 744094
448140 444183 448140 444183 576251 732588 576251 732588
444276 413750 444276 413750 606319 726505 606319 726505
459493 415221 459493 415221 621304 723473 621304 723473
469006 416140 469006 416140 621207 713917 621207 713917
470981 388280 470981 388280 620923 685988 620923 685988
452037 377977 452037 377977 620703 664425 620703 664425
451635 377801 451635 377801 620699 663986 620699 663986
444755 374793 444755 374793 613520 666186 613520 666186
442404 375186 442404 375186 611241 666885 611241 666885
428415 377744 428415 377744 597644 671052 597644 671052
424683 372681 424683 372681 591630 672895 591630 672895
435176 347128 435176 347128 565219 680990 565219 680990
439157 337433 439157 337433 558241 673171 558241 673171
440103 330453 440103 330453 553551 667916 553551 667916
441547 319794 441547 319794 551765 657309 551765 657309
426963 312959 426963 312959 549091 641426 549091 641426
404379 302373 404379 302373 541732 665258 541732 665258
400919 302809 400919 302809 540703 668590 540703 668590
395543 303487 395543 303487 545484 671140 545484 671140
373191 306306 373191 306306 546498 693646 546498 693646
368583 306887 368583 306887 545354 698147 545354 698147
354676 308640 354676 308640 532750 704281 532750 704281
330385 311703 330385 311703 513901 688656 513901 688656
307571 314580 307571 314580 499026 706192 499026 706192
306802 314801 306802 314801 498508 706802 498508 706802
257951 328838 257951 328838 466237 667533 466237 667533
252082 322399 252082 322399 460706 660802 460706 660802
243584 313078 243584 313078 453025 650797 453025 650797
227443 295371 227443 295371 449099 627161 449099 627161
226872 294745 226872 294745 449850 627553 449850 627553
221033 330196 221033 330196 481700 644180 481700 644180
215063 366445 215063 366445 496102 610384 496102 610384
212251 383523 212251 383523 509932 599976 509932 599976
211903 385634 211903 385634 510268 597863 510268 597863
240642 425476 240642 425476 517978 549346 517978 549346
281737 482447 281737 482447 582677 521990 582677 521990
301763 510210 301763 510210 607433 498347 607433 498347
321621 501256 321621 501256 623187 483302 623187 483302
345379 490543 345379 490543 647079 493713 647079 493713
343118 471553 343118 471553 664611 501352 664611 501352
328584 448883 328584 448883 689298 512109 689298 512109
349877 416644 349877 416644 724717 527543 724717 527543
385698 466202 385698 466202 780775 551969 780775 551969
387826 469146 387826 469146 778300 549310 778300 549310
422545 468925 422545 468925 754642 523898 754642 523898
450954 543711 450954 543711 700131 465344 700131 465344
464095 578302 464095 578302 674917 438261 674917 438261
470016 581476 470016 581476 670340 433344 670340 433344
494535 594618 494535 594618 642736 429891 642736 429891
530473 613882 530473 613882 640767 389163 640767 389163
544048 621159 544048 621159 639597 373805 639597 373805
576682 638651 576682 638651 672201 391353 672201 391353
576658 639176 576658 639176 672664 391602 672664 391602
575163 672577 575163 672577 704347 380922 704347 380922
574971 676864 574971 676864 708619 381328 708619 381328
554010 692728 554010 692728 734788 383816 734788 383816
530110 710816 530110 710816 744230 355369 744230 355369
516588 704707 516588 704707 748905 341286 748905 341286
511585 704979 511585 704979 750483 336531 750483 336531
459028 707842 459028 707842 697863 335276 697863 335276
437459 709017 437459 709017 684301 318463 684301 318463
424971 709697 424971 709697 696125 314388 696125 314388
424234 709737 424234 709737 696635 313855 696635 313855
423263 716355 423263 716355 701255 309018 701255 309018
416536 717456 416536 717456 705964 304090 705964 304090
397750 720532 397750 720532 687010 302321 687010 302321
376638 723988 376638 723988 665659 300971 665659 300971
370193 723629 370193 723629 659217 300564 659217 300564
342770 722101 342770 722101 644156 323532 644156 323532
342417 712123 342417 712123 638681 331881 638681 331881
347886 698054 347886 698054 630404 344504 630404 344504
353443 683758 353443 683758 615068 344718 615068 344718
352518 638217 352518 638217 569522 345352 569522 345352
351677 596854 351677 596854 573530 386529 573530 386529
342656 612243 342656 612243 575258 404284 575258 404284
305565 675516 305565 675516 527744 460155 527744 460155
285809 709218 285809 709218 506647 427276 506647 427276
286673 752727 286673 752727 483146 390650 483146 390650
287032 770790 287032 770790 489459 373722 489459 373722
272599 779674 272599 779674 495381 357842 495381 357842
249338 777934 249338 777934 503532 335987 503532 335987
220897 777339 220897 777339 513472 309333 513472 309333
153863 775936 153863 775936 524675 243227 524675 243227
115650 775136 115650 775136 536718 279502 536718 279502
113082 775082 113082 775082 536551 282065 536551 282065
111675 775053 111675 775053 537557 283049 537557 283049
136830 794477 136830 794477 560273 305277 560273 305277
154090 807804 154090 807804 582077 305582 582077 305582
166492 817380 166492 817380 588759 319754 588759 319754
206511 848281 206511 848281 603778 271475 603778 271475
218025 857172 218025 857172 612929 260166 612929 260166
232729 868526 232729 868526 613319 241593 613319 241593
241915 875619 241915 875619 624514 244652 624514 244652
251844 866704 251844 866704 637386 248168 637386 248168
268887 851402 268887 851402 642775 225906 642775 225906
271806 848781 271806 848781 639935 223200 639935 223200
287096 843762 287096 843762 628284 212098 628284 212098
295935 840861 295935 840861 637256 209639 637256 209639
309367 855956 309367 855956 656742 204297 656742 204297
324714 873203 324714 873203 656742 204297 656742 204297
366380 804910 366380 804910 656742 204297 656742 204297
380442 781862 380442 781862 656742 204297 656742 204297
404845 801720 404845 801720 656742 204297 656742 204297
413938 782507 413938 782507 656742 204297 656742 204297
459461 756160 459461 756160 656742 204297 656742 204297
491215 802788 491215 802788 656742 204297 656742 204297
542509 794573 542509 794573 656742 204297 656742 204297
544132 793647 544132 793647 656742 204297 656742 204297
546783 821765 546783 821765 656742 204297 656742 204297
589970 827612 589970 827612 656742 204297 656742 204297
600861 840105 600861 840105 656742 204297 656742 204297
641964 836657 641964 836657 656742 204297 656742 204297
