825486 699444 825486 699444 793731 167390 793731 167390
808237 700594 808237 700594 808175 176888 808175 176888
769073 703206 769073 703206 845851 187898 845851 187898
757127 704003 757127 704003 837922 196868 837922 196868
755581 681170 755581 681170 822766 214015 822766 214015
753463 649895 753463 649895 828808 244774 828808 244774
752145 630424 752145 630424 845856 254273 845856 254273
749140 623633 749140 623633 852343 257888 852343 257888
759624 606315 759624 606315 870027 267741 870027 267741
786200 618419 786200 618419 895537 281955 895537 281955
811860 603441 811860 603441 921492 296417 921492 296417
808176 579043 808176 579043 943046 308427 943046 308427
805999 564626 805999 564626 928800 305321 928800 305321
785794 571990 785794 571990 907789 300740 907789 300740
746877 528143 746877 528143 850508 288251 850508 288251
719818 497657 719818 497657 814717 268741 814717 268741
722689 485633 722689 485633 803863 262824 803863 262824
722609 485142 722609 485142 803427 262586 803427 262586
720300 470918 720300 470918 789285 265354 789285 265354
720059 469432 720059 469432 787903 264756 787903 264756
714635 459946 714635 459946 777873 260420 777873 260420
706765 446183 706765 446183 780937 275975 780937 275975
691966 478148 691966 478148 787744 310536 787744 310536
677797 508751 677797 508751 757885 294860 757885 294860
669072 527595 669072 527595 738090 301136 738090 301136
666572 532996 666572 532996 737584 307066 737584 307066
648465 518839 648465 518839 735631 329967 735631 329967
636109 509179 636109 509179 729136 344243 729136 344243
626743 501248 626743 501248 724053 355414 724053 355414
616526 492597 616526 492597 711112 358844 711112 358844
607016 499688 607016 499688 699646 361883 699646 361883
585679 511387 585679 511387 676124 368117 676124 368117
582364 513205 582364 513205 673409 365486 673409 365486
583200 505460 583200 505460 667815 360064 667815 360064
586573 474207 586573 474207 665295 391397 665295 391397
597966 469809 597966 469809 664316 403570 664316 403570
615828 462914 615828 462914 646735 395986 646735 395986
622825 460213 622825 460213 644160 388942 644160 388942
645203 467734 645203 467734 636054 366769 636054 366769
649712 469249 649712 469249 637382 362201 637382 362201
647738 462823 647738 462823 639258 355746 639258 355746
642395 445423 642395 445423 621102 354464 621102 354464
640974 441174 640974 441174 616632 354149 616632 354149
637900 431984 637900 431984 611363 346017 611363 346017
640336 425862 640336 425862 607780 340487 607780 340487
649358 403185 649358 403185 627620 326274 627620 326274
615500 405835 615500 405835 655228 306495 655228 306495
609564 406299 609564 406299 660738 308751 660738 308751
613794 390537 613794 390537 675841 314934 675841 314934
615378 384632 615378 384632 681030 311701 681030 311701
605641 387693 605641 387693 689693 306304 689693 306304
596049 375202 596049 375202 703061 297977 703061 297977
586046 362174 586046 362174 699746 281890 699746 281890
585206 361081 585206 361081 700920 281167 700920 281167
601609 336938 601609 336938 725769 265855 725769 265855
626218 300718 626218 300718 756131 234301 756131 234301
634258 288884 634258 288884 754019 220151 754019 220151
589680 301652 589680 301652 747174 174289 747174 174289
587545 302497 587545 302497 746835 172018 746835 172018
552452 316384 552452 316384 709728 178905 709728 178905
538862 324690 538862 324690 694068 181812 694068 181812
529301 330534 529301 330534 695544 192920 695544 192920
544368 346028 544368 346028 698390 214344 698390 214344
543131 350143 543131 350143 698956 218603 698956 218603
537589 368585 537589 368585 696280 237673 696280 237673
525544 408662 525544 408662 677564 275103 677564 275103
524050 413635 524050 413635 672736 277012 672736 277012
519297 412747 519297 412747 668239 278790 668239 278790
508491 410729 508491 410729 661935 269784 661935 269784
504337 419856 504337 419856 656184 261569 656184 261569
501746 425549 501746 425549 650129 260001 650129 260001
480001 414073 480001 414073 626327 253837 626327 253837
475649 401076 475649 401076 613059 250400 613059 250400
449445 442652 449445 442652 565483 238079 565483 238079
444328 444441 444328 444441 560236 236720 560236 236720
411693 455852 411693 455852 570748 269656 570748 269656
404159 458487 404159 458487 576680 274996 576680 274996
400866 459638 400866 459638 573899 277101 573899 277101
372313 484403 372313 484403 543760 299910 543760 299910
364807 490913 364807 490913 541210 309513 541210 309513
355180 488358 355180 488358 538655 319140 538655 319140
362358 499238 362358 499238 535310 331738 535310 331738
377891 506599 377891 506599 530899 348351 530899 348351
393512 514002 393512 514002 545465 357660 545465 357660
433312 511893 433312 511893 579049 379122 579049 379122
447504 510396 447504 510396 591074 386807 591074 386807
453576 509755 453576 509755 596756 389040 596756 389040
463659 508691 463659 508691 592187 398092 592187 398092
480590 499286 480590 499286 583461 415382 583461 415382
489477 494348 489477 494348 573757 412348 573757 412348
507288 484454 507288 484454 558190 425493 558190 425493
513237 521832 513237 521832 529273 449912 529273 449912
514321 522374 514321 522374 528347 450694 528347 450694
536753 533591 536753 533591 503331 452489 503331 452489
546914 538672 546914 538672 493642 446558 493642 446558
558653 544074 558653 544074 482620 439811 482620 439811
550558 546301 550558 546301 475460 435428 475460 435428
549842 553654 549842 553654 469159 431571 469159 431571
548292 569565 548292 569565 458605 443579 458605 443579
545593 597275 545593 597275 464464 470796 464464 470796
536075 604591 536075 604591 466991 482532 466991 482532
521556 615750 521556 615750 459538 499259 459538 499259
507651 626438 507651 626438 474684 490417 474684 490417
516304 632469 516304 632469 483792 485099 483792 485099
520658 635503 520658 635503 488963 486292 488963 486292
533596 648689 533596 648689 506964 490445 506964 490445
524905 672210 524905 672210 531397 496082 531397 496082
506252 722686 506252 722686 580837 474834 580837 474834
499640 740580 499640 740580 599273 469933 599273 469933
489311 737981 489311 737981 609567 467196 609567 467196
458660 730268 458660 730268 635145 448630 635145 448630
461018 723995 461018 723995 640569 444693 640569 444693
476455 682935 476455 682935 623558 485126 623558 485126
477941 678981 477941 678981 625756 488733 625756 488733
477975 669704 477975 669704 630584 496654 630584 496654
478052 649071 478052 649071 611312 504024 611312 504024
478064 645733 478064 645733 608678 506075 608678 506075
478153 621739 478153 621739 586473 515166 586473 515166
478227 601924 478227 601924 594995 533055 594995 533055
478231 600806 478231 600806 596112 533109 596112 533109
459234 572850 459234 572850 629873 534730 629873 534730
450375 559812 450375 559812 636130 520262 636130 520262
448384 560607 448384 560607 636981 518294 636981 518294
405965 577545 405965 577545 678160 538055 678160 538055
385989 585521 385989 585521 687811 518832 687811 518832
355957 601710 355957 601710 703120 488342 703120 488342
321177 620458 321177 620458 717457 525161 717457 525161
311269 625799 311269 625799 721155 535791 721155 535791
258029 656350 258029 656350 741322 593767 741322 593767
242007 657094 242007 657094 746592 608916 746592 608916
217420 658236 217420 658236 771192 608103 771192 608103
204937 646935 204937 646935 788021 607546 788021 607546
173326 618316 173326 618316 819419 636399 819419 636399
160862 607032 160862 607032 827573 651102 827573 651102
150587 597730 150587 597730 837147 661124 837147 661124
137793 586147 137793 586147 820638 656092 820638 656092
129511 581314 129511 581314 811466 653296 811466 653296
119583 575522 119583 575522 800341 656186 800341 656186
110849 570425 110849 570425 800835 666286 800835 666286
104667 566818 104667 566818 800370 673428 800370 673428
108202 565350 108202 565350 800121 677248 800121 677248
112128 563719 112128 563719 802374 680853 802374 680853
130047 556275 130047 556275 820202 688513 820202 688513
163779 542262 163779 542262 787318 704415 787318 704415
164350 542025 164350 542025 786725 704588 786725 704588
192599 553417 192599 553417 757490 713138 757490 713138
216939 563232 216939 563232 756907 686900 756907 686900
233165 569776 233165 569776 759860 669655 759860 669655
240239 572628 240239 572628 765208 664217 765208 664217
245979 574943 245979 574943 771036 662134 771036 662134
246696 571022 246696 571022 774790 660792 774790 660792
250239 551654 250239 551654 777970 641361 777970 641361
255162 524740 255162 524740 754374 655211 754374 655211
254999 524364 254999 524364 754021 655418 754021 655418
252994 519744 252994 519744 749081 656399 749081 656399
248133 508540 248133 508540 736872 656066 736872 656066
241436 493104 241436 493104 734221 672682 734221 672682
232352 472167 232352 472167 713120 681377 713120 681377
232984 451645 232984 451645 694136 689199 694136 689199
233296 441522 233296 441522 694502 699320 694502 699320
248860 444060 248860 444060 695071 715079 695071 715079
275460 437912 275460 437912 696057 742363 696057 742363
273727 447124 273727 447124 696395 751730 696395 751730
276563 476904 276563 476904 697476 781625 697476 781625
279930 478489 279930 478489 697610 785344 697610 785344
301234 488522 301234 488522 675170 778205 675170 778205
314727 478639 314727 478639 659232 773134 659232 773134
307603 469191 307603 469191 647956 769547 647956 769547
300035 459154 300035 459154 648308 756981 648308 756981
291449 447766 291449 447766 635371 750978 635371 750978
312801 436982 312801 436982 613672 740910 613672 740910
316275 435227 316275 435227 612284 737274 612284 737274
324246 430998 324246 430998 609065 728844 609065 728844
372521 405383 372521 405383 562296 757115 562296 757115
422663 413672 422663 413672 518803 783407 518803 783407
423430 413799 423430 413799 519572 783519 519572 783519
448868 387602 448868 387602 555707 788780 555707 788780
452742 383613 452742 383613 561154 789896 561154 789896
457040 385851 457040 385851 565902 790868 565902 790868
458083 369490 458083 369490 581963 794157 581963 794157
425274 369853 425274 369853 614106 800739 614106 800739
417630 369937 417630 369937 620970 804106 620970 804106
421050 320596 421050 320596 665375 825886 665375 825886
418362 315725 418362 315725 670370 828336 670370 828336
408177 297273 408177 297273 658726 845904 658726 845904
392096 268140 392096 268140 658726 845904 658726 845904
386809 255071 386809 255071 658726 845904 658726 845904
426781 185773 426781 185773 658726 845904 658726 845904
444008 155908 444008 155908 658726 845904 658726 845904
465158 118486 465158 118486 658726 845904 658726 845904
396560 159648 396560 159648 658726 845904 658726 845904
355412 184339 355412 184339 658726 845904 658726 845904
306305 177351 306305 177351 658726 845904 658726 845904
347896 239118 347896 239118 658726 845904 658726 845904
344049 291502 344049 291502 658726 845904 658726 845904
320546 307351 320546 307351 658726 845904 658726 845904
287453 271906 287453 271906 658726 845904 658726 845904
269041 253363 269041 253363 658726 845904 658726 845904
234252 244788 234252 244788 658726 845904 658726 845904
213414 262261 213414 262261 658726 845904 658726 845904
157868 208995 157868 208995 658726 845904 658726 845904
