483410 227742 483410 227742 947021 560657 947021 560657
498886 240581 498886 240581 935399 544247 935399 544247
509760 249602 509760 249602 926560 533225 926560 533225
494749 260946 494749 260946 914789 518547 914789 518547
494758 288921 494758 288921 897287 496723 897287 496723
512030 283801 512030 283801 886016 482669 886016 482669
530362 278367 530362 278367 867477 487349 867477 487349
533822 310379 533822 310379 836258 495229 836258 495229
540693 323193 540693 323193 822160 498788 822160 498788
563599 365913 563599 365913 786408 531521 786408 531521
566798 362003 566798 362003 782682 534933 782682 534933
576216 350492 576216 350492 793920 544675 793920 544675
579899 345991 579899 345991 799664 545586 799664 545586
582138 346174 582138 346174 801883 545938 801883 545938
591796 346964 591796 346964 811482 547260 811482 547260
616462 348981 616462 348981 831367 561993 831367 561993
628679 355292 628679 355292 842416 570179 842416 570179
652374 367533 652374 367533 836816 596255 836816 596255
664219 373652 664219 373652 830047 584770 830047 584770
671824 376725 671824 376725 825882 577703 825882 577703
702000 388917 702000 388917 795393 589090 795393 589090
728978 399817 728978 399817 770450 604071 770450 604071
752423 409289 752423 409289 771121 578793 771121 578793
770930 416767 770930 416767 771635 558839 771635 558839
773069 417631 773069 417631 769540 559805 769540 559805
776445 418995 776445 418995 765925 559377 765925 559377
750333 426800 750333 426800 738860 556175 738860 556175
735777 431152 735777 431152 727338 566078 727338 566078
726009 434071 726009 434071 726693 576252 726693 576252
708858 439198 708858 439198 743170 583249 743170 583249
681306 447434 681306 447434 721757 602443 721757 602443
661378 453391 661378 453391 714907 582803 714907 582803
645291 458200 645291 458200 698357 579977 698357 579977
636857 460721 636857 460721 700317 571395 700317 571395
633398 456079 633398 456079 701606 565751 701606 565751
622047 440843 622047 440843 702379 546767 702379 546767
609229 423639 609229 423639 681026 544687 681026 544687
604911 417843 604911 417843 681523 551897 681523 551897
604819 413012 604819 413012 681855 556718 681855 556718
604692 406368 604692 406368 677101 561360 677101 561360
575904 403050 575904 403050 656367 581605 656367 581605
568124 402153 568124 402153 661482 587536 661482 587536
577450 416993 577450 416993 672928 600810 672928 600810
599043 451352 599043 451352 658054 638566 658054 638566
597380 483111 597380 483111 646398 668156 646398 668156
579806 500193 579806 500193 637416 690958 637416 690958
572112 516407 572112 516407 630838 707656 630838 707656
568145 500526 568145 500526 624838 722886 624838 722886
572259 482677 572259 482677 618125 739928 618125 739928
582817 459085 582817 459085 608651 763976 608651 763976
568942 455933 568942 455933 603436 777215 603436 777215
565933 455250 565933 455250 600592 778411 600592 778411
533774 463271 533774 463271 570042 791265 570042 791265
521944 430141 521944 430141 537616 804908 537616 804908
502493 375668 502493 375668 491953 840411 491953 840411
470335 349765 470335 349765 459353 865757 459353 865757
408032 299581 408032 299581 496868 795098 496868 795098
401800 294561 401800 294561 500621 788030 500621 788030
390151 295473 390151 295473 506100 777710 506100 777710
407439 373583 407439 373583 543615 707052 543615 707052
408299 377470 408299 377470 545482 703535 545482 703535
343678 424631 343678 424631 582997 632877 582997 632877
326511 437160 326511 437160 592963 614105 592963 614105
289488 494360 289488 494360 624915 553925 624915 553925
290753 503564 290753 503564 629271 545720 629271 545720
294418 530232 294418 530232 656113 543684 656113 543684
294521 530978 294521 530978 656864 543630 656864 543630
299811 528707 299811 528707 662606 543217 662606 543217
312384 523310 312384 523310 669381 531330 669381 531330
320660 519757 320660 519757 677171 526809 677171 526809
338587 512062 338587 512062 673181 507713 673181 507713
348337 517523 348337 517523 670895 496774 670895 496774
357110 522437 357110 522437 663324 503392 663324 503392
358355 523134 358355 523134 661909 503210 661909 503210
373464 553085 373464 553085 628636 498937 628636 498937
401641 608942 401641 608942 656753 443050 656753 443050
405779 677451 405779 677451 687600 381738 687600 381738
413905 670306 413905 670306 692463 372072 692463 372072
443608 644187 443608 644187 652973 374299 652973 374299
450481 638143 450481 638143 643913 372999 643913 372999
487278 587523 487278 587523 581967 364108 581967 364108
480199 566630 480199 566630 560131 360974 560131 360974
465769 524040 465769 524040 518796 343267 518796 343267
461029 510050 461029 510050 517400 357973 517400 357973
486899 506723 486899 506723 514934 383939 514934 383939
524811 501847 524811 501847 477618 375655 477618 375655
528600 501360 528600 501360 475757 372319 475757 372319
537480 542870 537480 542870 455076 335248 455076 335248
539741 553438 539741 553438 452736 324698 452736 324698
542612 568239 542612 568239 449471 309979 449471 309979
543147 570998 543147 570998 449823 307190 449823 307190
544351 577600 544351 577600 450662 300532 450662 300532
546889 591515 546889 591515 437354 295740 437354 295740
548747 601702 548747 601702 427010 295271 427010 295271
549367 605100 549367 605100 427081 298725 427081 298725
570601 598921 570601 598921 427539 320835 427539 320835
590520 593124 590520 593124 428064 341574 428064 341574
588027 589797 588027 589797 428169 345730 428169 345730
576407 574287 576407 574287 445306 354779 445306 354779
578295 571902 578295 571902 447996 356199 447996 356199
583263 565629 583263 565629 447979 364201 447979 364201
586041 555713 586041 555713 447956 374499 447956 374499
598203 556867 598203 556867 447930 386716 447930 386716
607410 557740 607410 557740 456961 388707 456961 388707
614314 563640 614314 563640 465829 390662 465829 390662
616611 565603 616611 565603 466846 393508 466846 393508
625960 571095 625960 571095 470495 403718 470495 403718
635985 576984 635985 576984 474441 414655 474441 414655
637009 577585 637009 577585 473534 415421 473534 415421
664279 570845 664279 570845 452070 433543 452070 433543
661524 555047 661524 555047 439817 443888 439817 443888
661001 552050 661001 552050 442435 445438 442435 445438
659326 548748 659326 548748 445621 447324 445621 447324
642470 542780 642470 542780 461008 456433 461008 456433
628329 537773 628329 537773 468515 469421 468515 469421
622933 535862 622933 535862 468411 475144 468411 475144
638382 530723 638382 530723 468114 491423 468114 491423
640227 529149 640227 529149 468070 493848 468070 493848
657471 514436 657471 514436 447444 484446 447444 484446
696718 531170 696718 531170 408622 466750 408622 466750
699359 535355 699359 535355 404119 464697 404119 464697
725768 577193 725768 577193 390578 417110 390578 417110
730726 585047 730726 585047 391469 407865 391469 407865
712519 599009 712519 599009 393671 385027 393671 385027
692946 615004 692946 615004 396097 359866 396097 359866
692733 615016 692733 615016 396117 359654 396117 359654
666318 616480 666318 616480 383291 336515 383291 336515
657699 616958 657699 616958 374795 338039 374795 338039
634419 623847 634419 623847 350898 342326 350898 342326
634411 623964 634411 623964 350783 342347 350783 342347
633867 631459 633867 631459 349201 335000 349201 335000
631219 643091 631219 643091 346690 323338 346690 323338
628680 645039 628680 645039 346016 320210 346016 320210
608976 660161 608976 660161 349034 295556 349034 295556
618596 692227 618596 692227 353101 262326 353101 262326
619668 691650 619668 691650 353249 261117 353249 261117
632217 684892 632217 684892 365469 268453 365469 268453
639448 680998 639448 680998 369925 261555 369925 261555
648658 679290 648658 679290 375008 253686 375008 253686
671650 675026 671650 675026 391178 236795 391178 236795
671852 674988 671852 674988 391377 236848 391377 236848
700362 659086 700362 659086 422905 245313 422905 245313
705614 656157 705614 656157 428730 243819 428730 243819
734392 661085 734392 661085 457011 236563 457011 236563
740053 662054 740053 662054 461870 239626 461870 239626
732583 671937 732583 671937 472350 246232 472350 246232
706706 706170 706706 706170 511248 228110 511248 228110
704344 709295 704344 709295 507362 227614 507362 227614
716041 733626 716041 733626 480583 224194 480583 224194
703726 729616 703726 729616 467735 222554 467735 222554
668070 718006 668070 718006 432861 208773 432861 208773
665464 717157 665464 717157 430963 206796 430963 206796
630243 734812 630243 734812 403674 178379 403674 178379
585946 757016 585946 757016 389545 130886 389545 130886
583516 685354 583516 685354 369099 62159 369099 62159
582468 681006 582468 681006 367824 57872 367824 57872
578894 666174 578894 666174 362211 72058 362211 72058
570143 659086 570143 659086 358067 82530 358067 82530
577222 633806 577222 633806 348408 106940 348408 106940
566811 639613 566811 639613 344022 118025 344022 118025
547917 649215 547917 649215 336224 137732 336224 137732
538024 650653 538024 650653 332546 147028 332546 147028
503931 655607 503931 655607 299558 156961 299558 156961
501925 664386 501925 664386 290935 159557 290935 159557
495624 691963 495624 691963 291490 187839 291490 187839
483902 743267 483902 743267 343500 179810 343500 179810
483754 743928 483754 743928 344170 179707 344170 179707
479023 765055 479023 765055 339550 200858 339550 200858
477068 773786 477068 773786 334155 207996 334155 207996
457053 769014 457053 769014 321747 224410 321747 224410
443656 765820 443656 765820 309399 218310 309399 218310
432201 763089 432201 763089 297850 220611 297850 220611
422280 762714 422280 762714 288113 222551 288113 222551
398226 761804 398226 761804 294268 245822 294268 245822
397024 761759 397024 761759 295444 246075 295444 246075
397888 754684 397888 754684 302412 247572 302412 247572
395763 751237 395763 751237 306371 248423 306371 248423
392502 745949 392502 745949 312505 247439 312505 247439
389404 754257 389404 754257 321260 246034 321260 246034
388531 756596 388531 756596 321241 248531 321241 248531
378497 758785 378497 758785 321164 258800 321164 258800
371686 768000 371686 768000 321078 270259 321078 270259
371906 769793 371906 769793 321064 272065 321064 272065
373293 781123 373293 781123 316967 282719 316967 282719
379505 831836 379505 831836 289892 326048 289892 326048
369508 830964 369508 830964 284574 334558 284574 334558
361441 830260 361441 830260 276679 336358 276679 336358
351106 835121 351106 835121 265544 338898 265544 338898
347577 833118 347577 833118 261588 339800 261588 339800
352784 797742 352784 797742 226726 347751 226726 347751
360772 788274 360772 788274 214648 350505 214648 350505
356225 769546 356225 769546 195859 354790 195859 354790
351933 765133 351933 765133 189857 356159 189857 356159
324791 737221 324791 737221 210155 322936 210155 322936
311262 776332 311262 776332 231731 287621 231731 287621
296939 791220 296939 791220 242502 269992 242502 269992
272060 817080 272060 817080 216788 244961 216788 244961
272726 818365 272726 818365 215751 243952 215751 243952
292637 856797 292637 856797 240559 208483 240559 208483
292637 856797 292637 856797 242758 205339 242758 205339
292637 856797 292637 856797 231852 191830 231852 191830
292637 856797 292637 856797 233589 164200 233589 164200
