378542 775224 378542 775224 587091 796334 587091 796334
381414 740092 381414 740092 604933 765934 604933 765934
382017 732710 382017 732710 608632 759517 608632 759517
391127 738300 391127 738300 613969 750257 613969 750257
409635 749656 409635 749656 593928 741897 593928 741897
421461 749675 421461 749675 583014 737344 583014 737344
427414 749684 427414 749684 581702 731537 581702 731537
435688 744992 435688 744992 579605 722259 579605 722259
439432 742869 439432 742869 575302 722174 575302 722174
458822 762726 458822 762726 547554 721627 547554 721627
459159 763071 459159 763071 547162 721908 547162 721908
479910 776567 479910 776567 527027 736307 527027 736307
478921 780541 478921 780541 523696 738690 523696 738690
471499 810368 471499 810368 540520 764413 540520 764413
475669 816870 475669 816870 544748 770877 544748 770877
488358 836654 488358 836654 526790 786040 526790 786040
488441 836783 488441 836783 526701 786166 526701 786166
498438 830179 498438 830179 519785 795949 519785 795949
523326 813740 523326 813740 512516 767021 512516 767021
551415 795185 551415 795185 479805 774973 479805 774973
576639 775818 576639 775818 448903 782486 448903 782486
578275 774562 578275 774562 447305 781182 447305 781182
551502 774760 551502 774760 426559 764258 426559 764258
547990 764990 547990 764990 418515 757695 418515 757695
541676 747423 541676 747423 425908 740554 425908 740554
539188 740501 539188 740501 418826 742542 418826 742542
519960 736552 519960 736552 399927 747846 399927 747846
491127 730629 491127 730629 401018 718431 401018 718431
466591 745152 466591 745152 402075 689938 402075 689938
465309 745911 465309 745911 403559 689817 403559 689817
467888 737363 467888 737363 412458 689090 412458 689090
479353 699370 479353 699370 417113 649678 417113 649678
480382 695961 480382 695961 420488 650811 420488 650811
480812 688135 480812 688135 427918 653306 427918 653306
483995 666761 483995 666761 448404 660185 448404 660185
485301 657994 485301 657994 457118 661810 457118 661810
483700 651958 483700 651958 463257 662955 463257 662955
479962 637868 479962 637868 459438 677023 459438 677023
473019 630100 473019 630100 456708 687077 456708 687077
469403 626053 469403 626053 461013 690382 461013 690382
468146 624647 468146 624647 461571 692184 461571 692184
457156 630739 457156 630739 465285 704188 465285 704188
452299 633431 452299 633431 462973 709237 462973 709237
450967 623540 450967 623540 458819 718311 458819 718311
447132 595074 447132 595074 472411 743615 472411 743615
445570 583481 445570 583481 472846 731925 472846 731925
432245 577648 432245 577648 473386 717390 473386 717390
434212 563202 434212 563202 473928 702820 473928 702820
435060 556966 435060 556966 475502 696727 475502 696727
437775 537026 437775 537026 494372 689733 494372 689733
440018 520546 440018 520546 496424 673229 496424 673229
461544 523785 461544 523785 499110 651627 499110 651627
470753 525171 470753 525171 493322 644331 493322 644331
500013 529574 500013 529574 493287 614741 493287 614741
513009 553488 513009 553488 493254 587524 493254 587524
523588 572953 523588 572953 506095 605577 506095 605577
509238 579542 509238 579542 515247 618444 515247 618444
505570 585482 505570 585482 519294 624133 519294 624133
505600 597244 505600 597244 526111 633718 526111 633718
505622 605878 505622 605878 524188 642135 524188 642135
493680 606920 493680 606920 521517 653821 521517 653821
499947 618572 499947 618572 518570 666719 518570 666719
503356 624911 503356 624911 525582 668343 525582 668343
508513 632374 508513 632374 534420 670390 534420 670390
516030 643253 516030 643253 535011 683600 535011 683600
522501 644923 522501 644923 535309 690276 535309 690276
531120 647147 531120 647147 534366 699127 534366 699127
544796 650677 544796 650677 546466 691841 546466 691841
568545 656806 568545 656806 569065 701373 569065 701373
571676 657614 571676 657614 571030 698804 571030 698804
583395 657585 583395 657585 578150 689496 578150 689496
598654 657547 598654 657547 593392 690211 593392 690211
587485 670132 587485 670132 610200 690999 610200 690999
574348 684936 574348 684936 624883 704271 624883 704271
594764 729786 594764 729786 661439 737316 661439 737316
595106 730536 595106 730536 661766 736559 661766 736559
604564 740958 604564 740958 667344 723638 667344 723638
605934 740435 605934 740435 667925 722292 667925 722292
611160 738441 611160 738441 662769 720123 662769 720123
619092 735414 619092 735414 658049 713066 658049 713066
649262 739252 649262 739252 641141 687786 641141 687786
656887 740222 656887 740222 640669 680114 640669 680114
655859 738000 655859 738000 640519 677670 640519 677670
646483 717738 646483 717738 619796 669362 619796 669362
641293 706520 641293 706520 623068 657443 623068 657443
643399 704685 643399 704685 623808 654749 623808 654749
663392 687271 663392 687271 620443 628450 620443 628450
682768 670395 682768 670395 597560 640138 597560 640138
682832 671865 682832 671865 596250 640807 596250 640807
683644 690553 683644 690553 583084 654094 583084 654094
683694 691703 683694 691703 582832 652970 582832 652970
689348 701520 689348 701520 580356 641915 580356 641915
695055 705487 695055 705487 578837 635133 578837 635133
730203 729921 730203 729921 603624 600234 603624 600234
736374 719599 736374 719599 610588 590429 610588 590429
747520 700959 747520 700959 631985 594154 631985 594154
742794 676796 742794 676796 656241 598377 656241 598377
736862 646462 736862 646462 682173 615195 682173 615195
732610 645232 732610 645232 685887 617603 685887 617603
708327 638205 708327 638205 678007 641623 678007 641623
700432 635921 700432 635921 677135 649795 677135 649795
681037 622029 681037 622029 674602 673517 674602 673517
676754 618961 676754 618961 678378 677191 678378 677191
677147 618557 677147 618557 678782 677584 678782 677584
690335 604979 690335 604979 695615 686241 695615 686241
697971 597117 697971 597117 699000 696665 699000 696665
713363 581270 713363 581270 720907 693817 720907 693817
712245 580236 712245 580236 722418 693621 722418 693621
690329 559968 690329 559968 704799 669524 704799 669524
676251 546949 676251 546949 723950 668561 723950 668561
672483 543465 672483 543465 728931 667327 728931 667327
650420 523060 650420 523060 758972 666511 758972 666511
643936 517064 643936 517064 767733 667623 767733 667623
636745 553657 636745 553657 804729 672321 804729 672321
624417 616394 624417 616394 748201 642447 748201 642447
623864 619209 623864 619209 745386 641891 745386 641891
606499 617824 606499 617824 728296 638517 728296 638517
597674 617120 597674 617120 720802 643231 720802 643231
573157 615164 573157 615164 724225 618876 724225 618876
554684 616593 554684 616593 726804 600528 726804 600528
556669 614720 556669 614720 727184 597825 727184 597825
564841 607008 564841 607008 736792 592000 736792 592000
575112 597316 575112 597316 725730 583221 725730 583221
572529 572235 572529 572235 705980 567548 705980 567548
569750 566445 569750 566445 700949 563556 700949 563556
559564 545219 559564 545219 683800 579687 683800 579687
555961 537711 555961 537711 682643 571440 682643 571440
538963 502302 538963 502302 677186 532543 677186 532543
531238 486208 531238 486208 689063 519215 689063 519215
515907 481177 515907 481177 699798 507169 699798 507169
507034 471315 507034 471315 708624 497265 708624 497265
502147 467777 502147 467777 712638 492761 712638 492761
496466 463663 496466 463663 705648 492182 705648 492182
498597 399938 498597 399938 642105 486914 642105 486914
480549 386235 480549 386235 619522 485042 619522 485042
441588 356653 441588 356653 634493 438470 634493 438470
413081 335009 413081 335009 661796 415326 661796 415326
400601 325533 400601 325533 646480 412016 646480 412016
363688 327443 363688 327443 610351 404210 610351 404210
362666 328599 362666 328599 608843 403884 608843 403884
349578 343412 349578 343412 622132 389251 622132 389251
345976 341132 345976 341132 624998 386095 624998 386095
336634 335217 336634 335217 629426 375963 629426 375963
320784 325182 320784 325182 634520 357908 634520 357908
315537 324131 315537 324131 635973 352758 635973 352758
297232 320463 297232 320463 617416 350719 617416 350719
253848 311903 253848 311903 573460 345890 573460 345890
240892 309347 240892 309347 565161 356162 565161 356162
223508 298562 223508 298562 552305 372076 552305 372076
185961 275268 185961 275268 508279 375829 508279 375829
176559 269435 176559 269435 499527 382598 499527 382598
165758 262734 165758 262734 510974 388124 510974 388124
223124 265055 223124 265055 562676 413086 562676 413086
246595 266005 246595 266005 541964 424168 541964 424168
265185 283241 265185 283241 519611 436128 519611 436128
276403 293642 276403 293642 505906 442925 505906 442925
291172 298932 291172 298932 491852 449895 491852 449895
293830 294459 293830 294459 487191 452207 487191 452207
309429 296277 309429 296277 473121 459184 473121 459184
311025 296701 311025 296701 471642 459918 471642 459918
326456 300802 326456 300802 455871 457423 455871 457423
341517 305811 341517 305811 440194 454943 440194 454943
340970 300267 340970 300267 434692 454073 434692 454073
338451 274759 338451 274759 412378 441459 412378 441459
345689 219845 345689 219845 364160 414203 364160 414203
346485 213805 346485 213805 367753 409283 367753 409283
347479 206268 347479 206268 375354 409451 375354 409451
347537 205826 347537 205826 375799 409470 375799 409470
351185 217780 351185 217780 388286 410013 388286 410013
371931 285766 371931 285766 453799 382435 453799 382435
374968 289607 374968 289607 458312 380535 458312 380535
381645 298052 381645 298052 458812 369781 458812 369781
413129 280138 413129 280138 460493 333597 460493 333597
425707 272981 425707 272981 473442 327135 473442 327135
425999 272815 425999 272815 473633 326859 473633 326859
435147 265654 435147 265654 480244 317305 480244 317305
485921 225907 485921 225907 415942 312500 415942 312500
494605 219109 494605 219109 421556 303008 421556 303008
497325 264613 497325 264613 444763 263772 444763 263772
498627 286400 498627 286400 465763 257826 465763 257826
540634 312760 540634 312760 513480 244314 513480 244314
567843 329834 567843 329834 513480 244314 513480 244314
647168 340206 647168 340206 513480 244314 513480 244314
673277 343620 673277 343620 513480 244314 513480 244314
715957 292330 715957 292330 513480 244314 513480 244314
709842 259411 709842 259411 513480 244314 513480 244314
729991 236078 729991 236078 513480 244314 513480 244314
714327 227666 714327 227666 513480 244314 513480 244314
701421 238453 701421 238453 513480 244314 513480 244314
687438 253704 687438 253704 513480 244314 513480 244314
676676 237728 676676 237728 513480 244314 513480 244314
644131 245363 644131 245363 513480 244314 513480 244314
685220 188000 685220 188000 513480 244314 513480 244314
691667 161101 691667 161101 513480 244314 513480 244314
751355 190713 751355 190713 513480 244314 513480 244314
743025 211702 743025 211702 513480 244314 513480 244314
769249 221352 769249 221352 513480 244314 513480 244314
804797 225537 804797 225537 513480 244314 513480 244314
862339 231164 862339 231164 513480 244314 513480 244314
843854 153329 843854 153329 513480 244314 513480 244314
836389 121895 836389 121895 513480 244314 513480 244314
