158495 663757 158495 663757 233291 790264 233291 790264
238081 655630 238081 655630 305157 825410 305157 825410
244990 654924 244990 654924 311396 828461 311396 828461
292120 650111 292120 650111 348525 857887 348525 857887
321203 647141 321203 647141 362995 832486 362995 832486
365366 624852 365366 624852 387481 789502 387481 789502
377630 618662 377630 618662 374239 785847 374239 785847
398078 608342 398078 608342 362520 766167 362520 766167
395522 605707 395522 605707 360642 763012 360642 763012
395564 605366 395564 605366 360466 762717 360466 762717
399565 572748 399565 572748 345056 733692 345056 733692
402138 551773 402138 551773 325809 724967 325809 724967
402648 547619 402648 547619 321624 725039 321624 725039
382409 522981 382409 522981 289744 725590 289744 725590
381854 522305 381854 522305 290507 725163 290507 725163
434717 513903 434717 513903 337201 698995 337201 698995
433946 513658 433946 513658 337907 698599 337907 698599
410234 506125 410234 506125 323955 678000 323955 678000
401895 484173 401895 484173 310786 658557 310786 658557
394657 470635 394657 470635 302177 645847 302177 645847
392923 467392 392923 467392 305676 646978 305676 646978
361567 456283 361567 456283 337330 657207 337330 657207
360352 456451 360352 456451 338497 657585 338497 657585
347024 451822 347024 451822 351922 661923 351922 661923
350676 455453 350676 455453 356823 663507 356823 663507
351305 457685 351305 457685 359029 664220 359029 664220
356964 477770 356964 477770 377732 673474 377732 673474
358459 483077 358459 483077 382094 670101 382094 670101
334598 503951 334598 503951 407172 650706 407172 650706
334450 513336 334450 513336 414596 644964 414596 644964
334185 530121 334185 530121 424068 658824 424068 658824
339644 558126 339644 558126 440166 682381 440166 682381
339200 558006 339200 558006 440425 682761 440425 682761
305510 548871 305510 548871 410954 701467 410954 701467
278291 541491 278291 541491 382945 704757 382945 704757
283543 538216 283543 538216 376797 705479 376797 705479
312526 520144 312526 520144 407775 719865 407775 719865
317028 513911 317028 513911 414748 723104 414748 723104
321376 507890 321376 507890 411408 729738 411408 729738
322774 505955 322774 505955 409464 731122 409464 731122
326840 493480 326840 493480 398775 738732 398775 738732
328332 487568 328332 487568 393808 742269 393808 742269
327800 483667 327800 483667 390601 744552 390601 744552
326520 474279 326520 474279 391697 753964 391697 753964
317164 473869 317164 473869 392780 763266 392780 763266
310326 473570 310326 473570 398477 759473 398477 759473
313180 467958 313180 467958 403718 755983 403718 755983
313525 466518 313525 466518 404950 755163 404950 755163
319685 440781 319685 440781 424582 772909 424582 772909
325631 428704 325631 428704 434569 781936 434569 781936
331310 417171 331310 417171 444488 773759 444488 773759
335285 412913 335285 412913 448983 770054 448983 770054
319574 399769 319574 399769 464789 757025 464789 757025
309105 391010 309105 391010 470566 744657 470566 744657
308661 391993 308661 391993 471022 743680 471022 743680
304142 402008 304142 402008 481385 747333 481385 747333
304072 408633 304072 408633 487633 749535 487633 749535
304050 410719 304050 410719 489719 749537 489719 749537
296860 427133 296860 427133 507639 749556 507639 749556
290989 443393 290989 443393 524926 749573 524926 749573
267438 442101 267438 442101 548513 749598 548513 749598
271821 435176 271821 435176 556708 749606 556708 749606
273018 433284 273018 433284 555099 748049 555099 748049
270851 387253 270851 387253 521981 716005 521981 716005
264508 385311 264508 385311 517214 711393 517214 711393
236937 385714 236937 385714 497398 692219 497398 692219
211519 386086 211519 386086 513001 672150 513001 672150
220920 372428 220920 372428 523178 659060 523178 659060
233311 354426 233311 354426 539986 645091 539986 645091
240178 322778 240178 322778 564891 624392 564891 624392
240339 322352 240339 322352 565242 624101 565242 624101
246894 305034 246894 305034 580260 613270 580260 613270
253060 297781 253060 297781 587981 607701 587981 607701
262928 283894 262928 283894 601799 597736 601799 597736
298704 233550 298704 233550 541803 612398 541803 612398
287317 273552 287317 273552 501401 622271 501401 622271
272262 326436 272262 326436 453673 594970 453673 594970
280313 330997 280313 330997 445641 590375 445641 590375
268720 353891 268720 353891 423365 577634 423365 577634
290445 366531 290445 366531 401548 565154 401548 565154
290886 366788 290886 366788 401969 564865 401969 564865
293705 375352 293705 375352 409404 559766 409404 559766
314360 366427 314360 366427 427960 547039 427960 547039
333526 371243 333526 371243 444257 535862 444257 535862
369942 380394 369942 380394 425187 503517 425187 503517
375716 381845 375716 381845 430921 501913 430921 501913
404681 396923 404681 396923 462368 493115 462368 493115
419290 404528 419290 404528 477599 486848 477599 486848
433942 390339 433942 390339 496461 479087 496461 479087
444989 379641 444989 379641 490542 464894 490542 464894
456338 415825 456338 415825 475947 429893 475947 429893
457697 415263 457697 415263 475381 428536 475381 428536
481319 405502 481319 405502 451399 437375 451399 437375
489754 408743 489754 408743 442920 440501 442920 440501
504099 438683 504099 438683 411770 451982 411770 451982
508132 447100 508132 447100 404106 457310 404106 457310
502147 453203 502147 453203 397088 462189 397088 462189
483474 472244 483474 472244 372079 452927 372079 452927
462450 467698 462450 467698 351907 445457 351907 445457
462673 487449 462673 487449 333385 438598 333385 438598
480270 515673 480270 515673 302194 427047 302194 427047
478526 520296 478526 520296 297561 425331 297561 425331
479412 522135 479412 522135 295647 424622 295647 424622
482768 522437 482768 522437 292487 423452 292487 423452
497972 523805 497972 523805 307589 421222 307589 421222
528727 529590 528727 529590 338548 416650 338548 416650
502748 548364 502748 548364 370256 411967 370256 411967
480709 566239 480709 566239 398328 407822 398328 407822
480565 566356 480565 566356 398386 407645 398386 407645
506464 571245 506464 571245 406607 382604 406607 382604
528132 575336 528132 575336 428018 387879 428018 387879
518226 592587 518226 592587 447333 392638 447333 392638
511557 604202 511557 604202 439704 381630 439704 381630
501291 622080 501291 622080 443520 361370 443520 361370
499302 625545 499302 625545 440097 359310 440097 359310
512551 644075 512551 644075 420579 347565 420579 347565
525180 661737 525180 661737 407920 329924 407920 329924
558030 707680 558030 707680 394571 275045 394571 275045
548615 724545 548615 724545 390006 256278 390006 256278
541426 731471 541426 731471 387647 246578 387647 246578
519501 752591 519501 752591 418064 247830 418064 247830
527210 779418 527210 779418 445953 248977 445953 248977
542024 830964 542024 830964 489601 217811 489601 217811
555234 828486 555234 828486 500540 210001 500540 210001
565351 826588 565351 826588 502587 220088 502587 220088
590022 831241 590022 831241 507581 244693 507581 244693
582329 844844 582329 844844 510689 260008 510689 260008
570484 865786 570484 865786 534520 263318 534520 263318
558298 887333 558298 887333 557619 272217 557619 272217
586925 890293 586925 890293 584475 282564 584475 282564
608862 892561 608862 892561 564704 292334 564704 292334
628621 894604 628621 894604 545409 297058 545409 297058
631477 891197 631477 891197 541091 298116 541091 298116
636266 887539 636266 887539 535238 299549 535238 299549
642904 882469 642904 882469 537399 307617 537399 307617
668464 862946 668464 862946 514119 329811 514119 329811
695375 842391 695375 842391 483710 344709 483710 344709
691448 841354 691448 841354 480062 346496 480062 346496
647819 829831 647819 829831 523790 357636 523790 357636
641806 816806 641806 816806 537692 361178 537692 361178
620249 770114 620249 770114 585031 341083 585031 341083
612841 754068 612841 754068 578430 357478 578430 357478
600056 726375 600056 726375 566121 385386 566121 385386
593515 725903 593515 725903 563474 391386 563474 391386
579509 724893 579509 724893 557634 404156 557634 404156
579668 693367 579668 693367 544522 432827 544522 432827
579920 643435 579920 643435 576516 471162 576516 471162
580079 611884 580079 611884 595149 445700 595149 445700
601717 595875 601717 595875 611045 423979 611045 423979
616142 585203 616142 585203 612439 406089 612439 406089
596928 582064 596928 582064 613951 386679 613951 386679
587637 565545 587637 565545 615422 367784 615422 367784
579362 561826 579362 561826 616127 358739 616127 358739
564912 555332 564912 555332 631696 361670 631696 361670
565760 553215 565760 553215 633937 362092 633937 362092
575684 528417 575684 528417 659638 369364 659638 369364
605411 454145 605411 454145 694378 441427 694378 441427
607680 448476 607680 448476 697030 446928 697030 446928
610398 441685 610398 441685 703200 450857 703200 450857
613914 437617 613914 437617 707735 453745 707735 453745
634491 413812 634491 413812 739091 451120 739091 451120
629491 409653 629491 409653 745572 450578 745572 450578
595408 381299 595408 381299 769888 413506 769888 413506
588778 375783 588778 375783 767788 405141 767788 405141
586389 350323 586389 350323 761562 380339 761562 380339
582700 334199 582700 334199 757535 364296 757535 364296
579498 320205 579498 320205 771538 367458 771538 367458
585470 324563 585470 324563 778750 369086 778750 369086
633921 359917 633921 359917 801489 313585 801489 313585
641814 365677 641814 365677 792166 310660 792166 310660
672701 396789 672701 396789 750336 297539 750336 297539
680469 404613 680469 404613 739538 299769 739538 299769
683984 408154 683984 408154 734699 300985 734699 300985
695864 397198 695864 397198 719026 304924 719026 304924
717735 377027 717735 377027 707015 277703 707015 277703
731411 364414 731411 364414 725589 278753 725589 278753
748033 349084 748033 349084 744204 291589 744204 291589
758582 339355 758582 339355 758052 287822 758052 287822
757925 338632 757925 338632 758994 287566 758994 287566
741027 320031 741027 320031 768956 264494 768956 264494
734048 312349 734048 312349 777220 258214 777220 258214
711059 309681 711059 309681 795646 244212 795646 244212
705367 309020 705367 309020 795289 238492 795289 238492
667122 321730 667122 321730 792776 198269 792776 198269
662969 323110 662969 323110 788791 200078 788791 200078
661285 258540 661285 258540 729975 226776 729975 226776
661128 252517 661128 252517 724725 223821 724725 223821
691228 239187 691228 239187 696036 207675 696036 207675
698880 235798 698880 235798 687916 209701 687916 209701
718244 227222 718244 227222 666913 212416 666913 212416
726024 223777 726024 223777 658566 210766 658566 210766
756746 210171 756746 210171 672024 241553 672024 241553
763702 207091 763702 207091 664577 243105 664577 243105
763702 207091 763702 207091 626952 250947 626952 250947
763702 207091 763702 207091 594548 204960 594548 204960
763702 207091 763702 207091 620599 184666 620599 184666
763702 207091 763702 207091 605683 158665 605683 158665
763702 207091 763702 207091 602413 133902 602413 133902
763702 207091 763702 207091 680159 152759 680159 152759
763702 207091 763702 207091 697647 157001 697647 157001
763702 207091 763702 207091 717976 155932 717976 155932
763702 207091 763702 207091 730538 135195 730538 135195
