826366 774771 826366 774771 789413 807114 789413 807114
759742 771926 759742 771926 770937 743040 770937 743040
733305 770797 733305 770797 778116 717571 778116 717571
689660 768417 689660 768417 789974 675501 789974 675501
687989 768326 687989 768326 788346 675111 788346 675111
722333 725046 722333 725046 734620 662221 734620 662221
734607 709578 734607 709578 721395 676884 721395 676884
747483 693353 747483 693353 704153 688363 704153 688363
747954 692759 747954 692759 703395 688344 703395 688344
754643 684779 754643 684779 692986 688089 692986 688089
762786 675063 762786 675063 680416 689738 680416 689738
769463 667097 769463 667097 687349 681994 687349 681994
716605 655348 716605 655348 723468 641653 723468 641653
691928 668511 691928 668511 742124 620816 742124 620816
690710 664555 690710 664555 744885 617732 744885 617732
685071 646248 685071 646248 764004 616546 764004 616546
672937 638999 672937 638999 778111 615672 778111 615672
679446 624827 679446 624827 793677 614706 793677 614706
681368 626000 681368 626000 795924 614567 795924 614567
697130 635620 697130 635620 780252 604801 780252 604801
707982 629015 707982 629015 769470 598083 769470 598083
719421 622053 719421 622053 756173 596497 756173 596497
753251 601463 753251 601463 744603 558621 744603 558621
781604 591890 781604 591890 735860 530001 735860 530001
781816 584912 781816 584912 733821 523325 733821 523325
783144 541296 783144 541296 690185 523367 690185 523367
780301 528645 780301 528645 677218 523379 677218 523379
859535 517601 859535 517601 597218 523455 597218 523455
861880 517274 861880 517274 594850 523457 594850 523457
859628 495633 859628 495633 573093 523478 573093 523478
856463 465206 856463 465206 587379 496427 587379 496427
856153 462230 856153 462230 586907 493472 586907 493472
854425 445619 854425 445619 591308 477362 591308 477362
851760 420009 851760 420009 597648 452407 597648 452407
844644 416020 844644 416020 599657 444500 599657 444500
841356 414177 841356 414177 596544 442375 596544 442375
820698 402598 820698 402598 581470 424110 581470 424110
793607 387414 793607 387414 612187 419535 612187 419535
795483 384927 795483 384927 615268 419076 615268 419076
801513 376933 801513 376933 625055 421194 625055 421194
830711 338221 830711 338221 658376 385968 658376 385968
776179 331084 776179 331084 696170 346014 696170 346014
764194 329516 764194 329516 690754 335209 690754 335209
738785 316678 738785 316678 677997 309759 677997 309759
699357 296757 699357 296757 641615 334814 641615 334814
629357 261388 629357 261388 591499 395141 591499 395141
627662 260532 627662 260532 591823 393270 591823 393270
614082 254892 614082 254892 594329 378780 594329 378780
585789 243141 585789 243141 580052 351674 580052 351674
560675 232710 560675 232710 555658 339654 555658 339654
531187 220463 531187 220463 538518 312715 538518 312715
512047 212513 512047 212513 519085 319919 519085 319919
483142 266782 483142 266782 461432 341290 461432 341290
465562 299788 465562 299788 439351 371471 439351 371471
462564 305417 462564 305417 436583 377217 436583 377217
439683 318749 439683 318749 425092 401076 425092 401076
443064 325652 443064 325652 421757 408001 421757 408001
442661 325557 442661 325557 421577 408374 421577 408374
396502 314670 396502 314670 469002 408462 469002 408462
391071 302191 391071 302191 482612 408488 482612 408488
386761 319478 386761 319478 500428 408521 500428 408521
398905 326700 398905 326700 514557 408547 514557 408547
437643 349738 437643 349738 484267 441922 484267 441922
437957 371852 437957 371852 469403 458299 469403 458299
451163 369936 451163 369936 460435 468181 460435 468181
503252 362378 503252 362378 494665 508164 494665 508164
517355 360332 517355 360332 481057 512395 481057 512395
534614 432569 534614 432569 410136 534447 410136 534447
613718 444509 613718 444509 333744 558200 333744 558200
634751 447684 634751 447684 313432 564516 313432 564516
689780 455990 689780 455990 306905 619785 306905 619785
711021 489892 711021 489892 302213 659515 302213 659515
685114 518920 685114 518920 297650 698154 297650 698154
663074 507925 663074 507925 294761 722614 294761 722614
662090 510184 662090 510184 294472 725061 294472 725061
655086 526267 655086 526267 311891 727135 311891 727135
647819 542955 647819 542955 320138 743362 320138 743362
613681 562776 613681 562776 338023 778553 338023 778553
605142 567734 605142 567734 330193 784568 330193 784568
612471 587121 612471 587121 313756 797193 313756 797193
621130 610026 621130 610026 292587 784885 292587 784885
637530 606928 637530 606928 278158 776496 278158 776496
639236 611877 639236 611877 273633 773865 273633 773865
648345 638301 648345 638301 263102 747975 263102 747975
620290 656547 620290 656547 250493 716974 250493 716974
624099 666818 624099 666818 246366 706827 246366 706827
629727 681997 629727 681997 232977 715927 232977 715927
629731 682007 629731 682007 232974 715937 232974 715937
607905 675865 607905 675865 226256 737593 226256 737593
583151 689703 583151 689703 217854 764679 217854 764679
571776 696061 571776 696061 229914 769616 229914 769616
571834 698785 571834 698785 232436 770648 232436 770648
572390 725073 572390 725073 224165 795607 224165 795607
574191 735390 574191 735390 220870 805548 220870 805548
578787 761716 578787 761716 214097 831400 214097 831400
522295 747207 522295 747207 199315 887821 199315 887821
490626 739073 490626 739073 195383 855362 195383 855362
444002 727099 444002 727099 177061 810848 177061 810848
415156 719690 415156 719690 148331 803001 148331 803001
411440 709641 411440 709641 137995 800178 137995 800178
411910 700813 411910 700813 129467 797849 129467 797849
411587 707049 411587 707049 123443 796204 123443 796204
408936 758150 408936 758150 80480 768411 80480 768411
410730 765827 410730 765827 73860 764129 73860 764129
416293 789631 416293 789631 98305 764270 98305 764270
413585 802600 413585 802600 111553 764346 111553 764346
380192 792181 380192 792181 146533 764547 146533 764547
376976 791178 376976 791178 145360 761388 145360 761388
367327 793621 367327 793621 141896 752057 141896 752057
353997 803643 353997 803643 136091 736423 136091 736423
344875 810502 344875 810502 140437 725870 140437 725870
342330 812415 342330 812415 143518 725066 143518 725066
370580 780793 370580 780793 184546 714355 184546 714355
372008 776360 372008 776360 189052 713178 189052 713178
374141 769740 374141 769740 195962 712392 195962 712392
377708 758666 377708 758666 192791 701198 192791 701198
357119 752505 357119 752505 186934 680520 186934 680520
349505 750226 349505 750226 179024 679748 179024 679748
358632 741909 358632 741909 166734 678550 166734 678550
363290 734710 363290 734710 158200 677717 158200 677717
369087 725750 369087 725750 153229 668274 153229 668274
363762 727420 363762 727420 150629 663336 150629 663336
341740 714167 341740 714167 138656 640592 138656 640592
353974 701958 353974 701958 130605 625298 130605 625298
377029 638533 377029 638533 99168 565583 99168 565583
314763 659517 314763 659517 68560 507440 68560 507440
306492 658973 306492 658973 64699 500106 64699 500106
282866 657056 282866 657056 53657 479131 53657 479131
282865 657099 282865 657099 53637 479093 53637 479093
282328 673235 282328 673235 59181 463930 59181 463930
271406 710525 271406 710525 72523 427435 72523 427435
240513 732715 240513 732715 85583 391711 85583 391711
257456 675593 257456 675593 106042 335752 106042 335752
250269 623827 250269 623827 123987 286667 123987 286667
245029 586083 245029 586083 158528 302759 158528 302759
278020 563790 278020 563790 194621 319574 194621 319574
303025 546893 303025 546893 219807 302949 219807 302949
305497 549137 305497 549137 222593 301110 222593 301110
338612 579195 338612 579195 259354 326581 259354 326581
338471 574614 338471 574614 263121 329191 263121 329191
337643 547759 337643 547759 285626 343867 285626 343867
337506 543306 337506 543306 290027 343173 290027 343173
335732 510086 335732 510086 322888 337990 322888 337990
333827 474417 333827 474417 332586 303612 332586 303612
333314 464828 333314 464828 326482 296198 326482 296198
331788 436255 331788 436255 338636 270294 338636 270294
330465 411486 330465 411486 359882 257493 359882 257493
329708 397305 329708 397305 353074 245030 353074 245030
328044 366152 328044 366152 327377 262720 327377 262720
330955 348781 330955 348781 312869 272707 312869 272707
340644 338717 340644 338717 301362 280628 301362 280628
337187 335646 337187 335646 297553 283250 297553 283250
328107 327580 328107 327580 290251 273545 290251 273545
327284 326268 327284 326268 289320 272307 289320 272307
315898 308121 315898 308121 268514 267203 268514 267203
307103 294104 307103 294104 266940 250730 266940 250730
295888 294120 295888 294120 265873 239566 265873 239566
293556 294123 293556 294123 263650 240271 263650 240271
267915 304073 267915 304073 237432 248581 237432 248581
260661 306888 260661 306888 238167 256328 238167 256328
270603 287447 270603 287447 240228 278066 240228 278066
279638 269779 279638 269779 224520 265941 224520 265941
282568 264049 282568 264049 219889 261471 219889 261471
294462 262908 294462 262908 211293 253172 211293 253172
298966 262476 298966 262476 206818 252502 206818 252502
302725 262116 302725 262116 206713 256277 206713 256277
304855 269280 304855 269280 206506 263747 206506 263747
308210 280566 308210 280566 204187 275291 204187 275291
313219 280588 313219 280588 203200 280202 203200 280202
321327 280624 321327 280624 198590 273532 198590 273532
327938 290027 327938 290027 192055 264076 192055 264076
328285 290025 328285 290025 191858 263791 191858 263791
333556 289989 333556 289989 194147 259042 194147 259042
344569 289913 344569 289913 192286 248187 192286 248187
355362 289840 355362 289840 181927 245157 181927 245157
358455 289819 358455 289819 182091 242068 182091 242068
363509 289784 363509 289784 186923 240586 186923 240586
353257 277693 353257 277693 202078 235939 202078 235939
343755 266487 343755 266487 213845 227140 213845 227140
343393 263829 343393 263829 215993 225534 215993 225534
340498 242588 340498 242588 237282 223016 237282 223016
337315 219226 337315 219226 246316 201237 246316 201237
337028 217120 337028 217120 244247 201723 244247 201723
344575 194662 344575 194662 221182 207137 221182 207137
344527 194648 344527 194648 221133 207149 221133 207149
319196 187105 319196 187105 215004 181440 215004 181440
291619 178893 291619 178893 201236 206706 201236 206706
282709 176240 282709 176240 196489 214700 196489 214700
276648 174435 276648 174435 191965 210282 191965 210282
281207 197056 281207 197056 175455 194159 175455 194159
284880 215278 284880 215278 159146 203077 159146 203077
277858 219086 277858 219086 152137 206909 152137 206909
259731 228917 259731 228917 154056 227441 154056 227441
244522 237165 244522 237165 136782 228407 136782 228407
241613 238743 241613 238743 133553 227680 133553 227680
229724 245596 229724 245596 120165 224667 120165 224667
212619 239391 212619 239391 102414 220671 102414 220671
153630 217990 153630 217990 102414 220671 102414 220671
208533 194220 208533 194220 102414 220671 102414 220671
224234 115776 224234 115776 102414 220671 102414 220671
224870 112601 224870 112601 102414 220671 102414 220671
166226 153598 166226 153598 102414 220671 102414 220671
