912474 560975 912474 560975 816978 489932 816978 489932
857860 555644 857860 555644 804900 436404 804900 436404
818134 551767 818134 551767 790918 399018 790918 399018
816480 550629 816480 550629 790215 397138 790215 397138
798522 538281 798522 538281 769424 390604 769424 390604
770294 518869 770294 518869 758909 423209 758909 423209
762064 513209 762064 513209 760131 433122 760131 433122
743765 498039 743765 498039 763039 456713 763039 456713
718866 477397 718866 477397 747384 485015 747384 485015
733904 448450 733904 448450 731594 513559 731594 513559
740569 428276 740569 428276 721310 532150 721310 532150
750828 431803 750828 431803 716059 541643 716059 541643
753740 432694 753740 432694 714585 544308 714585 544308
764055 435852 764055 435852 704021 542122 704021 542122
773752 440872 773752 440872 693329 539909 693329 539909
778660 431461 778660 431461 682935 537758 682935 537758
790012 429415 790012 429415 671639 535421 671639 535421
804230 430292 804230 430292 657690 532534 657690 532534
810723 430693 810723 430693 651461 534412 651461 534412
807092 433414 807092 433414 647117 535722 647117 535722
791175 445343 791175 445343 655477 553771 655477 553771
789942 464597 789942 464597 663585 571278 663585 571278
789101 467677 789101 467677 664927 574175 664927 574175
784877 483157 784877 483157 661847 589922 661847 589922
797518 476859 797518 476859 659135 603783 659135 603783
797563 476794 797563 476794 659120 603860 659120 603860
803621 468133 803621 468133 666690 611237 666690 611237
808079 464859 808079 464859 670651 615097 670651 615097
823722 453368 823722 453368 689920 612759 689920 612759
829570 466928 829570 466928 704579 610981 704579 610981
833428 475872 833428 475872 711688 604322 711688 604322
834232 477736 834232 477736 712054 606319 712054 606319
844232 480775 844232 480775 713936 616600 713936 616600
842489 499351 842489 499351 717297 634952 717297 634952
846619 495052 846619 495052 718371 640816 718371 640816
849528 490856 849528 490856 719290 645838 719290 645838
859271 484495 859271 484495 721386 657284 721386 657284
868701 485916 868701 485916 723104 666664 723104 666664
872479 481868 872479 481868 724101 672111 724101 672111
894834 457911 894834 457911 691413 674376 691413 674376
895726 456955 895726 456955 690673 673297 690673 673297
878324 457339 878324 457339 680830 658942 680830 658942
864500 457644 864500 457644 672100 669665 672100 669665
856271 446324 856271 446324 663264 680518 663264 680518
847295 433976 847295 433976 656949 666619 656949 666619
845840 431975 845840 431975 654490 666885 654490 666885
842790 425455 842790 425455 647333 667659 647333 667659
832820 404146 832820 404146 633231 686490 633231 686490
828776 395502 828776 395502 625464 680945 625464 680945
823066 392129 823066 392129 620067 677091 620067 677091
817654 398277 817654 398277 613401 672332 613401 672332
810679 406201 810679 406201 604925 678625 604925 678625
804797 412884 804797 412884 602361 670100 602361 670100
803853 405885 803853 405885 600326 663337 600326 663337
792943 393376 792943 393376 595545 647442 595545 647442
783077 382063 783077 382063 596163 632444 596163 632444
780010 366326 780010 366326 596824 616424 596824 616424
775098 341127 775098 341127 617151 632106 617151 632106
774011 335551 774011 335551 621980 635098 621980 635098
765399 347513 765399 347513 634510 642860 634510 642860
751993 366134 751993 366134 646861 623523 646861 623523
728122 399291 728122 399291 616637 596033 616637 596033
730309 407938 730309 407938 610039 590031 610039 590031
731346 412034 731346 412034 612699 586748 612699 586748
733567 420815 733567 420815 605837 580836 605837 580836
718512 433706 718512 433706 590821 567899 590821 567899
713475 438019 713475 438019 593955 562056 593955 562056
701693 421505 701693 421505 603544 544179 603544 544179
679520 429465 679520 429465 614680 523419 614680 523419
656775 437631 656775 437631 602974 502276 602974 502276
620519 450647 620519 450647 623438 469640 623438 469640
629885 432670 629885 432670 634207 452467 634207 452467
632553 427548 632553 427548 628913 450158 628913 450158
621514 399449 621514 399449 601242 438086 601242 438086
626637 390124 626637 390124 591490 433832 591490 433832
637135 371015 637135 371015 569691 434217 569691 434217
624493 373426 624493 373426 556823 434444 556823 434444
585552 380851 585552 380851 551923 395105 551923 395105
576303 382615 576303 382615 551788 385691 551788 385691
556267 405180 556267 405180 551356 355517 551356 355517
565214 411239 565214 411239 551201 344713 551201 344713
586256 425489 586256 425489 551670 319304 551670 319304
597329 432987 597329 432987 538723 315958 538723 315958
570395 443464 570395 443464 510742 308726 510742 308726
564186 446713 564186 446713 503957 306973 503957 306973
543924 457316 543924 457316 483279 297206 483279 297206
556316 481625 556316 481625 458607 285553 458607 285553
557655 484251 557655 484251 458665 288500 458665 288500
595577 493034 595577 493034 459436 327418 459436 327418
598495 493710 598495 493710 461369 329706 461369 329706
602397 524948 602397 524948 481682 353756 481682 353756
624444 525996 624444 525996 495925 370618 495925 370618
649177 527171 649177 527171 503831 394083 503831 394083
653303 527367 653303 527367 506731 397024 506731 397024
642498 543826 642498 543826 520553 411045 520553 411045
635262 554848 635262 554848 510758 419872 510758 419872
628185 565627 628185 565627 500203 427279 500203 427279
618071 581034 618071 581034 482957 420781 482957 420781
608219 596040 608219 596040 470604 407756 470604 407756
574795 646952 574795 646952 495526 463326 495526 463326
561539 667144 561539 667144 490366 486923 490366 486923
550339 684204 550339 684204 501191 504224 501191 504224
522744 726237 522744 726237 458078 530099 458078 530099
520533 729605 520533 729605 454162 529153 454162 529153
498062 734724 498062 734724 431760 523741 431760 523741
501225 752656 501225 752656 414060 519465 414060 519465
505345 776012 505345 776012 426682 539544 426682 539544
507101 773676 507101 773676 428237 542018 428237 542018
509388 772750 509388 772750 429550 544107 429550 544107
509693 772829 509693 772829 429718 544374 429718 544374
535228 779461 535228 779461 410641 562597 410641 562597
539484 780567 539484 780567 414859 563839 414859 563839
563106 780955 563106 780955 437522 570514 437522 570514
576975 779093 576975 779093 450945 574468 450945 574468
580937 778027 580937 778027 454881 575627 454881 575627
585901 776691 585901 776691 453386 580546 453386 580546
607840 826307 607840 826307 437613 632452 437613 632452
587542 817816 587542 817816 431216 653504 431216 653504
559560 806112 559560 806112 401922 645640 401922 645640
557930 805430 557930 805430 402781 647184 402781 647184
552018 798796 552018 798796 407103 654948 407103 654948
546825 792968 546825 792968 403095 661646 403095 661646
535026 798874 535026 798874 396320 672969 396320 672969
534832 798971 534832 798971 396104 672956 396104 672956
533692 798083 533692 798083 394661 672869 394661 672869
524051 832006 524051 832006 359458 670753 359458 670753
519239 838179 519239 838179 351645 670283 351645 670283
517747 840093 517747 840093 350183 668346 350183 668346
444645 839398 444645 839398 306147 609993 306147 609993
442393 839377 442393 839377 307173 607988 307173 607988
437173 825417 437173 825417 313961 594719 313961 594719
414723 765379 414723 765379 346630 539571 346630 539571
404894 739093 404894 739093 323597 523538 323597 523538
380775 674591 380775 674591 358867 464392 358867 464392
368046 667507 368046 667507 366328 451881 366328 451881
349736 657317 349736 657317 345380 451354 345380 451354
343988 653356 343988 653356 338401 451179 338401 451179
342743 652498 342743 652498 337029 451814 337029 451814
339849 627655 339849 627655 314334 462325 314334 462325
331355 619281 331355 619281 303511 467338 303511 467338
343486 604509 343486 604509 286166 475371 286166 475371
346398 600962 346398 600962 285333 470858 285333 470858
348594 598288 348594 598288 284069 467637 284069 467637
311422 604530 311422 604530 270299 432550 270299 432550
305818 593774 305818 593774 265868 421260 265868 421260
305105 593495 305105 593495 265588 420547 265588 420547
298535 590923 298535 590923 272643 420622 272643 420622
292572 589529 292572 589529 278766 420687 278766 420687
296078 587308 296078 587308 282916 420731 282916 420731
306923 582694 306923 582694 294701 420857 294701 420857
306959 582681 306959 582681 294740 420857 294740 420857
319527 578121 319527 578121 302034 409653 302034 409653
326735 574621 326735 574621 306406 402938 306406 402938
300856 561940 300856 561940 322129 378786 322129 378786
253906 554951 253906 554951 348026 339005 348026 339005
264783 550084 264783 550084 354527 329019 354527 329019
287543 539901 287543 539901 330075 333902 330075 333902
329303 541456 329303 541456 289095 342086 289095 342086
337579 530205 337579 530205 275399 344821 275399 344821
337227 517792 337227 517792 263221 347253 263221 347253
336521 492846 336521 492846 242745 332987 242745 332987
317955 495716 317955 495716 227330 322248 227330 322248
300663 498389 300663 498389 226635 339731 226635 339731
294748 494434 294748 494434 226352 346841 226352 346841
264446 474171 264446 474171 189900 346702 189900 346702
261462 473168 261462 473168 186752 346690 186752 346690
257661 471890 257661 471890 186684 350700 186684 350700
256683 473149 256683 473149 186657 352294 186657 352294
236157 499565 236157 499565 172719 382705 172719 382705
231092 506084 231092 506084 166041 377851 166041 377851
226908 499823 226908 499823 159950 373423 159950 373423
222965 493922 222965 493922 153096 375264 153096 375264
204578 466405 204578 466405 121660 385610 121660 385610
203448 464714 203448 464714 122640 387392 122640 387392
228416 452102 228416 452102 136117 411904 136117 411904
228513 452053 228513 452053 136205 411968 136205 411968
253884 407621 253884 407621 177699 441904 177699 441904
258036 400349 258036 400349 177521 433532 177521 433532
260743 395609 260743 395609 182376 431038 182376 431038
261850 393670 261850 393670 182321 428806 182321 428806
278126 388983 278126 388983 181902 411874 181902 411874
298310 383171 298310 383171 196917 397186 196917 397186
304991 381248 304991 381248 194190 390791 194190 390791
312575 379064 312575 379064 190958 383591 190958 383591
340030 371158 340030 371158 214824 367884 214824 367884
340891 370910 340891 370910 215420 368553 215420 368553
338923 348795 338923 348795 230185 385135 230185 385135
337629 334264 337629 334264 225780 399042 225780 399042
334783 302282 334783 302282 210036 427025 210036 427025
332096 272093 332096 272093 240144 423544 240144 423544
331795 268712 331795 268712 238628 426581 238628 426581
329431 242154 329431 242154 249031 451131 249031 451131
329358 241337 329358 241337 248687 451876 248687 451876
296873 240590 296873 240590 235067 481377 235067 481377
264252 239839 264252 239839 202792 486174 202792 486174
266244 268380 266244 268380 174492 490381 174492 490381
268994 307769 268994 307769 135205 494325 135205 494325
228173 327983 228173 327983 89881 498874 89881 498874
191028 346377 191028 346377 89881 498874 89881 498874
