232874 534263 232874 534263 810862 874705 810862 874705
248304 532152 248304 532152 798216 865615 798216 865615
264823 529893 264823 529893 782547 871312 782547 871312
267110 529580 267110 529580 782749 869013 782749 869013
257876 555237 257876 555237 785132 841849 785132 841849
266052 579411 266052 579411 787363 816427 787363 816427
273743 602152 273743 602152 807910 804012 807910 804012
276014 601206 276014 601206 810015 802740 810015 802740
292249 594447 292249 594447 812455 785324 812455 785324
316622 606998 316622 606998 816260 758175 816260 758175
314540 599072 314540 599072 817397 750059 817397 750059
305978 566480 305978 566480 785196 740128 785196 740128
351379 579281 351379 579281 740120 726226 740120 726226
350846 594754 350846 594754 725325 721663 725325 721663
350601 601868 350601 601868 723071 728415 723071 728415
351106 607935 351106 607935 721142 734189 721142 734189
341946 642453 341946 642453 709831 768063 709831 768063
339856 650330 339856 650330 703939 773693 703939 773693
371868 635188 371868 635188 678334 798157 678334 798157
376812 635676 376812 635676 674742 801589 674742 801589
397628 637733 397628 637733 691541 814051 691541 814051
412224 639175 412224 639175 689942 828631 689942 828631
442205 608934 442205 608934 685300 870961 685300 870961
465336 585604 465336 585604 654708 858983 654708 858983
472818 578057 472818 578057 647432 851238 647432 851238
504982 548626 504982 548626 617580 819464 617580 819464
511585 542584 511585 542584 614993 810896 614993 810896
540035 547093 540035 547093 606666 783321 606666 783321
559686 550207 559686 550207 615867 765680 615867 765680
557059 546199 557059 546199 618083 761430 618083 761430
546098 529476 546098 529476 619192 741466 619192 741466
529780 504578 529780 504578 638402 764207 638402 764207
525803 498511 525803 498511 637500 757009 637500 757009
522998 494231 522998 494231 639736 752406 639736 752406
524939 492112 524939 492112 640991 749821 640991 749821
530970 485524 530970 485524 646042 742455 646042 742455
535807 480241 535807 480241 652324 745896 652324 745896
535676 468495 535676 468495 662627 751539 662627 751539
535566 458713 535566 458713 670588 757224 670588 757224
536354 458142 536354 458142 671380 757789 671380 757789
549128 448878 549128 448878 666861 742670 666861 742670
535861 431594 535861 431594 660621 721794 660621 721794
513479 402437 513479 402437 679916 690508 679916 690508
500734 385833 500734 385833 659443 686152 659443 686152
499274 398468 499274 398468 647002 683505 647002 683505
493910 444891 493910 444891 600349 680796 600349 680796
497828 454818 497828 454818 589695 680177 589695 680177
499012 454038 499012 454038 588279 680095 588279 680095
507697 448315 507697 448315 589184 669734 589184 669734
515045 464653 515045 464653 590743 651887 590743 651887
504977 474797 504977 474797 591987 637650 591987 637650
490143 504574 490143 504574 594882 604508 594882 604508
473144 510505 473144 510505 596449 586573 596449 586573
433638 524288 433638 524288 563643 612544 563643 612544
428628 531265 428628 531265 556909 617876 556909 617876
415116 550079 415116 550079 533860 615574 533860 615574
407540 553259 407540 553259 525685 614757 525685 614757
391952 506170 391952 506170 476328 609828 476328 609828
385520 486741 385520 486741 482666 629288 482666 629288
385112 485509 385112 485509 481940 630363 481940 630363
363659 471150 363659 471150 467499 651761 467499 651761
358799 467897 358799 467897 461776 650557 461776 650557
353264 464192 353264 464192 455749 653392 455749 653392
326321 446159 326321 446159 453669 685746 453669 685746
328945 425915 328945 425915 452360 706118 452360 706118
333385 391651 333385 391651 467266 737287 467266 737287
336065 370973 336065 370973 488099 736411 488099 736411
363235 374891 363235 374891 515526 735257 515526 735257
380021 377312 380021 377312 501585 744914 501585 744914
399868 386469 399868 386469 483617 757361 483617 757361
404090 382697 404090 382697 478963 760585 478963 760585
424073 364843 424073 364843 494180 782642 494180 782642
425009 364007 425009 364007 494233 783896 494233 783896
426185 342362 426185 342362 495154 805553 495154 805553
404703 335760 404703 335760 496108 828007 496108 828007
398383 333425 398383 333425 496394 834738 496394 834738
392209 338596 392209 338596 496736 842784 496736 842784
384777 329067 384777 329067 497249 854858 497249 854858
401089 308051 401089 308051 498378 881437 498378 881437
396217 293845 396217 293845 499016 896442 499016 896442
386868 266584 386868 266584 476507 878444 476507 878444
411956 288728 411956 288728 450372 857546 450372 857546
434938 309014 434938 309014 434819 831130 434819 831130
456462 350731 456462 350731 411002 790679 411002 790679
485547 348480 485547 348480 396201 765540 396201 765540
480319 327452 480319 327452 385207 746868 385207 746868
470138 286502 470138 286502 416655 718734 416655 718734
473506 282058 473506 282058 420811 715016 420811 715016
493877 255180 493877 255180 432161 683258 432161 683258
489375 239409 489375 239409 437681 667814 437681 667814
483641 219322 483641 219322 432104 647683 432104 647683
501705 197417 501705 197417 424523 620321 424523 620321
502997 188816 502997 188816 422201 611939 422201 611939
505088 174895 505088 174895 416507 599065 416507 599065
511722 167259 511722 167259 412415 589814 412415 589814
517342 160790 517342 160790 408380 582254 408380 582254
543594 178115 543594 178115 393570 554505 393570 554505
548437 181311 548437 181311 390903 549352 390903 549352
578411 201093 578411 201093 377427 516063 377427 516063
555740 220452 555740 220452 366241 488430 366241 488430
538099 235516 538099 235516 378817 468936 378817 468936
537730 235831 537730 235831 378822 468451 378822 468451
532156 251949 532156 251949 379003 451398 379003 451398
512005 310215 512005 310215 436992 430464 436992 430464
531731 325792 531731 325792 460634 421929 460634 421929
561109 348992 561109 348992 496916 431143 496916 431143
561154 349028 561154 349028 496972 431156 496972 431156
571765 329600 571765 329600 518572 436005 518572 436005
585402 304631 585402 304631 505482 410746 505482 410746
586487 285041 586487 285041 496454 393326 496454 393326
586601 282986 586601 282986 497232 391420 497232 391420
587677 263568 587677 263568 483778 377377 483778 377377
599955 258007 599955 258007 474454 367644 474454 367644
639369 240155 639369 240155 432932 379811 432932 379811
649180 209773 649180 209773 402293 388789 402293 388789
655308 190797 655308 190797 382464 386683 382464 386683
657523 189783 657523 189783 380041 386426 380041 386426
699856 170398 699856 170398 335503 372854 335503 372854
715599 170782 715599 170782 320439 368263 320439 368263
710104 182335 710104 182335 308201 364534 308201 364534
676419 253153 676419 253153 311845 442870 311845 442870
670323 250682 670323 250682 312151 449440 312151 449440
659410 246259 659410 246259 312002 461215 312002 461215
632552 273908 632552 273908 311514 499758 311514 499758
626301 280342 626301 280342 315500 507794 315500 507794
635646 315779 635646 315779 331784 540627 331784 540627
641674 338638 641674 338638 317841 559717 317841 559717
647217 335403 647217 335403 314055 564900 314055 564900
657114 329627 657114 329627 322338 572819 322338 572819
685827 325041 685827 325041 343355 592912 343355 592912
701541 322531 701541 322531 358107 586945 358107 586945
737226 316831 737226 316831 365214 622377 365214 622377
748665 354609 748665 354609 372976 661078 372976 661078
754240 373023 754240 373023 358481 673729 358481 673729
770768 381276 770768 381276 344563 685877 344563 685877
758561 389607 758561 389607 333429 695596 333429 695596
756303 391148 756303 391148 331036 694275 331036 694275
767320 414951 767320 414951 308075 681596 308075 681596
766813 415659 766813 415659 307313 681175 307313 681175
752282 435959 752282 435959 285236 692830 285236 692830
739532 449001 739532 449001 269107 701345 269107 701345
729063 459711 729063 459711 254441 698307 254441 698307
726376 462459 726376 462459 254182 702141 254182 702141
704790 460745 704790 460745 252720 723746 252720 723746
703389 460634 703389 460634 252272 725078 252272 725078
683731 451609 683731 451609 245370 745578 245370 745578
686901 461976 686901 461976 241911 755852 241911 755852
694221 485917 694221 485917 227853 776568 227853 776568
746989 518779 746989 518779 192947 828006 192947 828006
749698 523689 749698 523689 189798 832647 189798 832647
764894 551233 764894 551233 169947 808244 169947 808244
738928 559472 738928 559472 152756 787112 152756 787112
752484 587173 752484 587173 133295 763188 133295 763188
748662 596417 748662 596417 126982 755428 126982 755428
733778 639184 733778 639184 98406 720300 98406 720300
732079 657012 732079 657012 87105 706407 87105 706407
731415 663977 731415 663977 94083 706920 94083 706920
724831 687165 724831 687165 118122 708688 118122 708688
742422 720616 742422 720616 155815 711459 155815 711459
751551 694178 751551 694178 183709 713510 183709 713510
763997 658136 763997 658136 180550 675510 180550 675510
769308 642757 769308 642757 172532 661353 172532 661353
783131 635914 783131 635914 164931 647932 164931 647932
802354 626397 802354 626397 185012 640393 185012 640393
814906 620183 814906 620183 188956 626953 188956 626953
817428 607592 817428 607592 192571 614632 192571 614632
820084 594326 820084 594326 204348 621291 204348 621291
821334 588086 821334 588086 210033 624151 210033 624151
822760 580966 822760 580966 214004 630231 214004 630231
834671 562230 834671 562230 226145 648818 226145 648818
849041 539626 849041 539626 226370 675603 226370 675603
854222 531476 854222 531476 234733 680432 234733 680432
851630 531705 851630 531705 236986 681733 236986 681733
821413 534377 821413 534377 262814 665822 262814 665822
819418 534553 819418 534553 262090 663955 262090 663955
804153 539293 804153 539293 256312 649052 256312 649052
801413 540144 801413 540144 259036 648150 259036 648150
804539 518804 804539 518804 279509 641367 279509 641367
804784 517130 804784 517130 281142 641809 281142 641809
802379 517717 802379 517717 283532 642455 283532 642455
781500 522814 781500 522814 283487 620963 283487 620963
780810 523022 780810 523022 283485 620242 283485 620242
768158 526825 768158 526825 271091 624816 271091 624816
760788 507962 760788 507962 252092 631829 252092 631829
756666 497411 756666 497411 249802 620736 249802 620736
760149 488542 760149 488542 247876 611404 247876 611404
765104 475923 765104 475923 253837 599228 253837 599228
785394 469842 785394 469842 263151 580204 263151 580204
790795 468223 790795 468223 257551 579545 257551 579545
823146 457121 823146 457121 223583 575544 223583 575544
829336 459959 829336 459959 216820 574748 216820 574748
837301 463612 837301 463612 219829 566518 219829 566518
852559 470609 852559 470609 232473 555478 232473 555478
863306 475537 863306 475537 239927 546301 239927 546301
863306 475537 863306 475537 255124 527592 255124 527592
863306 475537 863306 475537 197187 508326 197187 508326
863306 475537 863306 475537 223410 478348 223410 478348
863306 475537 863306 475537 207970 433493 207970 433493
863306 475537 863306 475537 145773 468270 145773 468270
