270423 646417 270423 646417 655198 935039 655198 935039
282440 616264 282440 616264 681897 916579 681897 916579
283626 613288 283626 613288 685098 916701 685098 916701
285186 609814 285186 609814 688904 916845 688904 916845
296166 585369 296166 585369 692834 890337 692834 890337
305558 591924 305558 591924 694514 879008 694514 879008
315018 592448 315018 592448 695903 869636 695903 869636
315353 587941 315353 587941 696566 865165 696566 865165
315726 582916 315726 582916 691567 864532 691567 864532
313148 580835 313148 580835 688280 864116 688280 864116
300051 570266 300051 570266 687237 847319 687237 847319
297251 568006 297251 568006 690789 847896 690789 847896
293250 552719 293250 552719 706386 850431 706386 850431
288100 556488 288100 556488 712685 851454 712685 851454
285236 554153 285236 554153 716332 852047 716332 852047
251457 526616 251457 526616 758692 841801 758692 841801
287415 521614 287415 521614 793979 833266 793979 833266
297885 487351 297885 487351 828801 824843 828801 824843
307681 455296 307681 455296 849978 798861 849978 798861
326102 395012 326102 395012 790799 777151 790799 777151
338275 383433 338275 383433 775026 771365 775026 771365
333811 381103 333811 381103 770299 769631 770299 769631
275845 350847 275845 350847 705752 759183 705752 759183
242247 333309 242247 333309 685944 791495 685944 791495
237914 331047 237914 331047 684006 795982 684006 795982
236852 330493 236852 330493 683532 794882 683532 794882
251549 297620 251549 297620 669287 761810 669287 761810
262837 272369 262837 272369 668089 734177 668089 734177
267520 261896 267520 261896 665469 723008 665469 723008
281189 231320 281189 231320 632279 718521 632279 718521
280844 230239 280844 230239 631154 718369 631154 718369
279865 227176 279865 227176 631016 721582 631016 721582
274064 209011 274064 209011 635536 740107 635536 740107
278091 209113 278091 209113 636491 744020 636491 744020
312741 209987 312741 209987 604037 756193 604037 756193
320802 210191 320802 210191 599846 763081 599846 763081
324609 212347 324609 212347 597572 766819 597572 766819
339582 220827 339582 220827 596573 783998 596573 783998
352246 228716 352246 228716 595707 798893 595707 798893
348821 190507 348821 190507 593481 837190 593481 837190
346362 163067 346362 163067 574496 857154 574496 857154
369533 188274 369533 188274 550901 881965 550901 881965
380697 200419 380697 200419 534562 884241 534562 884241
414088 203059 414088 203059 501387 888862 501387 888862
416564 206659 416564 206659 497060 889465 497060 889465
450630 256196 450630 256196 512929 831477 512929 831477
427994 258800 427994 258800 518943 809500 518943 809500
423522 259314 423522 259314 517661 805185 517661 805185
392031 254994 392031 254994 508606 774716 508606 774716
385812 254468 385812 254468 506829 768733 506829 768733
380883 261416 380883 261416 504402 760567 504402 760567
364705 284222 364705 284222 518700 736538 518700 736538
368366 295105 368366 295105 524572 726670 524572 726670
368203 300126 368203 300126 527141 722353 527141 722353
366544 351170 366544 351170 526509 671286 526509 671286
366306 358486 366306 358486 520144 674900 520144 674900
405375 371335 405375 371335 484379 695206 484379 695206
455343 387770 455343 387770 447784 657420 447784 657420
495576 401002 495576 401002 413050 681654 413050 681654
489819 426764 489819 426764 391400 696758 391400 696758
472372 504839 472372 504839 313998 716981 313998 716981
468336 522899 468336 522899 296094 721659 296094 721659
461527 553370 461527 553370 298922 752754 298922 752754
441350 559746 441350 559746 300838 773827 300838 773827
433965 562079 433965 562079 295011 768725 295011 768725
426800 575942 426800 575942 283270 758446 283270 758446
421245 586690 421245 586690 271176 758106 271176 758106
420035 586748 420035 586748 269965 758071 269965 758071
404620 581586 404620 581586 253715 757614 253715 757614
394985 578359 394985 578359 244611 762126 244611 762126
406230 618665 406230 618665 207117 780706 207117 780706
373985 612118 373985 612118 177635 795316 177635 795316
370693 607191 370693 607191 172326 797947 172326 797947
361795 593871 361795 593871 161183 786439 161183 786439
344537 591343 344537 591343 149050 773908 149050 773908
329238 589102 329238 589102 133634 775098 133634 775098
333501 600703 333501 600703 121311 776050 121311 776050
334770 604156 334770 604156 123571 773147 123571 773147
322815 607978 322815 607978 131282 763244 131282 763244
311355 628985 311355 628985 145983 744363 145983 744363
300458 630772 300458 630772 152767 735650 152767 735650
304527 633717 304527 633717 155853 731687 155853 731687
309062 636920 309062 636920 159264 727306 159264 727306
328175 667383 328175 667383 181357 698930 181357 698930
347791 658080 347791 658080 194695 681800 194695 681800
352410 655889 352410 655889 194979 676696 194979 676696
353325 672069 353325 672069 195879 660515 195879 660515
353871 681727 353871 681727 202212 653202 202212 653202
365933 709509 365933 709509 222040 630307 222040 630307
372103 719540 372103 719540 229749 621405 229749 621405
410902 782611 410902 782611 272677 561069 272677 561069
448947 766377 448947 766377 296657 527365 296657 527365
458837 762157 458837 762157 301148 517595 301148 517595
453209 754892 453209 754892 304987 509245 304987 509245
438912 736435 438912 736435 319165 490697 319165 490697
436548 733384 436548 733384 320805 494191 320805 494191
436787 725365 436787 725365 324214 501454 324214 501454
437236 710317 437236 710317 333633 489711 333633 489711
437662 696059 437662 696059 347690 492136 347690 492136
451041 673030 451041 673030 373936 496664 373936 496664
455379 665562 455379 665562 376976 488580 376976 488580
462297 658469 462297 658469 380463 479306 380463 479306
476285 644128 476285 644128 398201 469996 398201 469996
477855 639760 477855 639760 402311 467839 402311 467839
478745 641457 478745 641457 404008 466948 404008 466948
488565 660188 488565 660188 418059 482755 418059 482755
491206 665225 491206 665225 420149 488044 420149 488044
494186 668351 494186 668351 421737 492060 421737 492060
516003 691236 516003 691236 428201 461110 428201 461110
534645 710791 534645 710791 402349 453260 402349 453260
537588 704861 537588 704861 396015 451337 396015 451337
545654 688606 545654 688606 407810 437547 407810 437547
565179 649260 565179 649260 449967 425211 449967 425211
564672 648821 564672 648821 450610 425023 450610 425023
559616 644444 559616 644444 456029 421104 456029 421104
540214 627646 540214 627646 480495 413354 480495 413354
535687 624000 535687 624000 486036 411598 486036 411598
524747 619938 524747 619938 497161 408074 497161 408074
525244 619135 525244 619135 498061 407789 498061 407789
534765 603745 534765 603745 516158 407762 516158 407762
550551 578231 550551 578231 544081 418738 544081 418738
551890 575006 551890 575006 547331 420015 547331 420015
553954 570034 553954 570034 550375 424455 550375 424455
558326 559505 558326 559505 558883 432044 558883 432044
573296 574164 573296 574164 574518 445991 574518 445991
577237 578023 577237 578023 580032 445830 580032 445830
582666 582210 582666 582210 586885 445629 586885 445629
617748 609267 617748 609267 630788 439684 630788 439684
616104 626818 616104 626818 648256 437318 648256 437318
614008 649194 614008 649194 650590 459671 650590 459671
613064 659268 613064 659268 660691 460245 660691 460245
612484 665460 612484 665460 665144 455903 665144 455903
612723 665540 612723 665540 665324 455727 665324 455727
622657 668847 622657 668847 667213 466025 667213 466025
624050 671099 624050 671099 667691 468630 667691 468630
629772 680345 629772 680345 669393 479369 669393 479369
632711 685094 632711 685094 669986 484923 669986 484923
643070 671231 643070 671231 671825 502130 671825 502130
649086 628816 649086 628816 676375 544728 676375 544728
652967 601454 652967 601454 694787 524119 694787 524119
681374 571890 681374 571890 722103 493544 722103 493544
682520 570697 682520 570697 723503 494425 723503 494425
687456 568341 687456 568341 728131 497340 728131 497340
686551 572833 686551 572833 732009 499781 732009 499781
684406 585194 684406 585194 742625 506466 742625 506466
681361 602746 681361 602746 759829 511088 759829 511088
678307 620348 678307 620348 769189 526305 769189 526305
706003 624170 706003 624170 783838 550118 783838 550118
708595 624528 708595 624528 785333 547970 785333 547970
721978 604359 721978 604359 799164 528106 799164 528106
768930 589656 768930 589656 827278 487729 827278 487729
801194 579552 801194 579552 818878 454980 818878 454980
830372 570415 830372 570415 789069 448177 789069 448177
770349 529828 770349 529828 718428 432054 718428 432054
754120 518854 754120 518854 722529 412898 722529 412898
696246 545019 696246 545019 735824 350791 735824 350791
691493 547168 691493 547168 731113 353032 731113 353032
692630 536281 692630 536281 721228 357734 721228 357734
694149 504029 694149 504029 692071 371603 692071 371603
658360 469937 658360 469937 647435 392834 647435 392834
659854 457893 659854 457893 636476 398047 636476 398047
660769 450522 660769 450522 630747 393320 630747 393320
600799 470477 600799 470477 581997 353095 581997 353095
601873 432636 601873 432636 552797 329002 552797 329002
605885 421884 605885 421884 543945 321698 543945 321698
592158 357810 592158 357810 493402 279993 493402 279993
590681 350917 590681 350917 489230 285675 489230 285675
659075 336179 659075 336179 447826 342072 447826 342072
683796 330852 683796 330852 424896 331407 424896 331407
691141 316025 691141 316025 409893 324429 409893 324429
693268 320625 693268 320625 405297 322292 405297 322292
716272 370380 716272 370380 359163 351895 359163 351895
729783 399601 729783 399601 370438 382049 370438 382049
732389 405238 732389 405238 364354 383300 364354 383300
736562 407855 736562 407855 359530 384292 359530 384292
745139 413234 745139 413234 349417 384775 349417 384775
751885 417465 751885 417465 349843 392726 349843 392726
754712 419238 754712 419238 347233 394807 347233 394807
750419 425923 750419 425923 341021 399760 341021 399760
745777 433151 745777 433151 334249 394475 334249 394475
754611 436114 754611 436114 326904 388743 326904 388743
758046 437266 758046 437266 323324 388184 323324 388184
769798 441207 769798 441207 311816 392788 311816 392788
797334 450442 797334 450442 304401 420869 304401 420869
804716 450090 804716 450090 302514 428015 302514 428015
805068 450073 805068 450073 302477 428365 302477 428365
811863 450839 811863 450839 301759 435165 301759 435165
858187 456059 858187 456059 265736 405576 265736 405576
854626 432960 854626 432960 247676 390741 247676 390741
850885 408698 850885 408698 223271 388087 223271 388087
850464 405964 850464 405964 223665 385349 223665 385349
847295 387775 847295 387775 226297 367074 226297 367074
830540 362990 830540 362990 230561 337463 230561 337463
801047 319365 801047 319365 282949 342804 282949 342804
796372 312450 796372 312450 289947 347354 289947 347354
799676 310076 799676 310076 293357 349571 293357 349571
813588 300080 813588 300080 308936 356697 308936 356697
845347 277261 845347 277261 283121 327321 283121 327321
845347 277261 845347 277261 273571 316453 273571 316453
845347 277261 845347 277261 296188 239717 296188 239717
845347 277261 845347 277261 316898 169449 316898 169449
