546553 130710 546553 130710 503795 87213 503795 87213
594724 139791 594724 139791 493981 135240 493981 135240
528437 157661 528437 157661 480237 202504 480237 202504
512159 162049 512159 162049 464343 208127 464343 208127
491432 167637 491432 167637 446477 196226 446477 196226
509565 199432 509565 199432 416015 175934 416015 175934
513536 206395 513536 206395 410964 182159 410964 182159
527169 204261 527169 204261 402270 192874 402270 192874
542010 201938 542010 201938 387398 194991 387398 194991
554478 199986 554478 199986 377615 187020 377615 187020
571820 197271 571820 197271 374518 204298 374518 204298
576943 209098 576943 209098 372243 216985 372243 216985
602170 230303 602170 230303 366428 249423 366428 249423
603227 231192 603227 231192 365047 249406 365047 249406
614769 253067 614769 253067 340316 249100 340316 249100
617658 258543 617658 258543 334200 250064 334200 250064
613934 274819 613934 274819 317707 252663 317707 252663
602250 325883 602250 325883 284928 293524 284928 293524
592146 332101 592146 332101 277504 302778 277504 302778
578945 340225 578945 340225 287417 314694 287417 314694
561686 358302 561686 358302 303401 333908 303401 333908
557186 363015 557186 363015 309431 331437 309431 331437
535110 315244 535110 315244 358126 311482 358126 311482
518996 312594 518996 312594 373237 305290 373237 305290
515834 312074 515834 312074 373509 308483 373509 308483
502359 309058 502359 309058 374681 322241 374681 322241
488587 295904 488587 295904 376298 341217 376298 341217
472771 280797 472771 280797 397811 337273 397811 337273
469811 269452 469811 269452 409344 335159 409344 335159
452079 279824 452079 279824 429550 331456 429550 331456
433675 262496 433675 262496 454413 326898 454413 326898
429597 258656 429597 258656 456683 321777 456683 321777
413052 237252 413052 237252 467646 297045 467646 297045
389058 206213 389058 206213 482197 333479 482197 333479
381980 197055 381980 197055 474978 342526 474978 342526
376392 189827 376392 189827 466423 345734 466423 345734
363895 204046 363895 204046 448698 352381 448698 352381
363049 204995 363049 204995 447508 352827 447508 352827
360392 207971 360392 207971 448830 356591 448830 356591
344373 225924 344373 225924 444192 380201 444192 380201
319317 223171 319317 223171 439333 404935 439333 404935
278364 218672 278364 218672 480171 410380 480171 410380
233246 213715 233246 213715 490682 454535 490682 454535
230053 218579 230053 218579 492029 460196 492029 460196
199332 265381 199332 265381 539621 489678 539621 489678
187554 283323 187554 283323 561060 490680 561060 490680
180323 294340 180323 294340 565675 503023 565675 503023
209348 305329 209348 305329 576545 532093 576545 532093
278691 331583 278691 331583 521075 581295 521075 581295
293775 337294 293775 337294 504967 582114 504967 582114
308228 342766 308228 342766 489572 580765 489572 580765
306374 370253 306374 370253 462127 578359 462127 578359
305549 382477 305549 382477 449963 576897 449963 576897
283651 404418 283651 404418 419186 573196 419186 573196
274938 413148 274938 413148 412019 583234 412019 583234
303699 423105 303699 423105 394334 608005 394334 608005
299196 447492 299196 447492 379924 628188 379924 628188
278745 478767 278745 478767 358211 658600 358211 658600
258065 510392 258065 510392 391853 675805 391853 675805
267473 512807 267473 512807 400501 680227 400501 680227
274249 514547 274249 514547 407327 678694 407327 678694
291476 518970 291476 518970 406600 660923 406600 660923
313174 524540 313174 524540 407336 638534 407336 638534
333614 529788 333614 529788 427068 631052 427068 631052
327907 517570 327907 517570 439677 626271 439677 626271
314864 489644 314864 489644 466868 640786 466868 640786
315321 488231 315321 488231 468178 641485 468178 641485
329984 442859 329984 442859 474597 688733 474597 688733
327929 435774 327929 435774 475590 696043 475590 696043
327169 433156 327169 433156 474277 698432 474277 698432
331712 399748 331712 399748 458039 727980 458039 727980
342875 386263 342875 386263 449608 743322 449608 743322
346429 381969 346429 381969 454493 740637 454493 740637
331661 364620 331661 364620 474459 729664 474459 729664
333561 361053 333561 361053 478001 727717 478001 727717
341182 346745 341182 346745 487752 714767 487752 714767
336645 334846 336645 334846 495412 704594 495412 704594
330582 318944 330582 318944 502128 688956 502128 688956
328630 313823 328630 313823 506670 685889 506670 685889
355857 285770 355857 285770 539067 664009 539067 664009
365034 276314 365034 276314 549720 656254 549720 656254
366535 274768 366535 274768 551069 654574 551069 654574
370135 292516 370135 292516 562410 640455 562410 640455
390413 306278 390413 306278 577757 621349 577757 621349
417250 324492 417250 324492 600756 598480 600756 598480
405881 365454 405881 365454 630901 568506 630901 568506
427301 389488 427301 389488 653730 545806 653730 545806
430135 386300 430135 386300 656755 542798 656755 542798
457538 355471 457538 355471 664799 502343 664799 502343
464693 347422 464693 347422 663656 491634 663656 491634
479626 361040 479626 361040 661511 471538 661511 471538
488202 368861 488202 368861 657590 460614 657590 460614
487596 372603 487596 372603 656310 457046 656310 457046
485738 384079 485738 384079 644726 456058 644726 456058
519204 385107 519204 385107 611366 453211 611366 453211
521217 385407 521217 385407 609338 453038 609338 453038
527675 386371 527675 386371 610872 446691 610872 446691
529996 401770 529996 401770 614530 431554 614530 431554
533833 427224 533833 427224 592168 418803 592168 418803
536161 442671 536161 442671 595430 403526 595430 403526
560213 430681 560213 430681 601042 377244 601042 377244
587508 412727 587508 412727 607865 345294 607865 345294
599520 404825 599520 404825 620466 352218 620466 352218
590342 382929 590342 382929 641274 363651 641274 363651
612372 376929 612372 376929 661284 374646 661284 374646
621794 385808 621794 385808 672631 380881 672631 380881
631195 394666 631195 394666 685480 382200 685480 382200
632586 395977 632586 395977 683970 383372 683970 383372
638330 368684 638330 368684 661931 400466 661931 400466
638382 346636 638382 346636 644510 413979 644510 413979
638402 337973 638402 337973 652211 417948 652211 417948
646537 315496 646537 315496 673458 428900 673458 428900
646691 316344 646691 316344 674224 429295 674224 429295
649183 330095 649183 330095 685271 437855 685271 437855
672590 352305 672590 352305 710777 457618 710777 457618
676921 356416 676921 356416 715235 461591 715235 461591
687022 366000 687022 366000 723301 450241 723301 450241
723054 371763 723054 371763 744438 420496 744438 420496
724411 350380 724411 350380 756850 403031 756850 403031
726263 346179 726263 346179 759509 399289 759509 399289
733997 328639 733997 328639 758692 418441 758692 418441
728805 317203 728805 317203 758156 430989 758156 430989
730116 306616 730116 306616 757701 441647 757701 441647
710777 296534 710777 296534 756771 463437 756771 463437
694349 287970 694349 287970 771998 473989 771998 473989
710058 289881 710058 289881 785006 483002 785006 483002
722046 291340 722046 291340 774807 489468 774807 489468
754657 274666 754657 274666 743874 509081 743874 509081
778646 262401 778646 262401 717341 513760 717341 513760
775165 276329 775165 276329 703203 516253 703203 516253
765996 313009 765996 313009 737517 532131 737517 532131
765517 314924 765517 314924 738351 533920 738351 533920
757593 327791 757593 327791 744736 547616 744736 547616
794955 356339 794955 356339 764604 590232 764604 590232
779980 365460 779980 365460 772013 606124 772013 606124
771633 370543 771633 370543 762533 608500 762533 608500
743421 390309 743421 390309 729119 616874 729119 616874
743706 400446 743706 400446 719283 619339 719283 619339
739060 405842 739060 405842 712376 621070 712376 621070
736086 409297 736086 409297 711940 625608 711940 625608
710694 434468 710694 434468 708518 661198 708518 661198
699671 488588 699671 488588 703233 716175 703233 716175
696540 503963 696540 503963 687596 717479 687596 717479
686278 554347 686278 554347 644280 745183 644280 745183
679595 587159 679595 587159 664693 771728 664693 771728
667200 648020 667200 648020 649905 832052 649905 832052
655605 655588 655605 655588 646608 845500 646608 845500
623056 676834 623056 676834 681771 862064 681771 862064
597702 693383 597702 693383 709942 850968 709942 850968
583003 702978 583003 702978 714951 867791 714951 867791
574735 689458 574735 689458 719474 882980 719474 882980
572111 685168 572111 685168 722001 878632 722001 878632
556845 658359 556845 658359 737504 851959 737504 851959
536230 622158 536230 622158 717615 815355 717615 815355
527262 606409 527262 606409 735236 819593 735236 819593
521977 630856 521977 630856 759555 825441 759555 825441
519215 643634 519215 643634 758808 812389 758808 812389
514734 664363 514734 664363 754700 791583 754700 791583
516705 668652 516705 668652 753786 786952 753786 786952
519526 674789 519526 674789 756439 780741 756439 780741
516756 681777 516756 681777 759392 773828 759392 773828
515360 685299 515360 685299 756908 770968 756908 770968
511463 695132 511463 695132 746854 767683 746854 767683
517771 706089 517771 706089 734836 763757 734836 763757
519177 710354 519177 710354 730567 762362 730567 762362
523067 722155 523067 722155 718178 763307 718178 763307
511211 711525 511211 711525 702300 764518 702300 764518
501055 702419 501055 702419 698200 751508 698200 751508
498710 700317 498710 700317 701342 751300 701342 751300
494521 707476 494521 707476 709618 750752 709618 750752
486705 720834 486705 720834 722600 742326 722600 742326
478183 708454 478183 708454 735207 734143 735207 734143
474218 702693 474218 702693 742004 735790 742004 735790
477724 691933 477724 691933 753002 738454 753002 738454
480607 683084 480607 683084 760355 732748 760355 732748
480354 680945 480354 680945 762057 731428 762057 731428
480094 678744 480094 678744 763663 732955 763663 732955
491444 673818 491444 673818 772629 741482 772629 741482
493655 672859 493655 672859 773776 739362 773776 739362
488661 668875 488661 668875 776815 733743 776815 733743
469964 653958 469964 653958 771510 710420 771510 710420
460364 658428 460364 658428 769161 700094 769161 700094
428569 673234 428569 673234 794177 675512 794177 675512
424606 675079 424606 675079 798535 675864 798535 675864
358599 704202 358599 704202 870447 681673 870447 681673
333747 715167 333747 715167 863899 708035 863899 708035
386295 720347 386295 720347 851171 759281 851171 759281
411256 722808 411256 722808 837984 780616 837984 780616
427487 740291 427487 740291 825442 800909 825442 800909
431619 744741 431619 744741 821926 795958 821926 795958
443489 766620 443489 766620 807515 775662 807515 775662
444841 759460 444841 759460 803296 769721 803296 769721
449861 732880 449861 732880 792561 794549 792561 794549
452272 734636 452272 734636 791377 797287 791377 797287
455821 737219 455821 737219 790995 801660 790995 801660
470927 741237 470927 741237 789636 817232 789636 817232
485194 745032 485194 745032 793111 831580 793111 831580
507284 768567 507284 768567 800708 862951 800708 862951
521101 783288 521101 783288 800708 862951 800708 862951
