149910 676374 149910 676374 698111 806267 698111 806267
212176 666814 212176 666814 637486 789148 637486 789148
211604 660898 211604 660898 631766 787533 631766 787533
208762 631530 208762 631530 642170 759923 642170 759923
240877 642782 240877 642782 654170 728080 654170 728080
246839 644870 246839 644870 660250 729795 660250 729795
276680 655325 276680 655325 669606 699592 669606 699592
275406 688546 275406 688546 679443 667835 679443 667835
274569 699545 274569 699545 682707 657298 682707 657298
272638 724925 272638 724925 688549 632524 688549 632524
333427 677284 333427 677284 706275 557353 706275 557353
334131 679180 334131 679180 706739 555384 706739 555384
338292 690385 338292 690385 714152 546008 714152 546008
355714 737297 355714 737297 681273 508282 681273 508282
365428 740078 365428 740078 674634 500665 674634 500665
391336 747493 391336 747493 695068 483097 695068 483097
415549 754424 415549 754424 683475 460738 683475 460738
413280 778691 413280 778691 672257 439100 672257 439100
412608 785876 412608 785876 665539 436464 665539 436464
432776 799226 432776 799226 643025 427629 643025 427629
435281 800884 435281 800884 640927 425479 640927 425479
449908 810567 449908 810567 657301 419185 657301 419185
451662 810279 451662 810279 658960 418547 658960 418547
472342 806878 472342 806878 664531 398343 664531 398343
486502 804550 486502 804550 677062 391351 677062 391351
513388 800129 513388 800129 655068 375268 655068 375268
531000 797233 531000 797233 637692 379348 637692 379348
531255 797762 531255 797762 637120 379482 637120 379482
534131 803722 534131 803722 635124 373173 635124 373173
543615 823376 543615 823376 649509 356763 649509 356763
554747 821696 554747 821696 656930 348297 656930 348297
561860 820623 561860 820623 660636 354463 660636 354463
573890 818807 573890 818807 671518 349023 671518 349023
598368 815113 598368 815113 684984 369795 684984 369795
624154 811222 624154 811222 690714 395236 690714 395236
644162 808202 644162 808202 710936 395955 710936 395955
644702 804732 644702 804732 714445 396080 714445 396080
647666 785679 647666 785679 729230 408458 729230 408458
647978 783677 647978 783677 730826 407209 730826 407209
679925 797311 679925 797311 758185 385809 758185 385809
681756 799228 681756 799228 760273 384175 760273 384175
696885 815070 696885 815070 775684 368608 775684 368608
721064 840388 721064 840388 766459 334836 766459 334836
743928 864328 743928 864328 733504 337970 733504 337970
743628 863352 743628 863352 732487 338067 732487 338067
739952 851410 739952 851410 741097 329012 741097 329012
729599 817776 729599 817776 758993 298711 758993 298711
723674 798529 723674 798529 761789 278768 761789 278768
724795 751857 724795 751857 768272 232535 768272 232535
725160 736647 725160 736647 753703 236922 753703 236922
703068 732345 703068 732345 732152 243411 732152 243411
698699 705130 698699 705130 705759 251358 705759 251358
695210 683402 695210 683402 685555 260080 685555 260080
648522 683885 648522 683885 642688 278585 642688 278585
633811 720789 633811 720789 606214 294331 606214 294331
610053 707239 610053 707239 581103 305171 581103 305171
609222 706765 609222 706765 581389 306084 581389 306084
608649 721970 608649 721970 585933 320605 585933 320605
607656 748314 607656 748314 598137 343973 598137 343973
604322 765163 604322 765163 606088 359197 606088 359197
603268 770489 603268 770489 608206 364197 608206 364197
602120 776293 602120 776293 603806 368152 603806 368152
597101 775280 597101 775280 599998 371575 599998 371575
596157 775089 596157 775089 599038 371655 599038 371655
567762 758885 567762 758885 566457 374356 566457 374356
565880 757811 565880 757811 564695 375618 564695 375618
538299 742072 538299 742072 581579 402513 581579 402513
534003 739620 534003 739620 577317 405024 577317 405024
528924 730105 528924 730105 568024 410499 568024 410499
510174 694982 510174 694982 590017 443687 590017 443687
509835 694346 509835 694346 590699 443454 590699 443454
510751 673328 510751 673328 610611 436663 610611 436663
509263 677406 509263 677406 614719 435262 614719 435262
501239 699398 501239 699398 623299 457043 623299 457043
495561 710992 495561 710992 628031 469055 628031 469055
485686 731159 485686 731159 622083 490708 622083 490708
474216 731162 474216 731162 619044 501768 619044 501768
462192 718074 462192 718074 614336 518906 614336 518906
447192 693579 447192 693579 606727 546602 606727 546602
396204 656990 396204 656990 590102 607118 590102 607118
387499 651795 387499 651795 587417 616893 587417 616893
321641 612487 321641 612487 514901 591916 514901 591916
330848 575324 330848 575324 478701 579448 478701 579448
336505 552491 336505 552491 463666 561357 463666 561357
338860 542987 338860 542987 455278 556306 455278 556306
337853 537698 337853 537698 450666 553529 450666 553529
324755 468875 324755 468875 382936 571443 382936 571443
322823 458724 322823 458724 382036 581737 382036 581737
344247 465737 344247 465737 380074 604194 380074 604194
349440 467437 349440 467437 375183 606630 375183 606630
366058 472877 366058 472877 370160 623378 370160 623378
370391 486988 370391 486988 365919 637518 365919 637518
374306 499736 374306 499736 379252 637742 379252 637742
395471 519290 395471 519290 408063 638226 408063 638226
437003 557660 437003 557660 422189 692977 422189 692977
438988 537841 438988 537841 427165 712263 427165 712263
443965 488141 443965 488141 461509 748532 461509 748532
431023 468616 431023 468616 477615 765541 477615 765541
430759 468218 430759 468218 477185 765334 477185 765334
421481 462740 421481 462740 467477 760660 467477 760660
417105 431906 417105 431906 439417 747150 439417 747150
414562 425240 414562 425240 432989 744055 432989 744055
408787 410104 408787 410104 416837 742799 416837 742799
393106 404153 393106 404153 400115 741498 400115 741498
380077 392658 380077 392658 382793 740151 382793 740151
373502 401823 373502 401823 371547 739276 371547 739276
362593 417028 362593 417028 352843 739874 352843 739874
360270 420267 360270 420267 348934 739097 348934 739097
364522 403221 364522 403221 331702 735672 331702 735672
359621 386387 359621 386387 314506 732255 314506 732255
358440 387044 358440 387044 313180 731991 313180 731991
353695 389683 353695 389683 315683 727173 315683 727173
321384 353994 321384 353994 337874 684450 337874 684450
332803 353370 332803 353370 343145 674301 343145 674301
342299 352851 342299 352851 347728 665968 347728 665968
361868 351782 361868 351782 330464 675244 330464 675244
383818 350583 383818 350583 313049 661830 313049 661830
384341 350554 384341 350554 313100 661308 313100 661308
407594 310955 407594 310955 317599 615608 317599 615608
424723 281788 424723 281788 338699 589171 338699 589171
428301 275694 428301 275694 332425 585918 332425 585918
431370 325318 431370 325318 288287 563033 288287 563033
443365 338742 443365 338742 272305 554747 272305 554747
429289 346061 429289 346061 258220 547444 258220 547444
420747 350503 420747 350503 257379 537853 257379 537853
403234 367055 403234 367055 255273 513848 255273 513848
402981 367294 402981 367294 255593 513711 255593 513711
403595 372823 403595 372823 260703 511514 260703 511514
422463 393206 422463 393206 286221 500545 286221 500545
435024 397618 435024 397618 298452 495287 298452 495287
437306 398420 437306 398420 300204 493619 300204 493619
448831 413167 448831 413167 313756 480710 313756 480710
450202 414922 450202 414922 315766 481669 315766 481669
485619 413848 485619 413848 347749 496920 347749 496920
490140 422901 490140 422901 356883 501275 356883 501275
506219 455092 506219 455092 389568 486226 389568 486226
511745 465542 511745 465542 400306 481282 400306 481282
529179 498508 529179 498508 427665 455941 427665 455941
532769 508889 532769 508889 435724 448477 435724 448477
541123 533041 541123 533041 410597 453141 410597 453141
545883 546804 545883 546804 396141 451381 396141 451381
549424 557044 549424 557044 385442 449671 385442 449671
551115 575239 551115 575239 367397 446788 367397 446788
552149 586364 552149 586364 367254 435616 367254 435616
554227 584915 554227 584915 367221 433083 367221 433083
572371 572263 572371 572263 348428 421418 348428 421418
597472 554760 597472 554760 328851 444938 328851 444938
609475 546390 609475 546390 319917 433349 319917 433349
615709 530532 615709 530532 309514 419854 309514 419854
592284 512521 592284 512521 291473 396452 291473 396452
600483 493691 600483 493691 278934 380186 278934 380186
607870 476727 607870 476727 288960 364636 288960 364636
610461 470778 610461 470778 283592 360991 283592 360991
615339 459575 615339 459575 274106 353288 274106 353288
617130 462088 617130 462088 271710 351343 271710 351343
620587 466938 620587 466938 277666 351369 277666 351369
627891 477022 627891 477022 290117 351422 290117 351422
649046 506229 649046 506229 324698 341188 324698 341188
674471 541330 674471 541330 367880 344904 367880 344904
697610 541000 697610 541000 390936 346888 390936 346888
747519 540287 747519 540287 369729 301703 369729 301703
765240 533527 765240 533527 361671 284533 361671 284533
780175 527831 780175 527831 371914 272262 371914 272262
784628 526132 784628 526132 376247 270276 376247 270276
780426 514255 780426 514255 387699 265026 387699 265026
784911 514520 784911 514520 391783 263154 391783 263154
801053 515472 801053 515472 381225 250906 381225 250906
813253 532034 813253 532034 367794 235326 367794 235326
821509 543241 821509 543241 354028 233260 354028 233260
824212 548468 824212 548468 348209 232387 348209 232387
836737 572685 836737 572685 340149 258432 340149 258432
844020 586768 844020 586768 332134 272112 332134 272112
849017 596430 849017 596430 321397 273856 321397 273856
856898 572949 856898 572949 296949 277828 296949 277828
859794 564322 859794 564322 295602 268828 295602 268828
861900 537540 861900 537540 291626 242259 291626 242259
865886 486843 865886 486843 252138 210217 252138 210217
865917 486444 865917 486444 252538 210199 252538 210199
847974 424187 847974 424187 317262 207243 317262 207243
846973 420713 846973 420713 320819 206597 320819 206597
844690 412793 844690 412793 328739 204314 328739 204314
838176 414742 838176 414742 335272 202430 335272 202430
761533 437674 761533 437674 353898 124629 353898 124629
742742 443297 742742 443297 358465 105553 358465 105553
740244 444044 740244 444044 358465 105553 358465 105553
733332 436470 733332 436470 358465 105553 358465 105553
727907 427906 727907 427906 358465 105553 358465 105553
744217 426047 744217 426047 358465 105553 358465 105553
777943 377942 777943 377942 358465 105553 358465 105553
753013 367027 753013 367027 358465 105553 358465 105553
730028 290400 730028 290400 358465 105553 358465 105553
724104 270650 724104 270650 358465 105553 358465 105553
757726 257453 757726 257453 358465 105553 358465 105553
804060 219782 804060 219782 358465 105553 358465 105553
796798 176881 796798 176881 358465 105553 358465 105553
717263 185492 717263 185492 358465 105553 358465 105553
703122 187023 703122 187023 358465 105553 358465 105553
662545 250887 662545 250887 358465 105553 358465 105553
626077 179682 626077 179682 358465 105553 358465 105553
601222 131152 601222 131152 358465 105553 358465 105553
652297 122583 652297 122583 358465 105553 358465 105553
732272 120601 732272 120601 358465 105553 358465 105553
744235 120305 744235 120305 358465 105553 358465 105553
818172 94886 818172 94886 358465 105553 358465 105553
