132283 232752 132283 232752 841889 110535 841889 110535
149808 235318 149808 235318 837192 127613 837192 127613
170222 238307 170222 238307 817039 132030 817039 132030
204287 243294 204287 243294 817868 97612 817868 97612
203370 240827 203370 240827 817931 94981 817931 94981
192411 211352 192411 211352 787299 102091 787299 102091
181085 180891 181085 180891 755253 107499 755253 107499
200003 183885 200003 183885 736367 110687 736367 110687
229049 188482 229049 188482 760951 126824 760951 126824
247106 187726 247106 187726 776060 136742 776060 136742
253160 187473 253160 187473 773983 142434 773983 142434
277691 186535 277691 186535 765567 165495 765567 165495
279392 186323 279392 186323 764979 167105 764979 167105
289453 185066 289453 185066 775119 167106 775119 167106
303514 183310 303514 183310 788942 170220 788942 170220
321575 181054 321575 181054 778517 185141 778517 185141
345143 178110 345143 178110 754962 182096 754962 182096
346127 177987 346127 177987 754133 181552 754133 181552
352139 179294 352139 179294 748989 178177 748989 178177
369328 183031 369328 183031 741529 194107 741529 194107
386860 186842 386860 186842 747144 211147 747144 211147
382325 193304 382325 193304 749615 218645 749615 218645
371601 208586 371601 208586 764454 207315 764454 207315
369713 211276 369713 211276 767725 207630 767725 207630
356084 217662 356084 217662 782707 209071 782707 209071
349080 220944 349080 220944 779301 216015 779301 216015
332607 228663 332607 228663 774956 233681 774956 233681
295743 245936 295743 245936 812915 218969 812915 218969
285840 250577 285840 250577 823667 216971 823667 216971
282168 252297 282168 252297 827303 215176 827303 215176
258197 262249 258197 262249 850577 203689 850577 203689
248249 266379 248249 266379 858105 195984 858105 195984
264506 286911 264506 286911 876406 177252 876406 177252
280266 306816 280266 306816 885092 201109 885092 201109
317577 353940 317577 353940 838949 239626 838949 239626
325242 363621 325242 363621 846957 249026 846957 249026
315716 365993 315716 365993 853323 256499 853323 256499
289064 372631 289064 372631 865994 280867 865994 280867
281689 374468 281689 374468 858614 279047 858614 279047
267450 378014 267450 378014 845175 273155 845175 273155
270835 389771 270835 389771 833970 268243 833970 268243
277418 412635 277418 412635 810828 262715 810828 262715
277799 413958 277799 413958 811350 263988 811350 263988
259541 415700 259541 415700 818312 280957 818312 280957
258118 426145 258118 426145 822313 290709 822313 290709
257658 426673 257658 426673 822579 291357 822579 291357
254634 430138 254634 430138 817984 291148 817984 291148
242472 444077 242472 444077 802859 301798 802859 301798
239425 444184 239425 444184 800366 303553 800366 303553
218310 444927 218310 444927 779837 298555 779837 298555
207228 445317 207228 445317 781498 287592 781498 287592
169842 446633 169842 446633 745278 278232 745278 278232
184025 467374 184025 467374 720951 271946 720951 271946
202266 494047 202266 494047 746786 291356 746786 291356
208855 503682 208855 503682 756236 298207 756236 298207
213517 511046 213517 511046 763293 303323 763293 303323
222299 524917 222299 524917 769360 318578 769360 318578
228262 509438 228262 509438 775491 333991 775491 333991
228427 509009 228427 509009 775516 334450 775516 334450
231103 507996 231103 507996 775672 337307 775672 337307
230511 498224 230511 498224 776204 347082 776204 347082
232161 495142 232161 495142 776394 350573 776394 350573
234241 491259 234241 491259 780584 351932 780584 351932
237776 475096 237776 475096 796323 357035 796323 357035
238693 475575 238693 475575 797307 357354 797307 357354
247370 480103 247370 480103 807045 356369 807045 356369
251330 482450 251330 482450 811625 355905 811625 355905
256744 485659 256744 485659 811718 362197 811718 362197
258744 493188 258744 493188 811834 369987 811834 369987
260250 498857 260250 498857 805986 370442 805986 370442
271438 482798 271438 482798 786473 371961 786473 371961
279261 471077 279261 471077 772424 373054 772424 373054
288191 457697 288191 457697 757786 379724 757786 379724
291353 452959 291353 452959 757563 385416 757563 385416
322721 457218 322721 457218 756322 417048 756322 417048
329608 438463 329608 438463 755539 437012 755539 437012
336271 420316 336271 420316 751111 418195 751111 418195
349306 431063 349306 431063 747241 401750 747241 401750
352703 456496 352703 456496 741364 376773 741364 376773
353180 460065 353180 460065 741815 373201 741815 373201
349168 462623 349168 462623 742410 368480 742410 368480
306775 489653 306775 489653 694276 353958 694276 353958
303931 491466 303931 491466 695703 350902 695703 350902
292286 490443 292286 490443 700648 340309 700648 340309
281463 506785 281463 506785 708939 322548 708939 322548
280901 507275 280901 507275 709254 321873 709254 321873
272450 514647 272450 514647 698432 318930 698432 318930
269744 530859 269744 530859 682572 314617 682572 314617
266187 541240 266187 541240 671983 311737 671983 311737
258952 562358 258952 562358 655895 327213 655895 327213
226766 577199 226766 577199 630353 351785 630353 351785
221738 656819 221738 656819 572858 407093 572858 407093
223625 655294 223625 655294 571110 408775 571110 408775
285851 605015 285851 605015 501494 448191 501494 448191
294280 598204 294280 598204 492063 453531 492063 453531
307332 587658 307332 587658 487451 437398 487451 437398
309695 582575 309695 582575 485911 432008 485911 432008
329275 567475 329275 567475 479115 408234 479115 408234
327761 529043 327761 529043 468544 371253 468544 371253
333428 525594 333428 525594 466721 364875 466721 364875
348890 516182 348890 516182 456328 350054 456328 350054
378754 507746 378754 507746 438511 324646 438511 324646
412780 498135 412780 498135 406815 340314 406815 340314
437952 491024 437952 491024 396707 364440 396707 364440
430096 482441 430096 482441 392211 375171 392211 375171
403682 406928 403682 406928 361298 448957 361298 448957
401489 400659 401489 400659 358732 455082 358732 455082
417127 395478 417127 395478 352366 470277 352366 470277
452130 383881 452130 383881 348892 506987 348892 506987
465325 400395 465325 400395 346901 528031 346901 528031
483443 401360 483443 401360 345192 546094 345192 546094
514027 402990 514027 402990 321071 564967 321071 564967
525101 398248 525101 398248 311583 572390 311583 572390
527022 398187 527022 398187 310069 573575 310069 573575
536827 397874 536827 397874 319876 573330 319876 573330
550164 397448 550164 397448 330593 581279 330593 581279
558485 397182 558485 397182 323516 585664 323516 585664
578370 396547 578370 396547 326083 605393 326083 605393
587679 396250 587679 396250 321393 613440 321393 613440
579013 380605 579013 380605 312388 628892 312388 628892
562478 350753 562478 350753 285428 649813 285428 649813
549255 337959 549255 337959 270891 661093 270891 661093
527354 316769 527354 316769 265384 631121 265384 631121
503378 293571 503378 293571 281893 602131 281893 602131
496891 287294 496891 287294 277845 594063 277845 594063
492124 282682 492124 282682 274674 588237 274674 588237
489714 280350 489714 280350 277156 585981 277156 585981
504555 282449 504555 282449 288247 575900 288247 575900
508835 283054 508835 283054 287854 571595 287854 571595
520577 284715 520577 284715 276551 575184 276551 575184
529962 286042 529962 286042 269209 569190 269209 569190
551671 289113 551671 289113 254594 585534 254594 585534
553467 289367 553467 289367 253350 584215 253350 584215
556174 285267 556174 285267 249979 580640 249979 580640
556544 281829 556544 281829 247606 578125 247606 578125
558144 283370 558144 283370 246082 576509 246082 576509
569797 294591 569797 294591 254240 562539 254240 562539
585483 309697 585483 309697 237173 549013 237173 549013
591884 315861 591884 315861 245838 547043 245838 547043
597032 307082 597032 307082 255762 544788 255762 544788
602236 298206 602236 298206 266046 545133 266046 545133
609762 285371 609762 285371 275676 533791 275676 533791
611045 283183 611045 283183 277339 535705 277339 535705
627056 272188 627056 272188 290079 550366 290079 550366
633461 267790 633461 267790 293958 543634 293958 543634
644912 259926 644912 259926 289016 530651 289016 530651
673667 240179 673667 240179 281495 496589 281495 496589
678629 236772 678629 236772 277080 500680 277080 500680
682383 266172 682383 266172 255338 520823 255338 520823
683138 272082 683138 272082 249483 521924 249483 521924
685507 290634 685507 290634 231880 528244 231880 528244
687448 305839 687448 305839 216582 527275 216582 527275
689259 320023 689259 320023 204105 534260 204105 534260
690691 331231 690691 331231 201906 545343 201906 545343
693857 356029 693857 356029 195911 569613 195911 569613
670345 369853 670345 369853 189371 596092 189371 596092
636720 389623 636720 389623 154032 612604 154032 612604
621959 398302 621959 398302 162322 597622 162322 597622
643850 410031 643850 410031 174347 575892 174347 575892
645096 453562 645096 453562 195432 537787 195432 537787
645216 457774 645216 457774 194888 533609 194888 533609
631538 471602 631538 471602 192378 514322 192378 514322
612737 490610 612737 490610 168298 502704 168298 502704
605436 497991 605436 497991 167696 492340 167696 492340
607175 522182 607175 522182 166291 468127 166291 468127
610133 563326 610133 563326 127621 453768 127621 453768
549975 578054 549975 578054 69560 432208 69560 432208
472270 597079 472270 597079 118896 495184 118896 495184
460060 600068 460060 600068 126648 505080 126648 505080
450628 602377 450628 602377 133202 512245 133202 512245
409216 612516 409216 612516 99456 538301 99456 538301
409294 612735 409294 612735 99272 538443 99272 538443
436187 688079 436187 688079 99272 538443 99272 538443
439393 697060 439393 697060 99272 538443 99272 538443
480263 765833 480263 765833 99272 538443 99272 538443
481268 767524 481268 767524 99272 538443 99272 538443
426029 825391 426029 825391 99272 538443 99272 538443
419126 832622 419126 832622 99272 538443 99272 538443
374185 845936 374185 845936 99272 538443 99272 538443
371962 881397 371962 881397 99272 538443 99272 538443
448323 857544 448323 857544 99272 538443 99272 538443
509630 838394 509630 838394 99272 538443 99272 538443
533787 808712 533787 808712 99272 538443 99272 538443
540744 806483 540744 806483 99272 538443 99272 538443
562998 742602 562998 742602 99272 538443 99272 538443
562851 699541 562851 699541 99272 538443 99272 538443
639047 723917 639047 723917 99272 538443 99272 538443
670766 734064 670766 734064 99272 538443 99272 538443
652805 656106 652805 656106 99272 538443 99272 538443
639791 599624 639791 599624 99272 538443 99272 538443
670894 630228 670894 630228 99272 538443 99272 538443
708579 631200 708579 631200 99272 538443 99272 538443
735471 626567 735471 626567 99272 538443 99272 538443
740516 621692 740516 621692 99272 538443 99272 538443
735266 601067 735266 601067 99272 538443 99272 538443
756189 583479 756189 583479 99272 538443 99272 538443
763754 613786 763754 613786 99272 538443 99272 538443
794170 609576 794170 609576 99272 538443 99272 538443
787875 593337 787875 593337 99272 538443 99272 538443
793208 568133 793208 568133 99272 538443 99272 538443
850635 586538 850635 586538 99272 538443 99272 538443
856933 625240 856933 625240 99272 538443 99272 538443
820874 617247 820874 617247 99272 538443 99272 538443
783382 659708 783382 659708 99272 538443 99272 538443
806289 686034 806289 686034 99272 538443 99272 538443
819867 695336 819867 695336 99272 538443 99272 538443
841472 677904 841472 677904 99272 538443 99272 538443
888194 722518 888194 722518 99272 538443 99272 538443
