891004 753818 891004 753818 984745 822513 984745 822513
853535 768631 853535 768631 967016 786332 967016 786332
821890 781142 821890 781142 937519 803298 937519 803298
804208 784179 804208 784179 921967 812243 921967 812243
774065 789357 774065 789357 904797 786933 904797 786933
760888 791621 760888 791621 893572 794196 893572 794196
763104 760616 763104 760616 867475 811083 867475 811083
766232 716859 766232 716859 862161 854629 862161 854629
779973 716986 779973 716986 860496 868269 860496 868269
786378 717045 786378 717045 855272 864562 855272 864562
840940 688122 840940 688122 804910 828824 804910 828824
856211 673503 856211 673503 787669 816590 787669 816590
837600 660796 837600 660796 769291 803548 769291 803548
830248 655776 830248 655776 760389 803484 760389 803484
821344 649697 821344 649697 755719 793767 755719 793767
816401 651013 816401 651013 753503 789157 753503 789157
791274 657700 791274 657700 727992 784130 727992 784130
766968 664170 766968 664170 744484 765139 744484 765139
765228 664633 765228 664633 746068 764283 746068 764283
761669 675594 761669 675594 756208 758805 756208 758805
747119 688593 747119 688593 773374 749531 773374 749531
736178 698368 736178 698368 786388 756305 786388 756305
734170 696121 734170 696121 789061 757696 789061 757696
711259 670488 711259 670488 822962 751979 822962 751979
720176 667426 720176 667426 832259 750411 832259 750411
749706 657286 749706 657286 808005 730750 808005 730750
745471 652841 745471 652841 803235 726884 803235 726884
745143 651926 745143 651926 802480 726272 802480 726272
729410 608050 729410 608050 826918 686581 826918 686581
730331 602410 730331 602410 829914 681714 829914 681714
758445 590889 758445 590889 845843 655842 845843 655842
775059 570955 775059 570955 859448 633745 859448 633745
782924 561518 782924 561518 865748 623198 865748 623198
702975 562894 702975 562894 906750 554550 906750 554550
708461 559224 708461 559224 910135 548883 910135 548883
731807 534226 731807 534226 927674 519518 927674 519518
721101 526564 721101 526564 934425 508216 934425 508216
712832 526109 712832 526109 938672 501106 938672 501106
712345 512550 712345 512550 945629 489458 945629 489458
711629 492648 711629 492648 930113 501943 930113 501943
716512 486877 716512 486877 924223 506682 924223 506682
740841 468139 740841 468139 900298 525932 900298 525932
749829 480582 749829 480582 888339 535555 888339 535555
759381 476719 759381 476719 880311 542014 880311 542014
753867 500635 753867 500635 861189 557400 861189 557400
746210 509789 746210 509789 851891 564881 851891 564881
759811 522716 759811 522716 837272 576644 837272 576644
770558 515729 770558 515729 827284 584680 827284 584680
773372 517204 773372 517204 824809 586672 824809 586672
809213 507099 809213 507099 795796 610016 795796 610016
818069 478018 818069 478018 772112 629073 772112 629073
840790 458626 840790 458626 748839 647799 748839 647799
840851 448079 840851 448079 740621 654411 740621 654411
846673 427867 846673 427867 724234 667597 724234 667597
824919 439869 824919 439869 704876 683172 704876 683172
806379 450098 806379 450098 699579 703673 699579 703673
761412 417308 761412 417308 685656 757556 685656 757556
730842 410312 730842 410312 677811 787919 677811 787919
707596 404474 707596 404474 671815 811125 671815 811125
678689 397215 678689 397215 664344 782272 664344 782272
658365 429017 658365 429017 654883 745736 654883 745736
647874 445434 647874 445434 645213 728822 645213 728822
681671 453794 681671 453794 627932 698598 627932 698598
706292 459885 706292 459885 626040 673306 626040 673306
679359 481798 679359 481798 623449 638681 623449 638681
676036 484502 676036 484502 623466 634397 623466 634397
664554 521265 664554 521265 623622 595883 623622 595883
669067 522990 669067 522990 623642 591052 623642 591052
669807 546991 669807 546991 623739 567039 623739 567039
669808 547013 669808 547013 623743 567018 623743 567018
691241 559893 691241 559893 628257 542423 628257 542423
688169 566916 688169 566916 629641 534884 629641 534884
680956 582308 680956 582308 632709 518165 632709 518165
678911 586672 678911 586672 627904 518545 627904 518545
666020 589861 666020 589861 614666 519591 614666 519591
662085 580849 662085 580849 604863 520365 604863 520365
659356 574599 659356 574599 598421 518126 598421 518126
656521 577149 656521 577149 594819 516874 594819 516874
655709 577879 655709 577879 594335 515895 594335 515895
650162 575836 650162 575836 591717 510596 591717 510596
646804 549807 646804 549807 580090 487067 580090 487067
640231 540089 640231 540089 574892 476549 574892 476549
637021 535342 637021 535342 569304 475279 569304 475279
621811 558358 621811 558358 542402 469167 542402 469167
620786 559785 620786 559785 540688 468778 540688 468778
595310 595252 595310 595252 497236 464440 497236 464440
580421 615981 580421 615981 479437 446149 479437 446149
562882 640399 562882 640399 452621 432557 452621 432557
552297 651798 552297 651798 438745 425524 438745 425524
498564 709662 498564 709662 516888 414164 516888 414164
481030 728545 481030 728545 541946 420171 541946 420171
479717 729959 479717 729959 543315 421532 543315 421532
461197 729201 461197 729201 556459 434600 556459 434600
425286 727731 425286 727731 588307 417942 588307 417942
410587 727129 410587 727129 580681 405362 580681 405362
401653 699709 401653 699709 565731 380701 565731 380701
395498 680818 395498 680818 548046 371644 548046 371644
386321 684656 386321 684656 539193 367110 539193 367110
375564 689155 375564 689155 549310 361313 549310 361313
386866 715880 386866 715880 574486 346886 574486 346886
387945 718431 387945 718431 576191 349069 576191 349069
383152 723046 383152 723046 580287 354313 580287 354313
372326 733470 372326 733470 593059 346393 593059 346393
331509 737896 331509 737896 627951 324756 627951 324756
314201 739773 314201 739773 613353 315270 613353 315270
273949 799097 273949 799097 553240 276206 553240 276206
278575 767130 278575 767130 526156 258606 526156 258606
283075 736035 283075 736035 507396 283809 507396 283809
275034 714460 275034 714460 493648 302279 493648 302279
279755 710501 279755 710501 489969 307221 489969 307221
295297 697469 295297 697469 501526 323889 501526 323889
289853 697639 289853 697639 504629 328365 504629 328365
248581 698929 248581 698929 509889 369321 509889 369321
233336 691624 233336 691624 512043 386088 512043 386088
200390 675835 200390 675835 479969 368595 479969 368595
198353 674859 198353 674859 477966 369640 477966 369640
213211 668393 213211 668393 463601 377136 463601 377136
226133 662770 226133 662770 458509 390277 458509 390277
236560 657295 236560 657295 454254 401258 454254 401258
254241 648011 254241 648011 434289 401743 434289 401743
257650 646221 257650 646221 430562 402709 430562 402709
270863 639283 270863 639283 429104 387857 429104 387857
281540 629090 281540 629090 427663 373166 427663 373166
276795 625845 276795 625845 427101 367445 427101 367445
266099 618530 266099 618530 438856 372898 438856 372898
261050 615077 261050 615077 444038 376148 444038 376148
256641 612062 256641 612062 442854 370940 442854 370940
259355 612208 259355 612208 442251 368290 442251 368290
274992 613046 274992 613046 450591 355036 450591 355036
276133 612116 276133 612116 451375 353790 451375 353790
284486 605309 284486 605309 440767 351899 440767 351899
287678 602708 287678 602708 438014 348837 438014 348837
290342 600536 290342 600536 434824 347558 434824 347558
300490 592266 300490 592266 436838 334622 436838 334622
302568 590572 302568 590572 439314 333596 439314 333596
303161 590089 303161 590089 439108 332859 439108 332859
304709 620613 304709 620613 430883 303423 430883 303423
304900 624373 304900 624373 427248 302443 427248 302443
331291 634847 331291 634847 399833 295055 399833 295055
346016 640691 346016 640691 395315 310239 395315 310239
349107 636630 349107 636630 393859 315131 393859 315131
373670 604361 373670 604361 364624 343237 364624 343237
377560 605061 377560 605061 361775 345976 361775 345976
414650 611734 414650 611734 389000 372034 389000 372034
426255 613822 426255 613822 379012 378302 379012 378302
431552 612007 431552 612007 374269 381278 374269 381278
467976 599525 467976 599525 336203 387064 336203 387064
494001 590608 494001 590608 316848 367515 316848 367515
521089 581326 521089 581326 300811 343793 300811 343793
537337 575758 537337 575758 284976 350447 284976 350447
542748 560385 542748 560385 269951 356760 269951 356760
558027 516970 558027 516970 293244 396455 293244 396455
565538 495631 565538 495631 314842 403188 314842 403188
574529 488016 574529 488016 326090 406694 326090 406694
579269 484000 579269 484000 328504 412419 328504 412419
596386 469501 596386 469501 338185 432654 338185 432654
604687 462470 604687 462470 346417 439766 346417 439766
607578 443872 607578 443872 360660 452070 360660 452070
615805 423855 615805 423855 377037 466217 377037 466217
616938 421098 616938 421098 375385 468698 375385 468698
597367 392331 597367 392331 356103 497660 356103 497660
593047 385980 593047 385980 358035 505094 358035 505094
587856 378351 587856 378351 367256 504745 367256 504745
584050 353835 584050 353835 392048 503805 392048 503805
579846 352508 579846 352508 396453 503638 396453 503638
562032 346884 562032 346884 412319 493777 412319 493777
517895 332949 517895 332949 448978 465521 448978 465521
507450 329652 507450 329652 457153 472810 457153 472810
495054 325738 495054 325738 468821 478542 468821 478542
486438 323018 486438 323018 474328 485704 474328 485704
478918 309242 478918 309242 483896 498146 483896 498146
460643 275766 460643 275766 507211 528329 507211 528329
451013 258126 451013 258126 513664 547362 513664 547362
449489 255334 449489 255334 515493 549964 515493 549964
400311 253779 400311 253779 543791 590215 543791 590215
387409 253371 387409 253371 556557 592128 556557 592128
347608 252113 347608 252113 559398 631847 559398 631847
340010 260872 340010 260872 560225 643413 560225 643413
305436 276136 305436 276136 562922 681110 562922 681110
304996 276330 304996 276330 562541 680816 562541 680816
258479 287276 258479 287276 524744 651576 524744 651576
268446 269748 268446 269748 508795 639238 508795 639238
289791 232212 289791 232212 490061 600333 490061 600333
303718 216523 303718 216523 480959 581432 480959 581432
302814 206644 302814 206644 476655 572494 476655 572494
301898 196624 301898 196624 470844 564280 470844 564280
301038 187226 301038 187226 463535 558310 463535 558310
267032 200623 267032 200623 435228 535188 435228 535188
200709 226750 200709 226750 418573 604499 418573 604499
190438 230796 190438 230796 419723 615478 419723 615478
166128 255422 166128 255422 423328 649893 423328 649893
166128 255422 166128 255422 427394 688717 427394 688717
166128 255422 166128 255422 484025 736428 484025 736428
166128 255422 166128 255422 408464 762705 408464 762705
166128 255422 166128 255422 332902 788982 332902 788982
166128 255422 166128 255422 257341 815259 257341 815259
166128 255422 166128 255422 229455 824957 229455 824957
166128 255422 166128 255422 156228 792742 156228 792742
166128 255422 166128 255422 151236 790546 151236 790546
166128 255422 166128 255422 188401 719703 188401 719703
166128 255422 166128 255422 225566 648859 225566 648859
166128 255422 166128 255422 251572 599287 251572 599287
166128 255422 166128 255422 239797 523731 239797 523731
166128 255422 166128 255422 221594 475489 221594 475489
166128 255422 166128 255422 148051 477877 148051 477877
