256808 202547 256808 202547 167959 183278 167959 183278
269803 211110 269803 211110 183056 187055 183056 187055
271034 214469 271034 214469 186527 187924 186527 187924
254133 228206 254133 228206 207655 193210 207655 193210
269533 235570 269533 235570 224215 197353 224215 197353
288570 244674 288570 244674 243365 188490 243365 188490
284959 245510 284959 245510 246729 186933 246729 186933
266380 249814 266380 249814 264952 192555 264952 192555
265124 255264 265124 255264 270296 194204 270296 194204
267654 264563 267654 264563 279505 197045 279505 197045
260056 267854 260056 267854 287417 199486 287417 199486
242052 275653 242052 275653 278817 217122 278817 217122
255761 281599 255761 281599 272267 230553 272267 230553
287457 295345 287457 295345 243575 249797 243575 249797
296401 285519 296401 285519 232540 257198 232540 257198
300228 281314 300228 281314 228846 261520 228846 261520
300772 280187 300772 280187 228032 262471 228032 262471
312192 279091 312192 279091 220578 271192 220578 271192
320594 278285 320594 278285 213422 266715 213422 266715
321022 259887 321022 259887 197821 256955 197821 256955
321498 239400 321498 239400 181896 269852 181896 269852
321746 228726 321746 228726 185316 279966 185316 279966
315887 205582 315887 205582 192964 302582 192964 302582
307333 204704 307333 204704 195719 310728 195719 310728
302569 211038 302569 211038 198258 318236 198258 318236
291352 209365 291352 209365 201891 328979 201891 328979
299560 194174 299560 194174 207422 345336 207422 345336
315114 183143 315114 183143 213530 363400 213530 363400
297801 177806 297801 177806 219334 380562 219334 380562
301923 172185 301923 172185 221567 387165 221567 387165
307423 164686 307423 164686 229629 391800 229629 391800
309327 162090 309327 162090 228789 394909 228789 394909
335009 162209 335009 162209 222093 419702 222093 419702
372381 160972 372381 160972 212344 455802 212344 455802
388019 160455 388019 160455 199371 464548 199371 464548
379732 180860 379732 180860 181109 476859 181109 476859
361895 224778 361895 224778 167969 522403 167969 522403
349951 237496 349951 237496 163133 539167 163133 539167
344242 243575 344242 243575 170947 542079 170947 542079
367167 259955 367167 259955 197349 551918 197349 551918
374422 265232 374422 265232 205756 555051 205756 555051
377099 263609 377099 263609 208689 556144 208689 556144
387157 257512 387157 257512 212495 545015 212495 545015
401106 254956 401106 254956 217083 531597 217083 531597
438539 259731 438539 259731 229293 495890 229293 495890
395955 290451 395955 290451 246283 446206 246283 446206
423014 297833 423014 297833 255358 419667 255358 419667
423609 298828 423609 298828 255733 418570 255733 418570
432337 313419 432337 313419 264908 404256 264908 404256
432985 314502 432985 314502 265076 403005 265076 403005
451446 306575 451446 306575 267746 383093 267746 383093
467766 299568 467766 299568 285423 381371 285423 381371
489685 293469 489685 293469 308068 379166 308068 379166
485887 262623 485887 262623 339000 376153 339000 376153
487592 254969 487592 254969 346805 375393 346805 375393
489984 244233 489984 244233 357728 376687 357728 376687
493723 227449 493723 227449 374033 382149 374033 382149
513431 179598 513431 179598 423103 398588 423103 398588
523349 155515 523349 155515 397797 404749 397797 404749
526643 147517 526643 147517 390927 410004 390927 410004
583636 159068 583636 159068 344738 445335 344738 445335
597848 165871 597848 165871 332223 454908 332223 454908
613614 173418 613614 173418 334811 472194 334811 472194
614086 173644 614086 173644 335274 472439 335274 472439
659831 172186 659831 172186 375742 493818 375742 493818
656087 173964 656087 173964 379407 495754 379407 495754
634764 184088 634764 184088 386000 473089 386000 473089
634141 184384 634141 184384 386667 473261 386667 473261
615859 199071 615859 199071 409373 479125 409373 479125
612616 201677 612616 201677 412409 481969 412409 481969
599787 211984 599787 211984 424603 493021 424603 493021
589439 220297 589439 220297 436823 487839 436823 487839
555339 202815 555339 202815 472102 472879 472102 472879
547964 214159 547964 214159 484559 467597 484559 467597
534067 235535 534067 235535 507253 455975 507253 455975
531742 239111 531742 239111 511390 454935 511390 454935
532189 248213 532189 248213 520228 452714 520228 452714
518545 276097 518545 276097 550334 445146 550334 445146
514012 283407 514012 283407 558676 443049 558676 443049
514332 293023 514332 293023 568007 440703 568007 440703
514783 306605 514783 306605 581042 444547 581042 444547
504355 335188 504355 335188 610225 453152 610225 453152
486181 385001 486181 385001 601956 400776 601956 400776
472971 421211 472971 421211 613176 363901 613176 363901
468816 432599 468816 432599 622574 356243 622574 356243
466155 439893 466155 439893 623365 348519 623365 348519
446474 493836 446474 493836 658227 302893 658227 302893
438268 516330 438268 516330 664037 279664 664037 279664
431128 535900 431128 535900 645357 288884 645357 288884
421993 560939 421993 560939 620772 278589 620772 278589
419813 566913 419813 566913 623823 284169 623823 284169
414008 582825 414008 582825 624382 301097 624382 301097
405869 605134 405869 605134 601173 306125 601173 306125
394987 634960 394987 634960 605990 337507 605990 337507
383379 666778 383379 666778 572332 341282 572332 341282
376033 686913 376033 686913 553326 331374 553326 331374
374216 691893 374216 691893 552957 336662 552957 336662
340393 713660 340393 713660 550154 376786 550154 376786
329676 720557 329676 720557 539702 369493 539702 369493
261995 735323 261995 735323 482891 329855 482891 329855
235695 741061 235695 741061 504201 313408 504201 313408
272404 737254 272404 737254 533417 290858 533417 290858
311788 733169 311788 733169 566560 269194 566560 269194
327790 731509 327790 731509 577504 257403 577504 257403
356844 728496 356844 728496 593394 232893 593394 232893
369173 743870 369173 743870 604114 216357 604114 216357
374161 750090 374161 750090 612025 215360 612025 215360
380326 754648 380326 754648 619631 214400 619631 214400
401643 755055 401643 755055 640785 211733 640785 211733
436726 755726 436726 755726 673655 224014 673655 224014
492415 756791 492415 756791 728734 215723 728734 215723
497036 756879 497036 756879 733354 215823 733354 215823
497113 748472 497113 748472 741760 216005 741760 216005
497122 747517 497122 747517 741985 216933 741985 216933
502657 742214 502657 742214 743791 224382 743791 224382
516239 736000 516239 736000 747310 238898 747310 238898
516348 735950 516348 735950 747427 238925 747427 238925
548276 767027 548276 767027 790843 248937 790843 248937
564211 766297 564211 766297 806386 252522 806386 252522
557239 743060 557239 743060 830026 257974 830026 257974
531424 732662 531424 732662 857145 264228 857145 264228
522571 719499 522571 719499 872602 267793 872602 267793
512084 712669 512084 712669 884797 270605 884797 270605
503147 706848 503147 706848 876235 276965 876235 276965
529953 711341 529953 711341 854417 293173 854417 293173
530563 710537 530563 710537 853607 293775 853607 293775
529013 695377 529013 695377 841373 302863 841373 302863
531644 690356 531644 690356 836823 306243 836823 306243
555842 644180 555842 644180 785886 295143 785886 295143
562935 651896 562935 651896 775646 292912 775646 292912
579162 669549 579162 669549 762008 273190 762008 273190
608925 701928 608925 701928 718670 265704 718670 265704
624224 718571 624224 718571 708035 285653 708035 285653
631211 702653 631211 702653 699857 300993 699857 300993
644227 673001 644227 673001 696792 333231 696792 333231
646849 667029 646849 667029 702891 335541 702891 335541
653810 651171 653810 651171 692346 349279 692346 349279
656005 646170 656005 646170 688101 352716 688101 352716
677485 667778 677485 667778 664423 371889 664423 371889
677644 667938 677644 667938 664436 372115 664436 372115
685808 659757 685808 659757 665082 383654 665082 383654
705187 666683 705187 666683 666232 404202 666232 404202
713012 669480 713012 669480 674540 404348 674540 404348
735410 644330 735410 644330 708213 404939 708213 404939
734787 644005 734787 644005 708915 404951 708915 404951
714322 633330 714322 633330 706315 427886 706315 427886
717217 629995 717217 629995 705818 432274 705818 432274
720592 619152 720592 619152 704539 443558 704539 443558
736292 595880 736292 595880 701377 471452 701377 471452
740472 589684 740472 589684 703461 478630 703461 478630
765590 598667 765590 598667 710901 504248 710901 504248
765365 601219 765365 601219 711615 506708 711615 506708
763563 621687 763563 621687 732042 508926 732042 508926
800982 635683 800982 635683 771759 513240 771759 513240
847459 653067 847459 653067 796080 469987 796080 469987
847310 653765 847310 653765 796430 469365 796430 469365
841993 678702 841993 678702 781014 449056 781014 449056
841445 681269 841445 681269 783214 447623 783214 447623
837478 699875 837478 699875 796541 434047 796541 434047
822327 693361 822327 693361 808094 422278 808094 422278
821133 693876 821133 693876 809005 421350 809005 421350
819489 692832 819489 692832 810369 419960 810369 419960
808211 685673 808211 685673 818359 409255 818359 409255
797317 678758 797317 678758 820451 421988 820451 421988
784758 673847 784758 673847 822637 435294 822637 435294
768968 667673 768968 667673 838179 442068 838179 442068
767513 665158 767513 665158 840843 443229 840843 443229
743869 676760 743869 676760 864987 453752 864987 453752
749004 681752 749004 681752 871552 456613 871552 456613
751647 683548 751647 683548 874481 457890 874481 457890
744459 686759 744459 686759 881698 461035 881698 461035
736579 707199 736579 707199 901780 469788 901780 469788
737264 719747 737264 719747 913300 474809 913300 474809
738749 746968 738749 746968 887470 483528 887470 483528
770145 718547 770145 718547 847345 497072 847345 497072
772404 720116 772404 720116 844739 497952 844739 497952
787841 730838 787841 730838 851198 515602 851198 515602
800977 739961 800977 739961 837949 524561 837949 524561
812376 750333 812376 750333 825183 533193 825183 533193
813071 744783 813071 744783 820549 536327 820549 536327
836951 737556 836951 737556 799881 550302 799881 550302
836951 737556 836951 737556 798809 551027 798809 551027
836951 737556 836951 737556 788816 562277 788816 562277
836951 737556 836951 737556 768312 549091 768312 549091
836951 737556 836951 737556 750484 577051 750484 577051
836951 737556 836951 737556 676895 566352 676895 566352
836951 737556 836951 737556 627416 629216 627416 629216
836951 737556 836951 737556 588645 678475 588645 678475
836951 737556 836951 737556 588911 758475 588911 758475
836951 737556 836951 737556 588933 765195 588933 765195
836951 737556 836951 737556 651051 714783 651051 714783
836951 737556 836951 737556 713169 664371 713169 664371
836951 737556 836951 737556 717337 660988 717337 660988
836951 737556 836951 737556 722208 618616 722208 618616
836951 737556 836951 737556 777322 641203 777322 641203
836951 737556 836951 737556 757039 663950 757039 663950
836951 737556 836951 737556 770410 727988 770410 727988
836951 737556 836951 737556 792224 679941 792224 679941
836951 737556 836951 737556 830065 649032 830065 649032
836951 737556 836951 737556 836291 676022 836291 676022
836951 737556 836951 737556 838321 701505 838321 701505
836951 737556 836951 737556 849071 765443 849071 765443
836951 737556 836951 737556 907305 710590 907305 710590
836951 737556 836951 737556 946397 673767 946397 673767
