150218 398459 150218 398459 389987 820178 389987 820178
184731 411883 184731 411883 407723 787670 407723 787670
188763 399643 188763 399643 413895 776357 413895 776357
191427 391554 191427 391554 421465 772455 421465 772455
194238 383020 194238 383020 429579 768596 429579 768596
202539 378072 202539 378072 438306 764446 438306 764446
223195 365759 223195 365759 414657 768805 414657 768805
228203 362774 228203 362774 408840 768401 408840 768401
230293 379969 230293 379969 391561 767200 391561 767200
231415 389203 231415 389203 389326 758170 389326 758170
233665 407719 233665 407719 372402 750328 372402 750328
259631 386642 259631 386642 342058 736268 342058 736268
261781 379275 261781 379275 335095 733041 335095 733041
271979 344326 271979 344326 368931 719603 368931 719603
286809 372109 286809 372109 398200 707979 398200 707979
290649 379302 290649 379302 396605 699983 396605 699983
299506 375652 299506 375652 394732 690588 394732 690588
331506 362462 331506 362462 381206 658729 381206 658729
313872 385286 313872 385286 369934 632180 369934 632180
306809 394427 306809 394427 381465 631480 381465 631480
292342 418763 292342 418763 409724 629763 409724 629763
286399 428760 286399 428760 417531 621142 417531 621142
300418 428736 300418 428736 426941 610751 426941 610751
301514 428734 301514 428734 427826 611397 427826 611397
335951 428676 335951 428676 450826 637028 450826 637028
348401 428655 348401 428655 448068 649169 448068 649169
347101 444716 347101 444716 444499 664882 444499 664882
345980 458559 345980 458559 448319 678234 448319 678234
344581 475843 344581 475843 454984 694243 454984 694243
344508 476748 344508 476748 455891 694201 455891 694201
310096 473137 310096 473137 490454 692586 490454 692586
309801 462083 309801 462083 501500 692069 501500 692069
304870 462310 304870 462310 506431 691839 506431 691839
290850 462954 290850 462954 500171 679278 500171 679278
288612 473581 288612 473581 495327 669558 495327 669558
279090 491860 279090 491860 486134 651111 486134 651111
268620 511959 268620 511959 496435 630925 496435 630925
266028 516934 266028 516934 498990 625931 498990 625931
260195 490770 260195 490770 511200 602067 511200 602067
257811 488765 257811 488765 512619 599294 512619 599294
251324 483310 251324 483310 519377 594178 519377 594178
234684 469613 234684 469613 536560 581169 536560 581169
219302 472145 219302 472145 548989 571760 548989 571760
195792 476015 195792 476015 525196 570503 525196 570503
179771 478189 179771 478189 509050 569650 509050 569650
193244 497380 193244 497380 485635 568413 485635 568413
205789 515248 205789 515248 470131 583785 470131 583785
193341 531599 193341 531599 455538 598253 455538 598253
194691 533352 194691 533352 453967 599811 453967 599811
200075 540344 200075 540344 449482 592211 449482 592211
210925 542957 210925 542957 443811 582599 443811 582599
212068 544613 212068 544613 442788 580866 442788 580866
220399 556681 220399 556681 452351 569749 452351 569749
225458 557090 225458 557090 455661 565901 455661 565901
241835 558414 241835 558414 470358 558555 470358 558555
253803 559381 253803 559381 466658 547133 466658 547133
263239 560144 263239 560144 469719 538174 469719 538174
261738 602411 261738 602411 483393 498152 483393 498152
260267 643837 260267 643837 512180 468327 512180 468327
232771 647677 232771 647677 531461 448351 531461 448351
221798 649210 221798 649210 542529 447841 542529 447841
219622 649514 219622 649514 542024 445703 542024 445703
249813 702885 249813 702885 527936 386025 527936 386025
268459 735847 268459 735847 555231 359773 555231 359773
271644 741478 271644 741478 549833 356208 549833 356208
328367 732137 328367 732137 501864 324526 501864 324526
372897 724804 372897 724804 479161 363530 479161 363530
378726 723844 378726 723844 482243 368570 482243 368570
381715 717171 381715 717171 486057 374808 486057 374808
414422 644163 414422 644163 461393 450911 461393 450911
418816 634355 418816 634355 458080 461134 458080 461134
420954 629584 420954 629584 462870 463231 462870 463231
423277 624397 423277 624397 459784 468003 459784 468003
394553 617336 394553 617336 443722 492842 443722 492842
382097 622169 382097 622169 436467 504061 436467 504061
365501 628608 365501 628608 420624 512177 420624 512177
338130 585753 338130 585753 375367 535362 375367 535362
322207 560822 322207 560822 358154 511303 358154 511303
322521 543482 322521 543482 348063 497199 348063 497199
328762 542824 328762 542824 344411 492095 344411 492095
326795 538036 326795 538036 341399 487885 341399 487885
319423 520092 319423 520092 322881 493664 322881 493664
324622 517691 324622 517691 317414 495370 317414 495370
334358 524177 334358 524177 306247 498855 306247 498855
340552 524838 340552 524838 300300 500711 300300 500711
374222 528434 374222 528434 284035 530410 284035 530410
378331 528873 378331 528873 283954 526278 283954 526278
372098 494153 372098 494153 283267 491010 283267 491010
381669 489126 381669 489126 283056 480201 283056 480201
413416 472451 413416 472451 282853 444342 282853 444342
420103 468939 420103 468939 290340 445338 290340 445338
438751 459145 438751 459145 307096 432574 307096 432574
453488 451404 453488 451404 319153 444051 319153 444051
462363 446743 462363 446743 329006 442201 329006 442201
472728 441299 472728 441299 330733 430622 330733 430622
479739 450963 479739 450963 332494 418813 332494 418813
484486 457507 484486 457507 337010 412107 337010 412107
494974 471965 494974 471965 354696 414599 354696 414599
499504 478209 499504 478209 361631 411220 361631 411220
528543 472956 528543 472956 388160 398295 388160 398295
542184 470488 542184 470488 376868 390254 376868 390254
563030 475029 563030 475029 359489 377879 359489 377879
555929 466535 555929 466535 350470 371457 350470 371457
548217 457312 548217 457312 345857 360355 345857 360355
544105 446204 544105 446204 341312 349417 341312 349417
545526 445589 545526 445589 340718 347987 340718 347987
563406 437855 563406 437855 331817 365316 331817 365316
568192 435785 568192 435785 326692 364358 326692 364358
576390 432582 576390 432582 318040 362742 318040 362742
577451 432167 577451 432167 317365 363660 317365 363660
576564 430573 576564 430573 316285 365130 316285 365130
571280 421073 571280 421073 319926 375373 319926 375373
566059 411688 566059 411688 309522 372712 309522 372712
561705 403860 561705 403860 301635 376960 301635 376960
561001 402595 561001 402595 300377 376244 300377 376244
577816 408025 577816 408025 285018 367508 285018 367508
587203 411056 587203 411056 285945 357687 285945 357687
588014 411318 588014 411318 285093 357664 285093 357664
623247 435817 623247 435817 242196 356503 242196 356503
615782 444532 615782 444532 230725 356192 230725 356192
605752 456242 605752 456242 215430 358140 215430 358140
596047 467572 596047 467572 210310 344128 210310 344128
597255 491266 597255 491266 202167 321844 202167 321844
599987 517432 599987 517432 193138 297134 193138 297134
592282 525913 592282 525913 189205 286372 189205 286372
588860 529680 588860 529680 187577 281550 187577 281550
575101 544824 575101 544824 205990 290474 205990 290474
553496 527824 553496 527824 230729 302463 230729 302463
537390 572545 537390 572545 273503 323193 273503 323193
525892 604469 525892 604469 300104 344259 300104 344259
526253 604840 526253 604840 300509 344580 300509 344580
557824 637274 557824 637274 336680 317369 336680 317369
572229 652073 572229 652073 335996 296729 335996 296729
571575 656031 571575 656031 335863 292719 335863 292719
567085 683182 567085 683182 346154 267196 346154 267196
571489 685428 571489 685428 348002 262611 348002 262611
587202 693442 587202 693442 364499 256366 364499 256366
613256 717955 613256 717955 397955 243702 397955 243702
614655 732225 614655 732225 411364 238626 411364 238626
630623 770026 630623 770026 449742 224098 449742 224098
638779 789333 638779 789333 468608 233228 468608 233228
640651 766571 640651 766571 489166 243178 489166 243178
644258 722728 644258 722728 476711 285369 476711 285369
642910 719000 642910 719000 475589 289171 475589 289171
636762 702003 636762 702003 476443 307225 476443 307225
634648 696160 634648 696160 482473 305723 482473 305723
629706 689958 629706 689958 490168 303806 490168 303806
629007 685779 629007 685779 494279 302782 494279 302782
622858 649034 622858 649034 523493 279662 523493 279662
645744 625666 645744 625666 549142 259364 549142 259364
672905 597934 672905 597934 542488 221122 542488 221122
674912 589086 674912 589086 540933 212183 540933 212183
679547 568657 679547 568657 523689 200288 523689 200288
688217 566439 688217 566439 516323 195207 516323 195207
713197 560048 713197 560048 517055 169433 517055 169433
714216 558993 714216 558993 517097 167966 517097 167966
710956 554790 710956 554790 517248 162650 517248 162650
694207 533195 694207 533195 537736 180737 537736 180737
688530 529985 688530 529985 542626 185053 542626 185053
665059 516714 665059 516714 561990 203816 561990 203816
674635 510989 674635 510989 570002 211579 570002 211579
678447 489604 678447 489604 585602 226695 585602 226695
680962 475499 680962 475499 589528 240474 589528 240474
681217 474067 681217 474067 590970 240665 590970 240665
696126 478628 696126 478628 606426 242715 606426 242715
712267 474964 712267 474964 622834 244892 622834 244892
736597 453927 736597 453927 654718 249121 654718 249121
734150 453261 734150 453261 657232 249454 657232 249454
718679 449053 718679 449053 652584 264799 652584 264799
710287 441897 710287 441897 649387 275354 649387 275354
685129 420442 685129 420442 620860 292071 620860 292071
691038 416858 691038 416858 614897 295565 614897 295565
716934 401151 716934 401151 591832 315194 591832 315194
727726 394605 727726 394605 592179 327811 592179 327811
727581 379191 727581 379191 592602 343220 592602 343220
727278 346842 727278 346842 619392 325085 619392 325085
730642 352664 730642 352664 624960 321316 624960 321316
748866 384206 748866 384206 653275 344234 653275 344234
765634 413228 765634 413228 682038 361443 682038 361443
765252 413607 765252 413607 682500 361719 682500 361719
749450 429258 749450 429258 703335 369502 703335 369502
755011 435211 755011 435211 710966 372352 710966 372352
783993 466237 783993 466237 698288 331832 698288 331832
790384 473078 790384 473078 689968 327539 689968 327539
787669 484074 787669 484074 679903 322345 679903 322345
783451 501159 783451 501159 694891 313124 694891 313124
752918 511154 752918 511154 722254 296289 722254 296289
734859 517065 734859 517065 735725 309691 735725 309691
759697 537096 759697 537096 758345 332197 758345 332197
787511 559528 787511 559528 768641 297980 768641 297980
815037 564300 815037 564300 776690 271228 776690 271228
815189 564179 815189 564179 776746 271042 776746 271042
833374 549725 833374 549725 799786 274004 799786 274004
854362 533043 854362 533043 799786 274004 799786 274004
838348 520114 838348 520114 799786 274004 799786 274004
835700 512412 835700 512412 799786 274004 799786 274004
845161 434589 845161 434589 799786 274004 799786 274004
922376 413665 922376 413665 799786 274004 799786 274004
931168 411283 931168 411283 799786 274004 799786 274004
923314 490897 923314 490897 799786 274004 799786 274004
916338 561611 916338 561611 799786 274004 799786 274004
936207 607648 936207 607648 799786 274004 799786 274004
