858778 403373 858778 403373 72960 715484 72960 715484
814780 445561 814780 445561 98881 660314 98881 660314
805823 454150 805823 454150 110378 664986 110378 664986
781388 485245 781388 485245 147015 679876 147015 679876
776177 463187 776177 463187 168012 688409 168012 688409
774129 454517 774129 454517 175991 692371 175991 692371
762064 454934 762064 454934 186804 697739 186804 697739
758707 455897 758707 455897 189932 699292 189932 699292
731206 463788 731206 463788 186075 727642 186075 727642
732405 472470 732405 472470 184893 736326 184893 736326
735116 492099 735116 492099 202919 744555 202919 744555
733243 501923 733243 501923 212017 748708 212017 748708
719159 575806 719159 575806 185626 819139 185626 819139
715885 592980 715885 592980 202888 816363 202888 816363
681889 594304 681889 594304 236478 810960 236478 810960
627122 596438 627122 596438 290900 817458 290900 817458
635190 589683 635190 589683 301348 818706 301348 818706
659380 569432 659380 569432 307679 787800 307679 787800
662266 546445 662266 546445 312329 765104 312329 765104
663777 534407 663777 534407 311662 752990 311662 752990
654971 525831 654971 525831 310987 740717 310987 740717
637891 509197 637891 509197 295470 722615 295470 722615
633004 504437 633004 504437 289466 725853 289466 725853
628011 499575 628011 499575 282726 727624 282726 727624
631932 497576 631932 497576 278469 728743 278469 728743
644033 491406 644033 491406 271067 740133 271067 740133
658982 483784 658982 483784 254711 743877 254711 743877
659484 483528 659484 483528 254979 743381 254979 743381
668853 486108 668853 486108 259589 734826 259589 734826
682114 506949 682114 506949 271310 713082 271310 713082
683572 506744 683572 506744 272008 711786 272008 711786
691887 505577 691887 505577 271725 703394 271725 703394
701893 504172 701893 504172 281781 702407 281781 702407
710321 507354 710321 507354 290747 701528 290747 701528
708397 497978 708397 497978 300272 700593 300272 700593
706311 487819 706311 487819 310605 701481 310605 701481
703429 473777 703429 473777 304434 688542 304434 688542
702406 471905 702406 471905 303516 686617 303516 686617
691267 451521 691267 451521 281787 678406 281787 678406
687029 443765 687029 443765 273944 674330 273944 674330
689654 440327 689654 440327 270106 672335 270106 672335
703543 440704 703543 440704 257777 665928 257777 665928
707881 440822 707881 440822 253456 666327 253456 666327
708745 441340 708745 441340 252453 666419 252453 666419
715523 445405 715523 445405 253675 674228 253675 674228
715505 442529 715505 442529 254120 677069 254120 677069
715418 428824 715418 428824 244462 686793 244462 686793
728700 422610 728700 422610 234128 697197 234128 697197
757815 408987 757815 408987 207491 679204 207491 679204
754552 403101 754552 403101 201914 675437 201914 675437
747100 389660 747100 389660 205717 660547 205717 660547
734367 381562 734367 381562 209452 645926 209452 645926
733282 374726 733282 374726 211165 639220 211165 639220
730254 355661 730254 355661 217589 621016 217589 621016
724289 318090 724289 318090 253973 632123 253973 632123
720739 295730 720739 295730 263454 652682 263454 652682
719983 296468 719983 296468 263896 653641 263896 653641
710527 305703 710527 305703 271178 642610 271178 642610
705314 310793 705314 310793 268830 635713 268830 635713
686300 329361 686300 329361 283150 613324 283150 613324
675161 340238 675161 340238 295893 622268 295893 622268
663678 351452 663678 351452 290977 637547 290977 637547
655151 359779 655151 359779 302827 638816 302827 638816
662889 375565 662889 375565 320308 640688 320308 640688
672770 395724 672770 395724 342093 635264 342093 635264
669605 402812 669605 402812 349626 633389 349626 633389
659538 425351 659538 425351 345235 657680 345235 657680
651353 443678 651353 443678 333736 674132 333736 674132
644475 437273 644475 437273 328352 681835 328352 681835
632293 425929 632293 425929 335527 696855 335527 696855
630542 426064 630542 426064 336284 698440 336284 698440
611763 427513 611763 427513 343491 681038 343491 681038
610509 427610 610509 427610 344735 681223 344735 681223
598178 424611 598178 424611 357288 683085 357288 683085
592083 423129 592083 423129 359159 677098 359159 677098
577800 419655 577800 419655 371972 684301 371972 684301
536015 409494 536015 409494 384708 725375 384708 725375
508293 402752 508293 402752 356178 725390 356178 725390
489054 398073 489054 398073 345885 742304 345885 742304
474171 394453 474171 394453 357850 751867 357850 751867
456833 390237 456833 390237 372097 762609 372097 762609
445459 391467 445459 391467 381232 769496 381232 769496
418326 394402 418326 394402 398356 790746 398356 790746
424573 372315 424573 372315 412759 808619 412759 808619
424748 371698 424748 371698 412837 807982 412837 807982
416676 357493 416676 357493 414814 791764 414814 791764
384766 352431 384766 352431 418725 759693 418725 759693
369565 334365 369565 334365 421583 736256 421583 736256
373960 333381 373960 333381 422129 731785 422129 731785
373983 333325 373983 333325 422136 731725 422136 731725
382755 312341 382755 312341 430752 710677 430752 710677
394544 324093 394544 324093 437057 695271 437057 695271
408307 324855 408307 324855 442279 682514 442279 682514
454003 327385 454003 327385 398821 668166 398821 668166
452373 321582 452373 321582 393097 666276 393097 666276
448234 306850 448234 306850 378193 662806 378193 662806
445617 297533 445617 297533 371870 655480 371870 655480
441005 297549 441005 297549 368857 651988 368857 651988
428172 297593 428172 297593 374188 640315 374188 640315
416193 294584 416193 294584 379318 629080 379318 629080
396964 289754 396964 289754 376740 609422 376740 609422
387992 287501 387992 287501 372789 601057 372789 601057
386584 287147 386584 287147 371721 602041 371721 602041
379005 281368 379005 281368 364713 608499 364713 608499
371062 275312 371062 275312 360199 617410 360199 617410
363218 269330 363218 269330 350521 615499 350521 615499
359371 266397 359371 266397 348226 611241 348226 611241
343532 279138 343532 279138 338580 593348 338580 593348
337505 284109 337505 284109 334873 586471 334873 586471
309507 307202 309507 307202 368028 571709 368028 571709
324699 316019 324699 316019 384075 564564 384075 564564
342520 326361 342520 326361 404302 560639 404302 560639
360695 368332 360695 368332 449202 551926 449202 551926
368417 386164 368417 386164 450162 532518 450162 532518
364344 390419 364344 390419 450453 526635 450453 526635
309019 448204 309019 448204 484994 454476 484994 454476
284267 474057 284267 474057 500447 422193 500447 422193
250219 509620 250219 509620 461502 392071 461502 392071
188917 520386 188917 520386 412270 353992 412270 353992
193884 548660 193884 548660 389562 336429 389562 336429
207116 623986 207116 623986 437580 276903 437580 276903
254278 631304 254278 631304 467545 239756 467545 239756
295562 637711 295562 637711 509258 237423 509258 237423
303060 638874 303060 638874 514418 242986 514418 242986
311270 643620 311270 643620 520867 249939 520867 249939
311067 643751 311067 643751 521031 250116 521031 250116
299998 650893 299998 650893 521139 263289 521139 263289
295647 653700 295647 653700 524464 259320 524464 259320
282137 665836 282137 665836 536125 245398 536125 245398
270971 675867 270971 675867 549863 251445 549863 251445
269904 679773 269904 679773 553569 253076 553569 253076
269906 702295 269906 702295 574182 262150 574182 262150
269906 703051 269906 703051 574872 261840 574872 261840
244264 725556 244264 725556 606000 247876 606000 247876
243842 725926 243842 725926 606549 247759 606549 247759
244683 725789 244683 725789 607383 247581 607383 247581
264378 722594 264378 722594 620075 232186 620075 232186
271864 721379 271864 721379 623988 238682 623988 238682
276409 719567 276409 719567 626512 242874 626512 242874
286718 714064 286718 714064 632542 252884 632542 252884
291610 704330 291610 704330 638163 262216 638163 262216
297783 692047 297783 692047 648388 271404 648388 271404
313308 697551 313308 697551 660641 282413 660641 282413
314683 698038 314683 698038 660852 280970 660852 280970
310719 716888 310719 716888 663635 261910 663635 261910
291009 718310 291009 718310 666490 242356 666490 242356
289921 723706 289921 723706 667286 236909 667286 236909
289687 742632 289687 742632 670020 218180 670020 218180
288697 747414 288697 747414 670726 213348 670726 213348
286041 760236 286041 760236 683222 209437 683222 209437
303274 755266 303274 755266 700339 204079 700339 204079
306947 754207 306947 754207 704095 204788 704095 204788
328220 768693 328220 768693 729385 209563 729385 209563
329732 768310 329732 768310 730918 209852 730918 209852
397809 751084 397809 751084 739608 279535 739608 279535
473188 732010 473188 732010 688612 338230 688612 338230
475052 731538 475052 731538 690456 338777 690456 338777
468275 757771 468275 757771 716432 346480 716432 346480
467888 759268 467888 759268 717977 346422 717977 346422
477945 763648 477945 763648 728939 346010 728939 346010
487565 767836 487565 767836 739314 344449 739314 344449
502613 774389 502613 774389 737573 360769 737573 360769
508755 777064 508755 777064 730874 360652 730874 360652
524542 771561 524542 771561 714158 360359 714158 360359
529593 769800 529593 769800 712240 365352 712240 365352
564990 777502 564990 777502 699251 399169 699251 399169
567546 745624 567546 745624 687784 429022 687784 429022
599020 764679 599020 764679 674591 463368 674591 463368
604137 766429 604137 766429 672652 468417 672652 468417
606636 767283 606636 767283 675137 467522 675137 467522
686636 767046 686636 767046 750406 440419 750406 440419
686961 767045 686961 767045 750712 440309 750712 440309
718375 766952 718375 766952 774982 460254 774982 460254
714495 774378 714495 774378 781455 465574 781455 465574
710455 782112 710455 782112 779502 457070 779502 457070
690973 806666 690973 806666 772488 426521 772488 426521
648574 860101 648574 860101 774355 358334 774355 358334
641642 868838 641642 868838 784638 354015 784638 354015
630142 843437 630142 843437 810345 343217 810345 343217
625506 833200 625506 833200 818222 351232 818222 351232
614828 809615 614828 809615 825721 326452 825721 326452
607624 804207 607624 804207 828330 317830 828330 317830
607070 803791 607070 803791 828868 317393 828868 317393
557209 800647 557209 800647 867644 285891 867644 285891
555270 803813 555270 803813 870526 283550 870526 283550
533932 838644 533932 838644 872574 324346 872574 324346
531062 843329 531062 843329 875644 328902 875644 328902
505856 833868 505856 833868 890686 351231 890686 351231
430106 831077 430106 831077 933039 414097 933039 414097
371817 828930 371817 828930 933039 414097 933039 414097
349814 829746 349814 829746 933039 414097 933039 414097
335131 874635 335131 874635 933039 414097 933039 414097
311526 848109 311526 848109 933039 414097 933039 414097
306727 825243 306727 825243 933039 414097 933039 414097
327935 818293 327935 818293 933039 414097 933039 414097
314397 785580 314397 785580 933039 414097 933039 414097
306525 789607 306525 789607 933039 414097 933039 414097
293876 788939 293876 788939 933039 414097 933039 414097
284321 813248 284321 813248 933039 414097 933039 414097
284767 829566 284767 829566 933039 414097 933039 414097
271212 834883 271212 834883 933039 414097 933039 414097
