107786 261627 107786 261627 851265 185023 851265 185023
145498 324753 145498 324753 784413 215647 784413 215647
185474 280447 185474 280447 730159 240500 730159 240500
196952 272476 196952 272476 717455 246320 717455 246320
200916 269723 200916 269723 715741 250832 715741 250832
193922 241153 193922 241153 705296 278329 705296 278329
187287 214046 187287 214046 682820 261787 682820 261787
175203 204458 175203 204458 670397 252643 670397 252643
209155 197031 209155 197031 642406 232041 642406 232041
223146 193970 223146 193970 637574 245523 637574 245523
244713 186973 244713 186973 629924 266867 629924 266867
252092 193830 252092 193830 626525 276349 626525 276349
261652 202714 261652 202714 625112 289323 625112 289323
254279 221297 254279 221297 622947 309198 622947 309198
247561 221111 247561 221111 622219 315879 622219 315879
234217 220742 234217 220742 619084 328855 619084 328855
249693 252748 249693 252748 610735 363412 610735 363412
262293 278806 262293 278806 589368 382937 589368 382937
279463 314317 279463 314317 628791 381666 628791 381666
282237 320053 282237 320053 635161 381816 635161 381816
301124 359114 301124 359114 643385 424417 643385 424417
301100 364206 301100 364206 644350 429417 644350 429417
300916 402543 300916 402543 659609 394247 659609 394247
300820 422665 300820 422665 665816 375106 665816 375106
327861 450531 327861 450531 677793 338170 677793 338170
331242 449116 331242 449116 678923 334684 678923 334684
346366 442788 346366 442788 692409 325361 692409 325361
346698 435000 346698 435000 698821 320928 698821 320928
348109 401932 348109 401932 699202 354024 699202 354024
377914 396298 377914 396298 699551 384355 699551 384355
383705 395204 383705 395204 705114 386300 705114 386300
399269 386657 399269 386657 721876 392158 721876 392158
385692 415476 385692 415476 751949 402670 751949 402670
367071 457156 367071 457156 795043 417733 795043 417733
387520 467566 387520 467566 816704 425304 816704 425304
446463 497573 446463 497573 862158 473352 862158 473352
421899 510063 421899 510063 881095 493371 881095 493371
429269 525485 429269 525485 892842 505788 892842 505788
428769 527340 428769 527340 894162 507184 894162 507184
426398 536139 426398 536139 887558 513464 887558 513464
408355 603822 408355 603822 836799 561734 836799 561734
407582 606722 407582 606722 834154 560316 834154 560316
386507 614514 386507 614514 814352 549697 814352 549697
377129 651408 377129 651408 780804 531707 780804 531707
372582 669292 372582 669292 778318 513422 778318 513422
369383 681878 369383 681878 765825 509877 765825 509877
297678 712658 297678 712658 690756 488578 690756 488578
291159 715456 291159 715456 683937 490532 683937 490532
302732 743781 302732 743781 654522 498958 654522 498958
291283 747993 291283 747993 642794 502318 642794 502318
281904 754195 281904 754195 631985 505414 631985 505414
276481 757782 276481 757782 631192 498960 631192 498960
266586 755984 266586 755984 629965 488979 629965 488979
236535 750525 236535 750525 599713 484770 599713 484770
226962 748786 226962 748786 591682 490263 591682 490263
219464 764046 219464 764046 577648 499861 577648 499861
234333 780214 234333 780214 559517 512261 559517 512261
253679 801252 253679 801252 578958 533212 578958 533212
256895 804749 256895 804749 581972 536884 581972 536884
264634 807334 264634 807334 587150 543190 587150 543190
285732 814381 285732 814381 597115 563076 597115 563076
300590 819343 300590 819343 612429 559777 612429 559777
310152 822537 310152 822537 619792 566662 619792 566662
310736 822637 310736 822637 620225 567067 620225 567067
322564 824668 322564 824668 629608 559585 629608 559585
326506 825345 326506 825345 633033 561651 633033 561651
340410 840051 340410 840051 650364 572103 650364 572103
356237 856790 356237 856790 673384 571242 673384 571242
359522 850531 359522 850531 680448 570978 680448 570978
364143 841724 364143 841724 688456 576876 688456 576876
368210 833974 368210 833974 696675 579886 696675 579886
379035 813346 379035 813346 710353 598743 710353 598743
394959 783000 394959 783000 744482 595627 744482 595627
407829 787982 407829 787982 758225 594373 758225 594373
412951 769570 412951 769570 777257 592635 777257 592635
420893 741016 420893 741016 796233 615402 796233 615402
434111 693499 434111 693499 748337 627172 748337 627172
437914 679826 437914 679826 741142 639405 741142 639405
441273 667748 441273 667748 733261 649154 733261 649154
447634 644881 447634 644881 716246 665703 716246 665703
450572 634321 450572 634321 708434 673391 708434 673391
459748 601330 459748 601330 677529 658643 677529 658643
462496 591453 462496 591453 673150 649373 673150 649373
471462 588681 471462 588681 669142 640887 669142 640887
492038 582321 492038 582321 650719 629733 650719 629733
494929 579306 494929 579306 647146 627569 647146 627569
504118 569721 504118 569721 645125 640692 645125 640692
509552 570306 509552 570306 644293 646094 644293 646094
526461 572127 526461 572127 627325 647245 627325 647245
543550 578914 543550 578914 608980 648489 608980 648489
536778 586144 536778 586144 599096 649159 599096 649159
522014 601907 522014 601907 605321 628479 605321 628479
534298 605752 534298 605752 609031 616153 609031 616153
534393 608800 534393 608800 609910 613233 609910 613233
534679 617992 534679 617992 600755 614100 600755 614100
534953 626770 534953 626770 597551 605922 597551 605922
565669 634652 565669 634652 585984 576396 585984 576396
571646 632751 571646 632751 583696 570557 583696 570557
579732 630180 579732 630180 584254 562090 584254 562090
580328 629990 580328 629990 583711 561779 583711 561779
565584 622217 565584 622217 569246 553499 569246 553499
565078 619597 565078 619597 566930 552173 566930 552173
562300 605214 562300 605214 553148 557136 553148 557136
561774 602490 561774 602490 550474 556394 550474 556394
562352 601565 562352 601565 549423 556102 549423 556102
571585 586793 571585 586793 533257 549614 533257 549614
558861 558440 558861 558440 504416 538039 504416 538039
542467 521909 542467 521909 498963 498371 498963 498371
541902 521191 541902 521191 498839 497466 498839 497466
520622 494157 520622 494157 479503 525923 479503 525923
518521 491488 518521 491488 476497 527505 476497 527505
530797 496322 530797 496322 464821 533648 464821 533648
543762 499598 543762 499598 452986 539875 452986 539875
577569 508139 577569 508139 422019 555902 422019 555902
580178 508798 580178 508798 424616 556608 424616 556608
573959 483912 573959 483912 449367 563343 449367 563343
578270 463475 578270 463475 469522 568826 469522 568826
583267 439788 583267 439788 488492 553787 488492 553787
586246 425666 586246 425666 492291 567710 492291 567710
591337 409721 591337 409721 496697 583858 496697 583858
573708 399755 573708 399755 502028 603395 502028 603395
560632 392362 560632 392362 495989 617149 495989 617149
540208 380816 540208 380816 488570 639407 488570 639407
562880 364751 562880 364751 479783 665767 479783 665767
582156 351093 582156 351093 463229 682622 463229 682622
598142 375103 598142 375103 443016 703201 443016 703201
605007 347890 605007 347890 423350 723223 423350 723223
609807 340928 609807 340928 417425 729256 417425 729256
627256 315619 627256 315619 404735 701256 404735 701256
629715 313154 629715 313154 403298 698084 403298 698084
626806 294671 626806 294671 395574 681042 395574 681042
627717 241852 627717 241852 373768 632926 373768 632926
627967 227365 627967 227365 360676 639134 360676 639134
628291 208566 628291 208566 346249 627077 346249 627077
628786 209508 628786 209508 345433 626395 345433 626395
640418 231628 640418 231628 353430 650073 353430 650073
661137 271028 661137 271028 369334 691651 369334 691651
670813 289428 670813 289428 356790 708229 356790 708229
659473 308377 659473 308377 343466 725839 343466 725839
669998 311387 669998 311387 336861 734569 336861 734569
699559 319839 699559 319839 312715 753602 312715 753602
724065 326847 724065 326847 295075 772000 295075 772000
727274 353321 727274 353321 276618 791249 276618 791249
729401 370873 729401 370873 275424 808889 275424 808889
755751 379203 755751 379203 273557 836461 273557 836461
761273 380067 761273 380067 273179 842038 273179 842038
769430 381343 769430 381343 268999 849157 268999 849157
785207 383812 785207 383812 265010 833694 265010 833694
833548 391376 833548 391376 262386 784835 262386 784835
888643 399997 888643 399997 223863 744514 223863 744514
901719 402043 901719 402043 236983 742778 236983 742778
847043 404005 847043 404005 291222 735599 291222 735599
772754 406672 772754 406672 283291 661687 283291 661687
747643 407573 747643 407573 259254 654364 259254 654364
733400 393248 733400 393248 239930 648478 239930 648478
733132 393406 733132 393406 239633 648387 239633 648387
724115 398717 724115 398717 230469 643334 230469 643334
716149 423676 716149 423676 207526 630683 207526 630683
701814 431808 701814 431808 193094 622725 193094 622725
678473 445048 678473 445048 208704 600898 208704 600898
680168 412980 680168 412980 227385 574778 227385 574778
681604 385828 681604 385828 202139 564682 202139 564682
680271 376262 680271 376262 193171 561096 193171 561096
679313 369383 679313 369383 198181 556285 198181 556285
660406 380656 660406 380656 214059 541039 214059 541039
643537 390714 643537 390714 233511 538329 233511 538329
648716 406777 648716 406777 250227 536000 250227 536000
633809 437148 633809 437148 283736 531332 283736 531332
617274 470835 617274 470835 248871 517454 248871 517454
623280 488991 623280 488991 231103 510381 231103 510381
637693 495405 637693 495405 216446 504547 216446 504547
710782 527932 710782 527932 140603 479095 140603 479095
711954 528453 711954 528453 139387 478687 139387 478687
715364 529971 715364 529971 139599 482414 139599 482414
702424 549218 702424 549218 140919 505569 140919 505569
667615 600995 667615 600995 158731 565362 158731 565362
656282 617851 656282 617851 151937 584504 151937 584504
653533 623616 653533 623616 149800 590523 149800 590523
637922 656349 637922 656349 151054 626766 151054 626766
631515 669783 631515 669783 156733 640524 156733 640524
660103 657702 660103 657702 168575 669211 168575 669211
688644 645640 688644 645640 146561 691017 146561 691017
703877 647501 703877 647501 135658 701817 135658 701817
705349 656568 705349 656568 129132 708281 129132 708281
710935 690977 710935 690977 114899 676460 114899 676460
726369 658981 726369 658981 100394 644032 100394 644032
730653 647456 730653 647456 95374 632808 95374 632808
732830 641600 732830 641600 90362 636538 90362 636538
760650 653208 760650 653208 66179 654535 66179 654535
791104 628798 791104 628798 34869 677836 34869 677836
799909 621741 799909 621741 46149 677517 46149 677517
807396 615740 807396 615740 53777 683338 53777 683338
813352 629264 813352 629264 65524 692303 65524 692303
834830 678030 834830 678030 59633 745262 59633 745262
788220 682244 788220 682244 54458 791776 54458 791776
767071 691444 767071 691444 51908 814698 51908 814698
749085 705059 749085 705059 49414 837117 49414 837117
760254 723145 760254 723145 47064 858244 47064 858244
777333 750803 777333 750803 47064 858244 47064 858244
819207 771855 819207 771855 47064 858244 47064 858244
