467476 111122 467476 111122 768033 694891 768033 694891
476142 142078 476142 142078 752261 666880 752261 666880
483051 166756 483051 166756 763331 643768 763331 643768
470440 164564 470440 164564 768861 632223 768861 632223
418876 155603 418876 155603 730387 596743 730387 596743
414762 156614 414762 156614 727272 593871 727272 593871
388579 163049 388579 163049 731474 567239 731474 567239
372715 173340 372715 173340 734421 548560 734421 548560
399159 187356 399159 187356 739086 518997 739086 518997
406526 191261 406526 191261 744424 512592 744424 512592
386345 201670 386345 201670 758963 495150 758963 495150
382404 203703 382404 203703 755783 492059 755783 492059
373309 212820 373309 212820 746549 483083 746549 483083
373551 216628 373551 216628 743813 480423 743813 480423
346695 216597 346695 216597 724556 461704 724556 461704
320882 218187 320882 218187 706011 443678 706011 443678
360956 239636 360956 239636 673419 411996 673419 411996
381241 234932 381241 234932 658487 397482 658487 397482
393186 236020 393186 236020 649887 389122 649887 389122
394744 246832 394744 246832 642054 381508 642054 381508
421288 252208 421288 252208 622634 362630 622634 362630
430037 271932 430037 271932 607162 347591 607162 347591
435787 284894 435787 284894 603348 361249 603348 361249
363008 318108 363008 318108 581831 438301 581831 438301
343815 326867 343815 326867 576157 458621 576157 458621
331086 366141 331086 366141 565053 498385 565053 498385
328203 394326 328203 394326 557433 525673 557433 525673
312111 410439 312111 410439 551308 547606 551308 547606
304860 417699 304860 417699 550920 557859 550920 557859
274050 432714 274050 432714 549622 592109 549622 592109
275378 432476 275378 432476 549571 593457 549571 593457
344308 420100 344308 420100 547478 663458 547478 663458
349428 419181 349428 419181 543087 666247 543087 666247
349230 416010 349230 416010 540406 667951 540406 667951
348116 398127 348116 398127 528639 654438 528639 654438
347853 393910 347853 393910 525570 657341 525570 657341
344598 390366 344598 390366 522074 660648 522074 660648
348802 379157 348802 379157 513377 668874 513377 668874
368694 363117 368694 363117 494812 686434 494812 686434
369062 362820 369062 362820 495224 686666 495224 686666
371250 379838 371250 379838 510167 695099 510167 695099
379944 380382 379944 380382 517753 699380 517753 699380
394551 381297 394551 381297 532356 700353 532356 700353
393385 394339 393385 394339 545421 701223 545421 701223
388966 407739 388966 407739 559500 702160 559500 702160
398124 426276 398124 426276 580130 703534 580130 703534
414881 410999 414881 410999 602756 705041 602756 705041
418883 411949 418883 411949 606860 705314 606860 705314
434238 404551 434238 404551 623867 706447 623867 706447
446790 398503 446790 398503 635772 699209 635772 699209
452529 395738 452529 395738 637058 692970 637058 692970
491622 410378 491622 410378 645482 652085 645482 652085
497703 412655 497703 412655 651902 651109 651902 651109
500973 370303 500973 370303 693898 644724 693898 644724
501309 365957 501309 365957 691727 648503 691727 648503
522656 323729 522656 323729 668153 689530 668153 689530
536043 313015 536043 313015 659611 704397 659611 704397
551094 300969 551094 300969 654300 722929 654300 722929
558369 295146 558369 295146 655809 732124 655809 732124
556233 309460 556233 309460 658152 746406 658152 746406
553921 324948 553921 324948 643415 741109 643415 741109
562365 338435 562365 338435 628441 735727 628441 735727
574015 357044 574015 357044 606538 737231 606538 737231
582845 371148 582845 371148 601568 753112 601568 753112
564258 393341 564258 393341 592921 780738 592921 780738
559824 398635 559824 398635 586035 780209 586035 780209
558981 400879 558981 400879 583645 780026 583645 780026
556586 407259 556586 407259 578726 775310 578726 775310
563928 431646 563928 431646 560343 757683 560343 757683
585874 440944 585874 440944 543140 741187 543140 741187
591548 437540 591548 437540 538364 736608 538364 736608
593405 445363 593405 445363 532560 731043 532560 731043
601012 477403 601012 477403 502090 718553 502090 718553
606135 498984 606135 498984 480087 721360 480087 721360
603385 499154 603385 499154 477354 721709 477354 721709
573499 500999 573499 500999 477236 751651 477236 751651
549248 502496 549248 502496 465808 773093 465808 773093
506829 505114 506829 505114 428947 794248 428947 794248
479283 506815 479283 506815 444958 816727 444958 816727
462970 507822 462970 507822 440004 832302 440004 832302
475700 525170 475700 525170 433482 852807 433482 852807
507277 568202 507277 568202 449517 903716 449517 903716
528902 597672 528902 597672 417781 885579 417781 885579
538318 610504 538318 610504 418828 869697 418828 869697
567838 625013 567838 625013 420991 836875 420991 836875
586178 634026 586178 634026 406031 822955 406031 822955
586249 634656 586249 634656 405567 822523 405567 822523
588190 651832 588190 651832 388569 825662 388569 825662
596732 640374 596732 640374 374515 828258 374515 828258
607778 625559 607778 625559 357552 820925 357552 820925
615362 615387 615362 615387 354743 833298 354743 833298
626621 585683 626621 585683 347711 864276 347711 864276
638784 553592 638784 553592 316055 877530 316055 877530
639379 553020 639379 553020 315294 877849 315294 877849
655862 537174 655862 537174 306829 899089 306829 899089
660216 532989 660216 532989 302092 895343 302092 895343
663025 520247 663025 520247 291857 887250 291857 887250
665675 498990 665675 498990 275054 873964 275054 873964
667817 481803 667817 481803 264658 860111 264658 860111
675202 435150 675202 435150 236306 822332 236306 822332
671788 429259 671788 429259 232219 816886 232219 816886
639089 372830 639089 372830 297341 813337 297341 813337
668395 353567 668395 353567 332358 811428 332358 811428
688335 340460 688335 340460 349728 795066 349728 795066
701997 331481 701997 331481 365295 800061 365295 800061
704255 329997 704255 329997 365992 802671 365992 802671
726203 315570 726203 315570 387056 786982 387056 786982
744202 303739 744202 303739 375801 768617 375801 768617
780219 280066 780219 280066 401132 733746 401132 733746
781166 279443 781166 279443 400544 732777 400544 732777
788995 290316 788995 290316 393600 721319 393600 721319
793952 297200 793952 297200 385269 719718 385269 719718
803946 311081 803946 311081 374348 706554 374348 706554
806500 314627 806500 314627 370215 707974 370215 707974
779887 328014 779887 328014 342041 717653 342041 717653
773332 338744 773332 338744 330149 721739 330149 721739
758585 362882 758585 362882 306999 737993 306999 737993
765508 372634 765508 372634 297211 744865 297211 744865
781180 394709 781180 394709 271510 753370 271510 753370
783844 398461 783844 398461 272056 748800 272056 748800
779834 406334 779834 406334 273103 740027 273103 740027
782889 409234 782889 409234 273602 735845 273602 735845
784356 414120 784356 414120 274207 730779 274207 730779
794605 448257 794605 448257 242009 715493 242009 715493
796341 449200 796341 449200 240225 714646 240225 714646
835868 470668 835868 470668 209486 747485 209486 747485
837046 471308 837046 471308 208145 747466 208145 747466
785856 477223 785856 477223 156620 746747 156620 746747
754322 480866 754322 480866 177515 722849 177515 722849
754542 489011 754542 489011 182878 716716 182878 716716
763990 501046 763990 501046 192949 705197 192949 705197
786823 530129 786823 530129 208895 671837 208895 671837
797630 543895 797630 543895 225134 678363 225134 678363
762973 564348 762973 564348 262474 693367 262474 693367
755122 568981 755122 568981 271304 695635 271304 695635
745130 558784 745130 558784 285132 699186 285132 699186
731966 545350 731966 545350 298986 686465 298986 686465
730453 543806 730453 543806 297191 685260 297191 685260
720256 539244 720256 539244 287915 679036 287915 679036
719001 545347 719001 545347 282741 675564 282741 675564
714450 567475 714450 567475 303157 665892 303157 665892
709020 593878 709020 593878 327074 653460 327074 653460
706879 593760 706879 593760 328977 652471 328977 652471
704718 593641 704718 593641 330584 651022 330584 651022
682935 608779 682935 608779 350286 633259 350286 633259
678017 612196 678017 612196 356104 634677 356104 634677
680393 629757 680393 629757 373321 638874 373321 638874
682756 647218 682756 647218 388331 648103 388331 648103
686041 671496 686041 671496 400817 669181 400817 669181
692831 696834 692831 696834 414187 691751 414187 691751
695055 705136 695055 705136 417382 699729 417382 699729
702062 731282 702062 731282 439116 715865 439116 715865
696559 735931 696559 735931 444900 720159 444900 720159
691073 740565 691073 740565 450995 723956 450995 723956
669367 758901 669367 758901 450349 695549 450349 695549
667477 760497 667477 760497 449959 693106 449959 693106
663229 749634 663229 749634 448121 681588 448121 681588
661263 744607 661263 744607 442725 681429 442725 681429
659996 741369 659996 741369 439438 680296 439438 680296
658148 736642 658148 736642 434367 680094 434367 680094
654033 726120 654033 726120 437275 669176 437275 669176
648162 707850 648162 707850 442213 650633 442213 650633
647235 708745 647235 708745 442545 649387 442545 649387
613546 741266 613546 741266 469485 611089 469485 611089
608159 746466 608159 746466 464533 605472 464533 605472
599719 737700 599719 737700 456486 596344 456486 596344
599747 737639 599747 737639 456442 596294 456442 596294
601985 732709 601985 732709 451583 598682 451583 598682
596680 726865 596680 726865 444499 602162 444499 602162
565716 705499 565716 705499 410735 618753 410735 618753
556530 699160 556530 699160 400063 615485 400063 615485
548497 713058 548497 713058 384714 610784 384714 610784
541823 724605 541823 724605 383095 597546 383095 597546
531310 742792 531310 742792 362092 597983 362092 597983
531388 745163 531388 745163 359721 598032 359721 598032
532535 779818 532535 779818 369005 564624 369005 564624
509643 783122 509643 783122 375198 542339 375198 542339
509582 765832 509582 765832 379828 525680 379828 525680
508235 761761 508235 761761 380976 521549 380976 521549
501391 755075 501391 755075 383538 512330 383538 512330
463663 718220 463663 718220 377712 459911 377712 459911
466479 741085 466479 741085 375167 437015 375167 437015
456770 759837 456770 759837 372835 416028 372835 416028
433976 759126 433976 759126 370316 393362 370316 393362
415045 771669 415045 771669 367807 370792 367807 370792
399832 781749 399832 781749 357643 385949 357643 385949
422132 800006 422132 800006 341591 409886 341591 409886
438622 813506 438622 813506 348555 430027 348555 430027
442547 816720 442547 816720 344820 433459 344820 433459
460248 801124 460248 801124 327449 449422 327449 449422
464197 801729 464197 801729 324507 452125 324507 452125
467375 802216 467375 802216 321822 453894 321822 453894
516490 809744 516490 809744 293738 494884 293738 494884
509724 819666 509724 819666 286950 504792 286950 504792
509724 819666 509724 819666 277160 519080 277160 519080
509724 819666 509724 819666 249551 443995 249551 443995
509724 819666 509724 819666 247502 438424 247502 438424
509724 819666 509724 819666 224557 429613 224557 429613
509724 819666 509724 819666 216564 411810 216564 411810
509724 819666 509724 819666 228554 376852 228554 376852
509724 819666 509724 819666 152172 400640 152172 400640
509724 819666 509724 819666 127209 408414 127209 408414
