162409 209606 162409 209606 704150 200506 704150 200506
193842 224175 193842 224175 676713 221660 676713 221660
197044 250295 197044 250295 655873 237729 655873 237729
230181 241255 230181 241255 628671 258701 628671 258701
269190 192115 269190 192115 578984 297011 578984 297011
294241 159942 294241 159942 546692 321909 546692 321909
307933 225831 307933 225831 493397 363000 493397 363000
311723 244064 311723 244064 484694 379464 484694 379464
318868 278449 318868 278449 483063 414545 483063 414545
320613 286847 320613 286847 491501 413004 491501 413004
327889 321859 327889 321859 524278 427302 524278 427302
331571 323876 331571 323876 528126 428981 528126 428981
341859 329515 341859 329515 517369 433665 517369 433665
367118 343357 367118 343357 489104 428126 489104 428126
369189 344492 369189 344492 486770 427765 486770 427765
383036 352080 383036 352080 471004 428641 471004 428641
383113 352327 383113 352327 470746 428655 470746 428655
385223 359088 385223 359088 473108 435332 473108 435332
388692 362534 388692 362534 474738 439942 474738 439942
396231 370022 396231 370022 467301 447531 467301 447531
387520 388143 387520 388143 453229 461892 453229 461892
381997 399634 381997 399634 440917 465202 440917 465202
380351 403058 380351 403058 439148 468564 439148 468564
387336 400344 387336 400344 435659 475196 435659 475196
396353 396839 396353 396839 428505 468683 428505 468683
406976 392711 406976 392711 435919 460028 435919 460028
419866 387702 419866 387702 432790 446557 432790 446557
420450 361923 420450 361923 426956 421440 426956 421440
415689 351206 415689 351206 424303 410017 424303 410017
415132 351030 415132 351030 424171 409448 424171 409448
392188 343792 392188 343792 422718 385434 422718 385434
393333 336184 393333 336184 422254 377754 422254 377754
403084 271400 403084 271400 370100 338105 370100 338105
423549 277487 423549 277487 353103 325183 353103 325183
447061 284480 447061 284480 328644 327048 328644 327048
472229 291966 472229 291966 302747 331384 302747 331384
473770 292424 473770 292424 302450 329804 302450 329804
484633 261991 484633 261991 296469 298049 296469 298049
485288 259391 485288 259391 295973 295414 295973 295414
486908 252965 486908 252965 302562 294709 302562 294709
495493 218900 495493 218900 336425 285357 336425 285357
504340 183796 504340 183796 371331 275760 371331 275760
509639 162771 509639 162771 391917 282569 391917 282569
519161 168512 519161 168512 402473 286061 402473 286061
538082 179922 538082 179922 389680 268046 389680 268046
560815 193630 560815 193630 398374 242964 398374 242964
584138 207693 584138 207693 420687 227347 420687 227347
585461 204909 585461 204909 423212 225580 423212 225580
590799 193675 590799 193675 428477 214312 428477 214312
592369 187881 592369 187881 431019 208873 431019 208873
598205 166340 598205 166340 411385 198264 411385 198264
602415 150803 602415 150803 398867 208385 398867 208385
606288 151992 606288 151992 395716 210932 395716 210932
633669 160400 633669 160400 373905 229498 373905 229498
645410 164005 645410 164005 361672 230594 361672 230594
646357 167340 646357 167340 358219 230904 358219 230904
666179 237140 666179 237140 312847 174280 312847 174280
660874 236768 660874 236768 309521 170130 309521 170130
615986 233616 615986 233616 265761 180613 265761 180613
603048 230123 603048 230123 252729 183735 252729 183735
604426 238825 604426 238825 244161 185788 244161 185788
607662 259257 607662 259257 254522 203693 254522 203693
645099 274446 645099 274446 274758 238661 274758 238661
645807 274725 645807 274725 275139 239320 275139 239320
660432 280496 660432 280496 267808 253229 267808 253229
651513 303214 651513 303214 256428 274819 256428 274819
625796 313459 625796 313459 243520 299308 243520 299308
611064 307980 611064 307980 236191 313213 236191 313213
576197 295013 576197 295013 269427 329922 269427 329922
574127 306056 574127 306056 279465 334969 279465 334969
569095 332906 569095 332906 286625 361331 286625 361331
568878 334063 568878 334063 287803 361322 287803 361322
554132 360039 554132 360039 317671 361105 317671 361105
532768 397672 532768 397672 354174 384347 354174 384347
564258 409723 564258 409723 382616 402456 382616 402456
573844 413391 573844 413391 389725 409859 389725 409859
569470 425887 569470 425887 398894 419409 398894 419409
569105 426931 569105 426931 398289 420335 398289 420335
595268 454585 595268 454585 377476 452211 377476 452211
597682 457136 597682 457136 379440 455123 379440 455123
559824 460703 559824 460703 400701 486649 400701 486649
551782 458464 551782 458464 405368 493571 405368 493571
548865 477441 548865 477441 416103 509489 416103 509489
537033 503591 537033 503591 432151 533285 432151 533285
515321 551577 515321 551577 379777 527713 379777 527713
509099 565329 509099 565329 366376 534659 366376 534659
509287 565124 509287 565124 366129 534787 366129 534787
534322 537848 534322 537848 345693 565660 345693 565660
542050 529428 542050 529428 342452 576620 342452 576620
556420 513771 556420 513771 359011 589940 359011 589940
563371 506198 563371 506198 367018 596386 367018 596386
592873 509753 592873 509753 390166 615019 390166 615019
604678 511176 604678 511176 395233 625776 395233 625776
591329 551725 591329 551725 413425 664395 413425 664395
597793 559535 597793 559535 417745 673566 417745 673566
608616 572612 608616 572612 402462 666177 402462 666177
614937 584727 614937 584727 390159 660230 390159 660230
651328 557023 651328 557023 348983 640323 348983 640323
659975 563750 659975 563750 339119 635554 339119 635554
663045 566138 663045 566138 335230 635499 335230 635499
664531 567294 664531 567294 333613 634536 333613 634536
691097 563281 691097 563281 310526 620793 310526 620793
711089 560262 711089 560262 290967 625917 290967 625917
714346 559770 714346 559770 287725 626496 287725 626496
718426 559154 718426 559154 284441 628995 284441 628995
725634 558065 725634 558065 277235 630095 277235 630095
732569 553627 732569 553627 269096 631338 269096 631338
756305 538438 756305 538438 269015 603158 269015 603158
760705 535623 760705 535623 274153 602218 274153 602218
743920 534831 743920 534831 290682 599193 290682 599193
737663 534536 737663 534536 296609 601221 296609 601221
734984 534410 734984 534410 297021 598571 297021 598571
714773 538451 714773 538451 300186 578205 300186 578205
695119 542381 695119 542381 280709 573475 280709 573475
690305 543344 690305 543344 281925 568718 281925 568718
672657 547957 672657 547957 286445 551046 286445 551046
670671 548476 670671 548476 287964 552427 287964 552427
661626 550840 661626 550840 296641 548949 296641 548949
651015 534110 651015 534110 315030 541578 315030 541578
645959 526139 645959 526139 324379 542879 324379 542879
647462 520873 647462 520873 329804 543634 329804 543634
653264 500545 653264 500545 312154 532000 312154 532000
642968 494053 642968 494053 301992 525301 301992 525301
626582 483721 626582 483721 297645 506423 297645 506423
634442 480336 634442 480336 295724 498084 295724 498084
636939 479261 636939 479261 294415 495701 294415 495701
653777 472010 653777 472010 311891 490161 311891 490161
679061 461122 679061 461122 293422 469748 293422 469748
678045 459001 678045 459001 291844 468004 291844 468004
667531 437041 667531 437041 283815 490990 283815 490990
664136 436867 664136 436867 282694 494199 282694 494199
643393 435806 643393 435806 265126 505279 265126 505279
633296 419830 633296 419830 249141 515361 249141 515361
629983 414589 629983 414589 243243 517274 243243 517274
650531 404466 650531 404466 221454 524340 221454 524340
667277 396217 667277 396217 203725 518494 203725 518494
670390 394683 670390 394683 206023 521095 206023 521095
707247 431118 707247 431118 240337 559934 240337 559934
708934 429186 708934 429186 242035 561856 242035 561856
712119 425539 712119 425539 237247 562576 237247 562576
722267 413916 722267 413916 224348 571043 224348 571043
728098 396222 728098 396222 208773 581266 208773 581266
735062 375090 735062 375090 227773 592843 227773 592843
740627 358204 740627 358204 213790 603825 213790 603825
743576 349255 743576 349255 206282 609518 206282 609518
762168 376172 762168 376172 180216 629285 180216 629285
769725 387114 769725 387114 183373 642203 183373 642203
784366 408311 784366 408311 209024 639815 209024 639815
802567 434662 802567 434662 225064 667534 225064 667534
805475 438873 805475 438873 222983 672210 222983 672210
815538 453442 815538 453442 239256 679188 239256 679188
834379 464325 834379 464325 259254 687762 259254 687762
844720 470298 844720 470298 263336 676539 263336 676539
864904 481957 864904 481957 251263 656600 251263 656600
897425 500741 897425 500741 288124 649410 288124 649410
913935 510277 913935 510277 304033 659918 304033 659918
933707 521698 933707 521698 304762 682740 304762 682740
896510 567998 896510 567998 306659 742101 306659 742101
883504 584188 883504 584188 303131 762566 303131 762566
879756 588853 879756 588853 300948 768138 300948 768138
868943 602312 868943 602312 317603 772683 317603 772683
837739 641152 837739 641152 280878 806351 280878 806351
825886 651280 825886 651280 269386 816887 269386 816887
810183 664696 810183 664696 264423 796839 264423 796839
773298 710931 773298 710931 250210 739426 250210 739426
761519 725695 761519 725695 233425 748084 233425 748084
758025 702790 758025 702790 212833 758706 212833 758706
754231 677912 754231 677912 200080 780401 200080 780401
756392 670393 756392 670393 196116 787146 196116 787146
766769 634289 766769 634289 196116 787146 196116 787146
725790 623207 725790 623207 196116 787146 196116 787146
721000 599938 721000 599938 196116 787146 196116 787146
686458 612142 686458 612142 196116 787146 196116 787146
686946 632398 686946 632398 196116 787146 196116 787146
695551 633978 695551 633978 196116 787146 196116 787146
695480 647680 695480 647680 196116 787146 196116 787146
715675 651868 715675 651868 196116 787146 196116 787146
717703 651625 717703 651625 196116 787146 196116 787146
706383 660423 706383 660423 196116 787146 196116 787146
704277 688142 704277 688142 196116 787146 196116 787146
699703 692328 699703 692328 196116 787146 196116 787146
645053 692823 645053 692823 196116 787146 196116 787146
588517 730264 588517 730264 196116 787146 196116 787146
572662 779705 572662 779705 196116 787146 196116 787146
555594 768582 555594 768582 196116 787146 196116 787146
476866 782791 476866 782791 196116 787146 196116 787146
400357 796600 400357 796600 196116 787146 196116 787146
366434 792049 366434 792049 196116 787146 196116 787146
401382 809905 401382 809905 196116 787146 196116 787146
428757 816274 428757 816274 196116 787146 196116 787146
508714 813650 508714 813650 196116 787146 196116 787146
588222 811040 588222 811040 196116 787146 196116 787146
641758 751593 641758 751593 196116 787146 196116 787146
648357 744265 648357 744265 196116 787146 196116 787146
668889 754981 668889 754981 196116 787146 196116 787146
658232 789513 658232 789513 196116 787146 196116 787146
673887 792143 673887 792143 196116 787146 196116 787146
718390 777870 718390 777870 196116 787146 196116 787146
724367 842270 724367 842270 196116 787146 196116 787146
744175 825621 744175 825621 196116 787146 196116 787146
784695 812426 784695 812426 196116 787146 196116 787146
824183 784137 824183 784137 196116 787146 196116 787146
