106526 121814 106526 121814 796545 838954 796545 838954
96115 148971 96115 148971 782016 813759 782016 813759
95420 150785 95420 150785 781188 812001 781188 812001
111493 152292 111493 152292 774308 797397 774308 797397
160532 156888 160532 156888 739342 832085 739342 832085
145541 185904 145541 185904 716156 855087 716156 855087
142348 192083 142348 192083 709937 851972 709937 851972
136282 198628 136282 198628 701958 847976 701958 847976
136234 211209 136234 211209 690709 842342 690709 842342
161382 212910 161382 212910 668173 831054 668173 831054
150498 233551 150498 233551 647309 820604 647309 820604
161112 233995 161112 233995 637810 815847 637810 815847
176695 254749 176695 254749 614605 804224 614605 804224
176899 255310 176899 255310 614071 803957 614071 803957
184019 274842 184019 274842 634257 798984 634257 798984
155417 307256 155417 307256 676231 788644 676231 788644
166915 299558 166915 299558 689666 785334 689666 785334
191203 283296 191203 283296 694015 756430 694015 756430
195935 286697 195935 286697 694882 750667 694882 750667
201556 290737 201556 290737 701791 751084 701791 751084
208253 295550 208253 295550 700088 743014 700088 743014
205996 307345 205996 307345 697608 731264 697608 731264
204277 316333 204277 316333 692516 723661 692516 723661
204284 318428 204284 318428 691350 721921 691350 721921
204305 324256 204305 324256 685543 722424 685543 722424
205426 335504 205426 335504 674282 723399 674282 723399
206177 343041 206177 343041 666747 722626 666747 722626
206469 345971 206469 345971 664509 724539 664509 724539
207761 365003 207761 365003 650008 736933 650008 736933
210859 365595 210859 365595 647610 738983 647610 738983
224917 368284 224917 368284 643886 725164 643886 725164
245867 372290 245867 372290 628464 710429 628464 710429
263000 369030 263000 369030 615854 698380 615854 698380
259199 364342 259199 364342 611491 694211 611491 694211
231450 330115 231450 330115 655326 689734 655326 689734
228818 327355 228818 327355 659120 689347 659120 689347
225685 326057 225685 326057 662493 689002 662493 689002
218627 323134 218627 323134 666949 682797 666949 682797
221435 312349 221435 312349 673450 673745 673450 673745
230838 298792 230838 298792 683075 660344 683075 660344
241449 303629 241449 303629 689877 650872 689877 650872
236979 291733 236979 291733 697290 640550 697290 640550
237138 282052 237138 282052 702938 632686 702938 632686
237164 280451 237164 280451 704529 632872 704529 632872
234640 278560 234640 278560 707661 633238 707661 633238
216727 269092 216727 269092 727786 635588 727786 635588
210172 261538 210172 261538 737720 636748 737720 636748
193862 260638 193862 260638 753944 638642 753944 638642
198097 245850 198097 245850 769223 640427 769223 640427
205331 236088 205331 236088 781291 641836 781291 641836
218810 217900 218810 217900 782515 619231 782515 619231
219535 231088 219535 231088 783229 606042 783229 606042
231526 256691 231526 256691 784757 577812 784757 577812
239401 267663 239401 267663 785487 564326 785487 564326
319382 269411 319382 269411 789811 484443 789811 484443
347655 270029 347655 270029 791340 456204 791340 456204
350838 270099 350838 270099 792125 453119 792125 453119
368989 275698 368989 275698 796809 434711 796809 434711
419587 273193 419587 273193 809303 385615 809303 385615
429013 272726 429013 272726 808476 376214 808476 376214
421584 246511 421584 246511 806088 349072 806088 349072
435346 250004 435346 250004 804843 334928 804843 334928
447612 253117 447612 253117 793839 341177 793839 341177
463237 239013 463237 239013 775535 351572 775535 351572
479123 224674 479123 224674 776028 372966 776028 372966
478967 222022 478967 222022 776089 375622 776089 375622
478662 216826 478662 216826 771735 372769 771735 372769
453743 208567 453743 208567 749777 358382 749777 358382
446502 206167 446502 206167 744744 364114 744744 364114
436738 200611 436738 200611 737332 372556 737332 372556
434318 199234 434318 199234 734784 373681 734784 373681
428134 202392 428134 202392 728432 376485 728432 376485
426552 190516 426552 190516 717471 381323 717471 381323
426148 187482 426148 187482 715537 383695 715537 383695
443888 180912 443888 180912 703580 398355 703580 398355
445573 155215 445573 155215 687304 418311 687304 418311
448178 115489 448178 115489 650447 433360 650447 433360
448360 112710 448360 112710 650928 430617 650928 430617
493853 155380 493853 155380 661695 369180 661695 369180
503705 127495 503705 127495 666800 340050 666800 340050
508405 114191 508405 114191 680855 341293 680855 341293
510475 108333 510475 108333 685941 344862 685941 344862
515325 109903 515325 109903 690113 347790 690113 347790
525382 113157 525382 113157 698238 341028 698238 341028
556855 123343 556855 123343 705066 308660 705066 308660
566909 126597 566909 126597 715469 310520 715469 310520
581304 131256 581304 131256 730136 314231 730136 314231
591986 136945 591986 136945 741869 317200 741869 317200
662596 174551 662596 174551 723563 239323 723563 239323
664992 175827 664992 175827 722942 236680 722942 236680
689866 189075 689866 189075 695000 240348 695000 240348
648418 228390 648418 228390 638358 247784 638358 247784
607925 256557 607925 256557 589451 254205 589451 254205
573976 209806 573976 209806 532166 261725 532166 261725
573567 209242 573567 209242 531552 262054 531552 262054
568025 213851 568025 213851 525199 265459 525199 265459
552833 226485 552833 226485 514689 248727 514689 248727
544871 274061 544871 274061 489031 207879 489031 207879
534505 277450 534505 277450 483230 198644 483230 198644
529310 284326 529310 284326 478646 191346 478646 191346
519226 258194 519226 258194 463747 167627 463747 167627
515997 256237 515997 256237 461739 164430 461739 164430
507757 263367 507757 263367 455943 155202 455943 155202
490630 278186 490630 278186 435581 165116 435581 165116
469922 291357 469922 291357 413515 175860 413515 175860
460709 296956 460709 296956 403823 180579 403823 180579
450699 303039 450699 303039 392454 177759 392454 177759
450054 306711 450054 306711 388835 176861 388835 176861
444937 335832 444937 335832 405619 201203 405619 201203
434378 395919 434378 395919 434072 255169 434072 255169
432370 407348 432370 407348 423101 258950 423101 258950
427265 436403 427265 436403 402514 280079 402514 280079
426053 443298 426053 443298 396393 283476 396393 283476
424374 441048 424374 441048 393938 284838 393938 284838
405332 415527 405332 415527 423818 295841 423818 295841
393926 400241 393926 400241 427516 314552 427516 314552
387036 399473 387036 399473 428860 321353 428860 321353
344133 394690 344133 394690 391940 343724 391940 343724
319725 391970 319725 391970 414153 354199 414153 354199
295014 389215 295014 389215 435662 366673 435662 366673
288276 388464 288276 388464 435189 373436 435189 373436
259400 431035 259400 431035 431598 424751 431598 424751
224826 451781 224826 451781 428783 464973 428783 464973
159341 491074 159341 491074 396606 534233 396606 534233
120471 508133 120471 508133 378721 572730 378721 572730
198625 518630 198625 518630 345496 644244 345496 644244
216056 530332 216056 530332 336650 663285 336650 663285
230719 540176 230719 540176 319774 668489 319774 668489
278402 557169 278402 557169 271400 683404 271400 683404
280719 557995 280719 557995 272649 685523 272649 685523
262812 578570 262812 578570 286500 709020 286500 709020
232262 596725 232262 596725 304547 739634 304547 739634
224182 601526 224182 601526 310922 746540 310922 746540
239627 609165 239627 609165 322609 759202 322609 759202
236678 622339 236678 622339 331765 769122 331765 769122
234273 633085 234273 633085 342045 773070 342045 773070
242546 652035 242546 652035 361348 780484 361348 780484
246215 660439 246215 660439 363011 789501 363011 789501
256878 684863 256878 684863 388500 797284 388500 797284
257346 685934 257346 685934 389585 796850 389585 796850
280736 685202 280736 685202 411309 788149 411309 788149
346143 683155 346143 683155 433732 726672 433732 726672
396329 681585 396329 681585 480705 744411 480705 744411
394345 677128 394345 677128 485269 746135 485269 746135
377140 638476 377140 638476 455663 776358 455663 776358
352085 583884 352085 583884 413629 819268 413629 819268
349647 578572 349647 578572 415876 824663 415876 824663
318170 573461 318170 573461 428139 854100 428139 854100
317513 571360 317513 571360 428985 856132 428985 856132
303391 526196 303391 526196 382095 862502 382095 862502
358406 528938 358406 528938 327513 869917 327513 869917
417746 531895 417746 531895 283300 830228 283300 830228
443138 554616 443138 554616 257944 807467 257944 807467
479067 586767 479067 586767 222650 840314 222650 840314
489466 596072 489466 596072 223947 826420 223947 826420
495707 591240 495707 591240 224681 818562 224681 818562
500681 587389 500681 587389 221791 812974 221791 812974
491843 561168 491843 561168 209078 788397 209078 788397
505116 524932 505116 524932 191349 754120 191349 754120
511106 508577 511106 508577 176926 763884 176926 763884
511155 508603 511155 508603 176880 763915 176880 763915
582176 545427 582176 545427 103406 732266 103406 732266
614826 562356 614826 562356 69629 717717 69629 717717
622693 566435 622693 566435 78478 718185 78478 718185
628926 560957 628926 560957 86765 718623 86765 718623
678369 517503 678369 517503 149282 698021 149282 698021
677619 520900 677619 520900 152586 696932 152586 696932
669831 556160 669831 556160 188656 695239 188656 695239
679103 590758 679103 590758 224436 693559 224436 693559
680725 596810 680725 596810 225475 687380 225475 687380
701306 589836 701306 589836 229077 665951 229077 665951
716731 584609 716731 584609 224879 650214 224879 650214
716612 633048 716612 633048 212394 603412 212394 603412
783251 601476 783251 601476 193389 532163 193389 532163
788083 582857 788083 582857 188431 513578 188431 513578
793692 561242 793692 561242 207278 501599 207278 501599
829865 531219 829865 531219 246951 476383 246951 476383
829459 532831 829459 532831 248354 475491 248354 475491
821880 562886 821880 562886 250595 444576 250595 444576
821880 562886 821880 562886 253581 403370 253581 403370
821880 562886 821880 562886 265609 373198 265609 373198
821880 562886 821880 562886 345366 379434 345366 379434
821880 562886 821880 562886 349931 379791 349931 379791
821880 562886 821880 562886 322326 341689 322326 341689
821880 562886 821880 562886 315605 333074 315605 333074
821880 562886 821880 562886 265714 332991 265714 332991
821880 562886 821880 562886 232298 350493 232298 350493
821880 562886 821880 562886 164134 361666 164134 361666
821880 562886 821880 562886 144741 353689 144741 353689
821880 562886 821880 562886 134139 304247 134139 304247
821880 562886 821880 562886 168931 327860 168931 327860
821880 562886 821880 562886 206904 301441 206904 301441
821880 562886 821880 562886 210442 282642 210442 282642
821880 562886 821880 562886 190852 242861 190852 242861
821880 562886 821880 562886 225827 247215 225827 247215
821880 562886 821880 562886 234179 280943 234179 280943
821880 562886 821880 562886 261960 276482 261960 276482
821880 562886 821880 562886 278261 276592 278261 276592
821880 562886 821880 562886 250545 243131 250545 243131
821880 562886 821880 562886 289489 210766 289489 210766
821880 562886 821880 562886 264778 180523 264778 180523
821880 562886 821880 562886 240115 167273 240115 167273
821880 562886 821880 562886 287403 102745 287403 102745
821880 562886 821880 562886 298010 88271 298010 88271
