192347 897897 192347 897897 865196 310489 865196 310489
211485 847116 211485 847116 817383 284819 817383 284819
220262 823828 220262 823828 794988 273965 794988 273965
205030 825632 205030 825632 781185 267275 781185 267275
202929 816976 202929 816976 773170 263390 773170 263390
185374 738926 185374 738926 701180 228499 701180 228499
184475 734929 184475 734929 697493 226712 697493 226712
182892 727893 182892 727893 697203 233918 697203 233918
190953 706005 190953 706005 696264 257224 696264 257224
197247 699326 197247 699326 695895 266394 695895 266394
175008 682237 175008 682237 694766 294418 694766 294418
165479 674915 165479 674915 703550 302619 703550 302619
164268 673984 164268 673984 702239 303403 702239 303403
220521 676549 220521 676549 653904 332293 653904 332293
227372 675592 227372 675592 647966 335842 647966 335842
257112 671436 257112 671436 642094 365291 642094 365291
278852 668398 278852 668398 660340 377496 660340 377496
279903 668251 279903 668251 661073 376729 661073 376729
265817 695134 265817 695134 682044 354789 682044 354789
261892 702625 261892 702625 681774 346337 681774 346337
259272 707626 259272 707626 685592 350497 685592 350497
273755 716509 273755 716509 697080 363014 697080 363014
275698 717700 275698 717700 696783 365274 696783 365274
293845 732403 293845 732403 693736 388430 693736 388430
283137 729056 283137 729056 692272 399553 692272 399553
282935 728993 282935 728993 692402 399720 692402 399720
270836 730461 270836 730461 699874 409348 699874 409348
248874 751096 248874 751096 718352 433154 718352 433154
238624 760727 238624 760727 731102 439091 731102 439091
229338 800566 229338 800566 768186 456359 768186 456359
235127 807041 235127 807041 776059 460025 776059 460025
252997 827029 252997 827029 750636 468544 750636 468544
259687 824483 259687 824483 743849 470818 743849 470818
296575 804940 296575 804940 704267 484081 704267 484081
317395 803675 317395 803675 684489 490708 684489 490708
332022 801115 332022 801115 670409 495426 670409 495426
335459 800513 335459 800513 667092 496507 667092 496507
325885 808666 325885 808666 655136 500405 655136 500405
314860 818056 314860 818056 650051 513965 650051 513965
310184 822038 310184 822038 650962 520038 650962 520038
299772 830424 299772 830424 652944 533260 652944 533260
289119 839004 289119 839004 665369 527540 665369 527540
293561 845427 293561 845427 672463 524275 672463 524275
300567 855558 300567 855558 670860 536488 670860 536488
289772 864352 289772 864352 669049 550293 669049 550293
274519 876776 274519 876776 677491 568062 677491 568062
289739 903111 289739 903111 690544 595536 690544 595536
309816 937851 309816 937851 681329 634588 681329 634588
314671 933832 314671 933832 679882 640722 679882 640722
335708 916416 335708 916416 664506 663293 664506 663293
351222 903573 351222 903573 649181 676361 649181 676361
362920 893889 362920 893889 651256 691405 651256 691405
369169 888715 369169 888715 655877 698073 655877 698073
401091 862289 401091 862289 636891 734909 636891 734909
420113 846542 420113 846542 633118 710505 633118 710505
446859 824400 446859 824400 641009 676691 641009 676691
447492 823876 447492 823876 641171 675886 641171 675886
464259 819033 464259 819033 644610 658775 644610 658775
471211 817024 471211 817024 639315 653843 639315 653843
487790 812236 487790 812236 623879 661557 623879 661557
516481 803948 516481 803948 620916 631840 620916 631840
522497 802210 522497 802210 623522 626146 623522 626146
538467 797597 538467 797597 635675 614805 635675 614805
575226 786979 575226 786979 649630 579179 649630 579179
587748 783362 587748 783362 642235 568446 642235 568446
614365 775674 614365 775674 614540 569200 614540 569200
636704 769221 636704 769221 595873 583065 595873 583065
644911 766850 644911 766850 598540 591180 598540 591180
665769 760825 665769 760825 578984 600611 578984 600611
715203 731420 715203 731420 527176 625596 527176 625596
697279 725122 697279 725122 510064 633849 510064 633849
659718 711923 659718 711923 498456 671932 498456 671932
640340 705113 640340 705113 483917 657423 483917 657423
629175 708377 629175 708377 475683 649207 475683 649207
605095 700343 605095 700343 457714 631276 457714 631276
605326 699359 605326 699359 456999 630562 456999 630562
608997 683729 608997 683729 468536 619396 468536 619396
579615 669613 579615 669613 491959 596726 491959 596726
550325 666682 550325 666682 513111 576255 513111 576255
537377 665386 537377 665386 521732 566508 521732 566508
530637 673866 530637 673866 528909 558394 528909 558394
496194 661034 496194 661034 553260 530862 553260 530862
494793 659485 494793 659485 554644 529297 554644 529297
471662 633911 471662 633911 588719 534580 588719 534580
464481 625973 464481 625973 595730 542669 595730 542669
452963 613238 452963 613238 609895 552374 609895 552374
427800 585418 427800 585418 602758 515547 602758 515547
380465 533084 380465 533084 635610 453096 635610 453096
396233 498674 396233 498674 653231 419597 653231 419597
398249 494275 398249 494275 649125 417036 649125 417036
376223 497825 376223 497825 630195 405230 630195 405230
359601 500505 359601 500505 618391 417236 618391 417236
334736 498638 334736 498638 600909 435016 600909 435016
332582 498476 332582 498476 598922 434169 598922 434169
324110 488402 324110 488402 586813 429009 586813 429009
321603 493489 321603 493489 581595 426785 581595 426785
316918 502996 316918 502996 578840 416551 578840 416551
326869 522042 326869 522042 573254 395801 573254 395801
330835 529632 330835 529632 569887 387927 569887 387927
321793 561640 321793 561640 556812 357344 556812 357344
276697 528587 276697 528587 534831 305934 534831 305934
267665 521967 267665 521967 539937 295967 539937 295967
249237 516099 249237 516099 548754 278754 548754 278754
217437 505972 217437 505972 562971 308947 562971 308947
207511 502811 207511 502811 571427 315031 571427 315031
197792 499716 197792 499716 581528 316452 581528 316452
177356 493208 177356 493208 597530 302173 597530 302173
166163 489644 166163 489644 609187 300721 609187 300721
172045 487367 172045 487367 615446 299942 615446 299942
190425 480250 190425 480250 614212 280271 614212 280271
225050 466843 225050 466843 635292 310837 635292 310837
254423 455470 254423 455470 650729 283381 650729 283381
262078 452506 262078 452506 646262 276494 646262 276494
263048 420666 263048 420666 628927 249769 628927 249769
263633 401449 263633 401449 610384 244692 610384 244692
267218 386469 267218 386469 595527 240625 595527 240625
281682 326028 281682 326028 618497 182878 618497 182878
288129 299086 288129 299086 593726 170475 593726 170475
299747 250539 299747 250539 548588 191790 548588 191790
302455 257480 302455 257480 541851 194971 541851 194971
321970 307502 321970 307502 491753 214290 491753 214290
333463 336959 333463 336959 494569 182796 494569 182796
340000 353716 340000 353716 486169 166891 486169 166891
353805 389099 353805 389099 476362 130198 476362 130198
353221 408782 353221 408782 471278 111174 471278 111174
352232 442144 352232 442144 441529 126307 441529 126307
393270 418137 393270 418137 399153 147864 399153 147864
411623 437707 411623 437707 375239 160028 375239 160028
417991 429132 417991 429132 365719 164871 365719 164871
456109 392432 456109 392432 318557 188862 318557 188862
482527 366996 482527 366996 285129 203943 285129 203943
490003 359798 490003 359798 275875 208642 275875 208642
523052 340528 523052 340528 241764 225962 241764 225962
527731 337800 527731 337800 242031 231372 242031 231372
544215 344294 544215 344294 242903 249067 242903 249067
571462 355029 571462 355029 272167 250187 272167 250187
574169 356095 574169 356095 271056 252876 271056 252876
603615 328784 603615 328784 255716 289993 255716 289993
620971 312686 620971 312686 277813 298482 277813 298482
624579 313084 624579 313084 281202 299784 281202 299784
650863 315981 650863 315981 307582 297961 307582 297961
629947 302214 629947 302214 332563 296235 332563 296235
627044 300171 627044 300171 336104 295990 336104 295990
614235 291155 614235 291155 327033 308760 327033 308760
571031 252106 571031 252106 293310 356239 293310 356239
562507 246990 562507 246990 287554 364344 287554 364344
575565 241465 575565 241465 279343 375903 279343 375903
591312 234802 591312 234802 268057 363058 268057 363058
601527 241460 601527 241460 260009 353898 260009 353898
612871 253438 612871 253438 249119 341505 249119 341505
625131 266383 625131 266383 243772 324497 243772 324497
634165 273143 634165 273143 240388 313733 240388 313733
639092 276830 639092 276830 244129 308847 244129 308847
640087 278105 640087 278105 245112 307563 245112 307563
643297 278128 643297 278128 247063 305014 247063 305014
654236 278206 654236 278206 239080 297535 239080 297535
656556 267206 656556 267206 230876 289848 230876 289848
657180 264249 657180 264249 228188 288468 228188 288468
669935 280529 669935 280529 209789 279023 209789 279023
678741 274420 678741 274420 200254 274129 200254 274129
694279 284112 694279 284112 183962 265765 183962 265765
695137 284831 695137 284831 182966 265254 182966 265254
696400 288055 696400 288055 179886 263673 179886 263673
699257 295346 699257 295346 172118 262686 172118 262686
703973 307384 703973 307384 164729 273296 164729 273296
711846 311547 711846 311547 159639 280604 159639 280604
733858 323187 733858 323187 157640 255785 157640 255785
746871 330068 746871 330068 168601 245959 168601 245959
782867 319648 782867 319648 196504 220944 196504 220944
791429 317170 791429 317170 203908 215982 203908 215982
789341 294976 789341 294976 222427 203572 222427 203572
807859 266738 807859 266738 250479 184774 250479 184774
805366 260120 805366 260120 256354 180837 256354 180837
796895 237638 796895 237638 265628 158674 265628 158674
794898 232337 794898 232337 259976 158295 259976 158295
770532 236756 770532 236756 235268 156640 235268 156640
754022 239750 754022 239750 220088 149491 220088 149491
760502 249408 760502 249408 209567 144535 209567 144535
765715 252171 765715 252171 204229 142021 204229 142021
771055 255001 771055 255001 198672 144397 198672 144397
766407 275628 766407 275628 179231 152710 179231 152710
734549 280227 734549 280227 149635 165366 149635 165366
731012 280738 731012 280738 146714 167424 146714 167424
717894 253256 717894 253256 121819 184964 121819 184964
706412 259306 706412 259306 111210 192439 111210 192439
700340 255666 700340 255666 105423 196516 105423 196516
699805 256002 699805 256002 104906 196880 104906 196880
689244 262628 689244 262628 92547 198521 92547 198521
690815 240183 690815 240183 70243 201484 70243 201484
691725 239533 691725 239533 69134 201631 69134 201631
711664 225285 711664 225285 78338 224343 78338 224343
672535 220693 672535 220693 93135 260856 93135 260856
682266 209437 682266 209437 98723 274646 98723 274646
695456 194181 695456 194181 79539 268424 79539 268424
704516 173059 704516 173059 57677 261334 57677 261334
718158 141256 718158 141256 57677 261334 57677 261334
756032 182880 756032 182880 57677 261334 57677 261334
791672 172001 791672 172001 57677 261334 57677 261334
822615 198509 822615 198509 57677 261334 57677 261334
874158 156474 874158 156474 57677 261334 57677 261334
