105936 203197 105936 203197 234545 862156 234545 862156
125058 216341 125058 216341 233433 838979 233433 838979
152442 235165 152442 235165 246606 808472 246606 808472
172600 249021 172600 249021 242314 784390 242314 784390
177463 252995 177463 252995 241212 778207 241212 778207
187817 225451 187817 225451 236049 749238 236049 749238
189787 220208 189787 220208 241273 747218 241273 747218
213417 157345 213417 157345 263277 683768 263277 683768
217862 145520 217862 145520 273260 676026 273260 676026
267230 131378 267230 131378 313842 644557 313842 644557
256079 190167 256079 190167 361127 607888 361127 607888
246849 238829 246849 238829 381878 652861 381878 652861
242998 259132 242998 259132 377874 673134 377874 673134
219172 277478 219172 277478 372046 702635 372046 702635
215898 288990 215898 288990 369727 714377 369727 714377
207486 318564 207486 318564 344747 732304 344747 732304
201347 340150 201347 340150 346725 754659 346725 754659
198469 350269 198469 350269 337167 750265 337167 750265
189925 380308 189925 380308 310272 734390 310272 734390
188463 385449 188463 385449 305151 735921 305151 735921
213193 409531 213193 409531 272079 745807 272079 745807
240834 436449 240834 436449 287623 781120 287623 781120
240937 436591 240937 436591 287694 781280 287694 781280
263125 467322 263125 467322 298483 817616 298483 817616
284945 497542 284945 497542 286839 853025 286839 853025
317427 499046 317427 499046 276681 883914 276681 883914
339703 500078 339703 500078 294077 897866 294077 897866
360803 489893 360803 489893 312355 912525 312355 912525
354881 478443 354881 478443 322411 920590 322411 920590
350138 463185 350138 463185 334876 930587 334876 930587
345451 448109 345451 448109 340742 915930 340742 915930
328314 455320 328314 455320 347650 898668 347650 898668
335062 443921 335062 443921 352571 886370 352571 886370
337640 433342 337640 433342 356617 876261 356617 876261
339050 427555 339050 427555 356924 870312 356924 870312
345453 426789 345453 426789 357256 863872 357256 863872
371946 423621 371946 423621 348728 838590 348728 838590
381985 403288 381985 403288 341481 817103 341481 817103
377481 395960 377481 395960 338732 808953 338732 808953
366490 378080 366490 378080 354219 794787 354219 794787
349793 350916 349793 350916 385799 790391 385799 790391
364828 323126 364828 323126 417094 786035 417094 786035
375851 318534 375851 318534 428921 784389 428921 784389
407314 305428 407314 305428 408345 811561 408345 811561
432577 294905 432577 294905 389340 831253 389340 831253
432538 299615 432538 299615 386069 834642 386069 834642
432046 358725 432046 358725 422679 881053 422679 881053
432004 363783 432004 363783 426833 878168 426833 878168
443752 375277 443752 375277 440332 868792 440332 868792
451814 383165 451814 383165 451611 868934 451611 868934
448496 388595 448496 388595 457974 869014 457974 869014
439804 402820 439804 402820 469883 880679 469883 880679
430030 418816 430030 418816 487996 885506 487996 885506
418256 420204 418256 420204 499452 888559 499452 888559
412671 417185 412671 417185 505586 890194 505586 890194
428830 440028 428830 440028 532623 897400 532623 897400
449608 439021 449608 439021 552724 902757 552724 902757
457517 438637 457517 438637 560564 901645 560564 901645
478344 494666 478344 494666 619746 893249 619746 893249
496287 538224 496287 538224 666388 886632 666388 886632
484427 543212 484427 543212 679127 884824 679127 884824
482253 544251 482253 544251 681512 884486 681512 884486
456477 556574 456477 556574 698042 861183 698042 861183
495142 562524 495142 562524 720676 829275 720676 829275
517741 573442 517741 573442 735197 808805 735197 808805
503841 585196 503841 585196 745729 793957 745729 793957
485017 601113 485017 601113 721467 789591 721467 789591
485393 611799 485393 611799 710944 787697 710944 787697
474003 622022 474003 622022 695881 784986 695881 784986
447500 613861 447500 613861 668588 780075 668588 780075
430934 628298 430934 628298 646962 776183 646962 776183
422570 593823 422570 593823 612047 769900 612047 769900
422010 591513 422010 591513 613113 767776 613113 767776
417039 567538 417039 567538 624101 745895 624101 745895
414171 553709 414171 553709 615992 734332 615992 734332
413695 551412 413695 551412 613915 735423 613915 735423
423027 528714 423027 528714 592190 746839 592190 746839
424887 524191 424887 524191 588389 749916 588389 749916
428914 514395 428914 514395 578556 753851 578556 753851
428057 513534 428057 513534 577428 754302 577428 754302
409558 494931 409558 494931 558847 735781 558847 735781
400738 486062 400738 486062 555953 747950 555953 747950
392839 489818 392839 489818 553930 756459 553930 756459
376577 497551 376577 497551 554858 774442 554858 774442
369751 519441 369751 519441 556039 797341 556039 797341
375533 521588 375533 521588 556357 803501 556357 803501
397618 529786 397618 529786 535719 814860 535719 814860
395578 533704 395578 533704 531849 816990 531849 816990
388851 546625 388851 546625 521723 806518 521723 806518
384969 554080 384969 554080 527713 800622 527713 800622
383727 556465 383727 556465 526430 798259 526430 798259
381210 566868 381210 566868 521321 788853 521321 788853
375963 572082 375963 572082 517791 782353 517791 782353
360103 587843 360103 587843 496929 790399 496929 790399
357401 590528 357401 590528 495521 793938 495521 793938
356536 582216 356536 582216 492433 801704 492433 801704
355822 575352 355822 575352 490350 795125 490350 795125
353185 572024 353185 572024 489068 791077 489068 791077
351556 556926 351556 556926 484484 776600 484484 776600
350534 547450 350534 547450 489155 768292 489155 768292
348243 544877 348243 544877 490844 765289 490844 765289
340168 535810 340168 535810 502926 766486 502926 766486
337432 538217 337432 538217 506552 766845 506552 766845
331449 543482 331449 543482 512834 761941 512834 761941
325412 538518 325412 538518 518995 757131 518995 757131
320819 534740 320819 534740 517235 751450 517235 751450
305087 534371 305087 534371 512577 736419 512577 736419
302074 534300 302074 534300 511778 733513 511778 733513
293628 534102 293628 534102 503935 730372 503935 730372
287634 537749 287634 537749 497422 727764 497422 727764
248371 533491 248371 533491 460759 713082 460759 713082
235626 541222 235626 541222 446921 707540 446921 707540
217231 552380 217231 552380 466784 699273 466784 699273
200860 562309 200860 562309 483413 689783 483413 689783
197659 564251 197659 564251 487145 690082 487145 690082
212780 574037 212780 574037 505099 691523 505099 691523
228584 584265 228584 584265 506592 710289 506592 710289
247401 596443 247401 596443 522541 726036 522541 726036
248753 597318 248753 597318 523923 725208 523923 725208
271433 593330 271433 593330 543681 713379 543681 713379
272877 593076 272877 593076 545087 712965 545087 712965
279354 591937 279354 591937 543135 706685 543135 706685
288212 590380 288212 590380 551122 702550 551122 702550
290680 589946 290680 589946 553627 702616 553627 702616
308821 585393 308821 585393 572324 703108 572324 703108
309532 585214 309532 585214 572371 703840 572371 703840
312450 594730 312450 594730 573006 713773 573006 713773
321883 625494 321883 625494 601568 698955 601568 698955
322735 628274 322735 628274 602828 696334 602828 696334
329214 649404 329214 649404 604498 674296 604498 674296
331930 658261 331930 658261 597214 668572 597214 668572
329589 662492 329589 662492 593412 665584 593412 665584
320059 679713 320059 679713 573814 667400 573814 667400
319368 680962 319368 680962 574277 668750 574277 668750
315027 688805 315027 688805 567049 674052 567049 674052
314028 688711 314028 688711 566240 674646 566240 674646
302547 687632 302547 687632 554732 673904 554732 673904
278324 685355 278324 685355 533294 662401 533294 662401
232727 681068 232727 681068 541680 617377 541680 617377
224570 689219 224570 689219 543791 606040 543791 606040
199597 714174 199597 714174 567751 631969 567751 631969
216122 721670 216122 721670 580066 645295 580066 645295
240937 732926 240937 732926 593835 621781 593835 621781
261077 742062 261077 742062 614874 614966 614874 614966
277922 749703 277922 749703 603000 600783 603000 600783
267569 763150 267569 763150 592105 587771 592105 587771
249713 786343 249713 786343 620654 581315 620654 581315
243306 794664 243306 794664 630008 576540 630008 576540
254907 799530 254907 799530 641213 570820 641213 570820
306919 823364 306919 823364 692170 544808 692170 544808
347252 841847 347252 841847 675257 503792 675257 503792
372177 853269 372177 853269 647843 503371 647843 503371
373393 848974 373393 848974 643379 503303 643379 503303
385974 804554 385974 804554 616456 540807 616456 540807
390665 787987 390665 787987 599397 543143 599397 543143
403476 742753 403476 742753 554014 555416 554014 555416
404171 740299 404171 740299 553343 552955 553343 552955
390727 688642 390727 688642 539298 501458 539298 501458
402390 678672 402390 678672 535261 486656 535261 486656
419873 663727 419873 663727 515555 498517 515555 498517
430440 654694 430440 654694 504217 506562 504217 506562
436751 667052 436751 667052 492901 514592 492901 514592
465263 722884 465263 722884 430247 516771 430247 516771
473757 739517 473757 739517 432746 498263 432746 498263
474819 751353 474819 751353 434337 486487 434337 486487
493085 739565 493085 739565 437246 464943 437246 464943
500785 734596 500785 734596 446208 463027 446208 463027
505496 731556 505496 731556 450871 459913 450871 459913
531801 714580 531801 714580 479552 472462 479552 472462
538793 710068 538793 710068 481931 464487 481931 464487
515273 677378 515273 677378 493442 425896 493442 425896
518160 640020 518160 640020 504152 389990 504152 389990
520472 610106 520472 610106 518897 416120 518897 416120
525234 615542 525234 615542 522449 422414 522449 422414
532897 624288 532897 624288 534077 422418 534077 422418
538437 630612 538437 630612 541340 426654 541340 426654
550141 643359 550141 643359 556288 435372 556288 435372
582833 616481 582833 616481 592848 456694 592848 456694
583672 615791 583672 615791 593720 456047 593720 456047
603384 631233 603384 631233 613821 441115 613821 441115
636621 667558 636621 667558 653346 411755 653346 411755
635486 655935 635486 655935 662721 404791 662721 404791
631002 609997 631002 609997 695530 437255 695530 437255
654468 592149 654468 592149 716487 457992 716487 457992
675144 576423 675144 576423 716487 457992 716487 457992
679229 557526 679229 557526 716487 457992 716487 457992
628605 541945 628605 541945 716487 457992 716487 457992
599768 536135 599768 536135 716487 457992 716487 457992
598346 490356 598346 490356 716487 457992 716487 457992
556089 446619 556089 446619 716487 457992 716487 457992
580353 370388 580353 370388 716487 457992 716487 457992
604618 294156 604618 294156 716487 457992 716487 457992
618735 249804 618735 249804 716487 457992 716487 457992
654845 274488 654845 274488 716487 457992 716487 457992
692901 325192 692901 325192 716487 457992 716487 457992
682541 404518 682541 404518 716487 457992 716487 457992
678150 438135 678150 438135 716487 457992 716487 457992
731965 492613 731965 492613 716487 457992 716487 457992
758832 482950 758832 482950 716487 457992 716487 457992
771969 550216 771969 550216 716487 457992 716487 457992
797195 570934 797195 570934 716487 457992 716487 457992
795355 619654 795355 619654 716487 457992 716487 457992
