834350 793600 834350 793600 543304 310525 543304 310525
800216 760054 800216 760054 540996 358328 540996 358328
779336 739534 779336 739534 534421 386856 534421 386856
770238 747187 770238 747187 531751 398441 531751 398441
756765 758521 756765 758521 547115 389844 547115 389844
766252 773895 766252 773895 562880 381022 562880 381022
768768 777971 768768 777971 565680 384908 565680 384908
766489 801087 766489 801087 579259 403754 579259 403754
765668 809412 765668 809412 584607 410187 584607 410187
754263 819030 754263 819030 594144 421660 594144 421660
752125 832103 752125 832103 602612 431846 602612 431846
748722 852914 748722 852914 618998 418573 618998 418573
746876 864204 746876 864204 625612 427907 625612 427907
739221 856762 739221 856762 631785 436618 631785 436618
715521 833722 715521 833722 660091 453686 660091 453686
693231 812052 693231 812052 636056 473403 636056 473403
665843 785426 665843 785426 598753 481620 598753 481620
661381 781088 661381 781088 593061 484135 593061 484135
653145 773081 653145 773081 598879 474231 598879 474231
647473 767567 647473 767567 597173 466506 597173 466506
651483 764876 651483 764876 596132 461790 596132 461790
667623 754046 667623 754046 584152 446484 584152 446484
693310 736809 693310 736809 562261 424628 562261 424628
711618 724524 711618 724524 560477 446603 560477 446603
727890 725010 727890 725010 559160 462829 559160 462829
730953 725102 730953 725102 559701 465846 559701 465846
738799 705162 738799 705162 563485 486937 563485 486937
741722 697733 741722 697733 559774 494006 559774 494006
747576 682857 747576 682857 549127 482082 549127 482082
750247 676068 750247 676068 544079 487349 544079 487349
739834 668365 739834 668365 535117 496701 535117 496701
716292 650951 716292 650951 509793 481998 509793 481998
711690 647547 711690 647547 509775 476274 509775 476274
712818 635348 712818 635348 509736 464023 509736 464023
716869 591538 716869 591538 483519 499355 483519 499355
722588 529696 722588 529696 429032 469549 429032 469549
727903 472212 727903 472212 379290 498847 379290 498847
728545 466148 728545 466148 374036 501942 374036 501942
731422 438964 731422 438964 394759 519769 394759 519769
745212 434062 745212 434062 405854 529313 405854 529313
744873 439188 744873 439188 409749 532663 409749 532663
746006 447396 746006 447396 416030 538066 416030 538066
746202 448820 746202 448820 417102 537108 417102 537108
748499 465459 748499 465459 430030 526384 430030 526384
749783 465454 749783 465454 431018 525564 431018 525564
761781 465407 761781 465407 438716 516361 438716 516361
769569 465377 769569 465377 445282 520550 445282 520550
790574 475695 790574 475695 465010 533138 465010 533138
790809 475527 790809 475527 465254 533293 465254 533293
797668 470628 797668 470628 460848 540478 460848 540478
808493 468715 808493 468715 455101 549849 455101 549849
802667 461456 802667 461456 450235 557784 450235 557784
787947 443115 787947 443115 462843 577636 462843 577636
785974 440657 785974 440657 462932 580787 462932 580787
799711 425910 799711 425910 463500 600933 463500 600933
807812 416754 807812 416754 463845 613153 463845 613153
815379 408203 815379 408203 471151 604378 471151 604378
811412 407432 811412 407432 473737 601272 473737 601272
781702 401658 781702 401658 492078 577196 492078 577196
766708 406513 766708 406513 501628 564659 501628 564659
756168 399514 756168 399514 509295 554595 509295 554595
755995 399399 755995 399399 509401 554416 509401 554416
746186 399268 746186 399268 514395 545973 514395 545973
743305 399229 743305 399229 517146 545116 517146 545116
741933 399211 741933 399211 518506 544930 518506 544930
728783 410730 728783 410730 535827 542565 535827 542565
725237 413836 725237 413836 531665 540353 531665 540353
725204 408679 725204 408679 527111 537932 527111 537932
725140 398834 725140 398834 521720 529694 521720 529694
720787 399377 720787 399377 519318 526024 519318 526024
714540 394227 714540 394227 514884 519249 514884 519249
709836 390349 709836 390349 520824 517880 520824 517880
717726 382433 717726 382433 531715 515369 531715 515369
739349 367674 739349 367674 557226 509489 557226 509489
756090 356248 756090 356248 574146 520649 574146 520649
756767 353052 756767 353052 576873 522448 576873 522448
759902 338243 759902 338243 590922 528083 590922 528083
761564 336432 761564 336432 593203 528998 593203 528998
770576 326612 770576 326612 605201 534803 605201 534803
764041 320321 764041 320321 613366 538754 613366 538754
757745 314260 757745 314260 617803 546284 617803 546284
740491 297650 740491 297650 636217 530970 636217 530970
725490 283209 725490 283209 652749 543629 652749 543629
723866 281645 723866 281645 651972 545746 651972 545746
717683 286669 717683 286669 649227 553225 649227 553225
713743 312034 713743 312034 640381 577321 640381 577321
712454 320334 712454 320334 641322 585668 641322 585668
706169 325659 706169 325659 642244 593854 642244 593854
682553 345667 682553 345667 656871 621132 656871 621132
659205 365448 659205 365448 630365 636425 630365 636425
656848 367445 656848 367445 627682 634895 627682 634895
632877 378812 632877 378812 604635 621756 604635 621756
618077 385830 618077 385830 612712 607506 612712 607506
597742 395472 597742 395472 622513 587247 622513 587247
576135 405719 576135 405719 608060 568195 608060 568195
551074 417602 551074 417602 588104 548934 588104 548934
544028 420943 544028 420943 582425 543589 582425 543589
530268 427468 530268 427468 569351 551397 569351 551397
524699 430109 524699 430109 563772 554019 563772 554019
532652 419612 532652 419612 551853 559620 551853 559620
535454 415913 535454 415913 547313 558662 547313 558662
540259 409571 540259 409571 540494 562762 540494 562762
539965 407582 539965 407582 538771 563798 538771 563798
538717 399152 538717 399152 530249 563812 530249 563812
538631 398573 538631 398573 530641 564247 530641 564247
529242 363955 529242 363955 554658 590887 554658 590887
529018 363128 529018 363128 554547 591737 554547 591737
527943 359908 527943 359908 554108 595103 554108 595103
522698 344192 522698 344192 545824 609452 545824 609452
520201 336709 520201 336709 537973 610216 537973 610216
506727 339541 506727 339541 524269 611549 524269 611549
505952 339704 505952 339704 523982 612287 523982 612287
481514 322477 481514 322477 513152 640156 513152 640156
475193 318022 475193 318022 513552 647879 513552 647879
448122 298939 448122 298939 498968 677617 498968 677617
415165 275707 415165 275707 525655 707844 525655 707844
338834 257081 338834 257081 577656 766745 577656 766745
328537 254568 328537 254568 583634 775497 583634 775497
352837 283219 352837 283219 604825 806518 604825 806518
400143 338994 400143 338994 538331 836970 538331 836970
416515 358297 416515 358297 530983 812750 530983 812750
419151 413122 419151 413122 515048 760225 515048 760225
419698 424495 419698 424495 524156 753393 524156 753393
421130 454285 421130 454285 499868 736083 499868 736083
467430 438448 467430 438448 460020 707683 460020 707683
474174 436141 474174 436141 457852 700893 457852 700893
473134 456088 473134 456088 451775 681865 451775 681865
471544 486563 471544 486563 476151 663507 476151 663507
471371 489887 471371 489887 472883 662873 472883 662873
473301 490652 473301 490652 470845 662477 470845 662477
479856 488921 479856 488921 464189 661186 464189 661186
508728 481297 508728 481297 434329 661393 434329 661393
498572 514770 498572 514770 399350 661636 399350 661636
532563 546871 532563 546871 352597 661961 352597 661961
551675 564920 551675 564920 331711 677923 331711 677923
541474 563502 541474 563502 323528 684176 323528 684176
504859 558412 504859 558412 328239 647510 328239 647510
477336 554585 477336 554585 348106 628082 348106 628082
456064 551628 456064 551628 331904 613983 331904 613983
396221 568534 396221 568534 284994 573162 284994 573162
348877 581908 348877 581908 240287 552628 240287 552628
343119 583535 343119 583535 241684 558446 241684 558446
332052 584286 332052 584286 244273 569232 244273 569232
330050 584279 330050 584279 244740 571179 244740 571179
315714 584225 315714 584225 242223 585292 242223 585292
310433 586952 310433 586952 241179 591143 241179 591143
309535 586390 309535 586390 240993 592186 240993 592186
293658 576450 293658 576450 248532 609334 248532 609334
289569 573891 289569 573891 243721 609687 243721 609687
265502 588832 265502 588832 215470 611759 215470 611759
248709 592375 248709 592375 198353 613014 198353 613014
248004 592524 248004 592524 198169 612317 198169 612317
258384 596346 258384 596346 195349 601621 195349 601621
284866 612791 284866 612791 187401 571479 187401 571479
310589 600805 310589 600805 180166 544038 180166 544038
316698 597958 316698 597958 175288 548689 175288 548689
315063 613624 315063 613624 163888 559558 163888 559558
338870 627643 338870 627643 143893 578623 143893 578623
350586 634543 350586 634543 130744 575161 130744 575161
348492 638419 348492 638419 126484 574040 126484 574040
328744 674969 328744 674969 120004 615076 120004 615076
327258 661860 327258 661860 117946 628107 117946 628107
299640 634665 299640 634665 111899 666392 111899 666392
286311 636702 286311 636702 109796 679711 109796 679711
277624 646185 277624 646185 107790 692414 107790 692414
272698 651562 272698 651562 101381 695894 101381 695894
254315 671628 254315 671628 121452 714270 121452 714270
237615 663270 237615 663270 135226 726881 135226 726881
207607 648251 207607 648251 154466 699388 154466 699388
190739 673643 190739 673643 171945 674412 171945 674412
188572 676905 188572 676905 175679 675592 175679 675592
189746 703970 189746 703970 201510 683756 201510 683756
192021 756390 192021 756390 218815 733289 218815 733289
190968 754922 190968 754922 219411 734995 219411 734995
144360 689901 144360 689901 203685 813434 203685 813434
125443 663513 125443 663513 197303 845269 197303 845269
120868 657130 120868 657130 204332 848771 204332 848771
181533 639101 181533 639101 260980 876990 260980 876990
200552 611729 200552 611729 290814 891852 290814 891852
207650 593058 207650 593058 308693 900758 308693 900758
206425 592045 206425 592045 310116 901467 310116 901467
233657 562103 233657 562103 346344 919514 346344 919514
260293 557333 260293 557333 370564 931579 370564 931579
267643 556017 267643 556017 370564 931579 370564 931579
285784 547743 285784 547743 370564 931579 370564 931579
293199 546864 293199 546864 370564 931579 370564 931579
332740 519905 332740 519905 370564 931579 370564 931579
329901 499685 329901 499685 370564 931579 370564 931579
343485 499850 343485 499850 370564 931579 370564 931579
337947 474124 337947 474124 370564 931579 370564 931579
295496 498853 295496 498853 370564 931579 370564 931579
260487 507761 260487 507761 370564 931579 370564 931579
223751 520439 223751 520439 370564 931579 370564 931579
217224 513637 217224 513637 370564 931579 370564 931579
165809 452347 165809 452347 370564 931579 370564 931579
114394 391056 114394 391056 370564 931579 370564 931579
112315 388578 112315 388578 370564 931579 370564 931579
100923 344429 100923 344429 370564 931579 370564 931579
167562 300166 167562 300166 370564 931579 370564 931579
234201 255902 234201 255902 370564 931579 370564 931579
256337 241199 256337 241199 370564 931579 370564 931579
273536 240344 273536 240344 370564 931579 370564 931579
272606 160349 272606 160349 370564 931579 370564 931579
272382 141102 272382 141102 370564 931579 370564 931579
212437 194080 212437 194080 370564 931579 370564 931579
171746 230042 171746 230042 370564 931579 370564 931579
