143542 790750 143542 790750 834519 110483 834519 110483
175558 799450 175558 799450 805738 93979 805738 93979
223952 812601 223952 812601 831462 137028 831462 137028
257733 821780 257733 821780 835175 171836 835175 171836
286333 829552 286333 829552 805704 174967 805704 174967
321923 821470 321923 821470 769412 178823 769412 178823
331443 819308 331443 819308 762967 186156 762967 186156
340805 817182 340805 817182 753888 183036 753888 183036
348872 792237 348872 792237 729094 174517 729094 174517
343774 781774 343774 781774 718086 170735 718086 170735
361089 791426 361089 791426 699339 164293 699339 164293
395118 810396 395118 810396 689618 202020 689618 202020
409947 806591 409947 806591 685798 216846 685798 216846
413490 805682 413490 805682 689454 216928 689454 216928
440084 757932 440084 757932 744097 218156 744097 218156
453679 733522 453679 733522 756019 243425 756019 243425
449098 731826 449098 731826 758104 247843 758104 247843
415450 719369 415450 719369 783164 222165 783164 222165
410583 723112 410583 723112 787452 217771 787452 217771
387152 741133 387152 741133 795068 246333 795068 246333
384903 742863 384903 742863 797607 247599 797607 247599
371075 740839 371075 740839 810114 253834 810114 253834
349372 734788 349372 734788 830278 263886 830278 263886
343015 733016 343015 733016 835000 259275 835000 259275
328115 735692 328115 735692 845830 248698 845830 248698
315020 738044 315020 738044 857576 254947 857576 254947
308576 726925 308576 726925 868921 260983 868921 260983
301632 714943 301632 714943 860691 272121 860691 272121
338335 663816 338335 663816 823288 322739 823288 322739
350813 678974 350813 678974 811621 338529 811621 338529
362264 701439 362264 701439 796636 358808 796636 358808
368638 696667 368638 696667 791904 365212 791904 365212
375483 691543 375483 691543 786834 358326 786834 358326
405608 689584 405608 689584 768935 334017 768935 334017
398993 680340 398993 680340 762195 324863 762195 324863
386012 662199 386012 662199 740428 319987 740428 319987
344860 629945 344860 629945 689406 308558 689406 308558
356504 629598 356504 629598 678039 306012 678039 306012
383623 624698 383623 624698 651147 299988 651147 299988
393782 625905 393782 625905 641164 297752 641164 297752
409246 627742 409246 627742 643116 313202 643116 313202
426537 629797 426537 629797 625703 313199 625703 313199
480819 636246 480819 636246 618485 367384 618485 367384
506014 643999 506014 643999 615005 393514 615005 393514
519137 620463 519137 620463 611447 420225 611447 420225
543277 577169 543277 577169 616494 469537 616494 469537
561015 545355 561015 545355 634799 501029 634799 501029
561059 545313 561059 545313 634829 501081 634829 501081
585082 522156 585082 522156 629173 533965 629173 533965
591715 515763 591715 515763 620187 535995 620187 535995
603679 500295 603679 500295 601113 540305 601113 540305
609000 508603 609000 508603 591489 542479 591489 542479
627564 537586 627564 537586 595576 576654 595576 576654
637282 552758 637282 552758 613175 572798 613175 572798
664560 595346 664560 595346 649925 607545 649925 607545
676879 614579 676879 614579 628852 616353 628852 616353
679776 619103 679776 619103 625355 620431 625355 620431
690548 653459 690548 653459 601915 647761 601915 647761
690778 652849 690778 652849 601490 648256 601490 648256
705207 614641 705207 614641 603228 607452 603228 607452
716991 583438 716991 583438 569894 608617 569894 608617
725561 560744 725561 560744 556329 588506 556329 588506
720660 540826 720660 540826 544859 571501 544859 571501
715048 518016 715048 518016 548806 548344 548806 548344
713682 489911 713682 489911 553534 520606 553534 520606
712764 471018 712764 471018 571706 525855 571706 525855
710350 469227 710350 469227 574594 526689 574594 526689
701375 462571 701375 462571 584852 522258 584852 522258
697335 459574 697335 459574 589276 519865 589276 519865
677853 445125 677853 445125 613258 516232 613258 516232
644433 420337 644433 420337 595863 478433 595863 478433
613169 397149 613169 397149 580516 442662 580516 442662
596705 384938 596705 384938 560018 442778 560018 442778
594703 384775 594703 384775 558009 442789 558009 442789
561668 382079 561668 382079 568159 411237 568159 411237
553008 374526 553008 374526 571678 400298 571678 400298
522674 348071 522674 348071 558306 362335 558306 362335
521379 346942 521379 346942 557407 360871 557407 360871
517455 363060 517455 363060 548729 346733 548729 346733
516608 366538 516608 366538 549886 343345 549886 343345
512958 381528 512958 381528 559565 331331 559565 331331
509728 394797 509728 394797 570291 322879 570291 322879
506892 430274 506892 430274 598245 300850 598245 300850
504630 458574 504630 458574 608428 274349 608428 274349
503984 466653 503984 466653 611018 266669 611018 266669
493856 492526 493856 492526 619895 240341 619895 240341
483212 519719 483212 519719 607089 214096 607089 214096
495077 533536 495077 533536 599103 197729 599103 197729
493054 534817 493054 534817 598053 195577 598053 195577
439341 568833 439341 568833 583828 133610 583828 133610
395633 596513 395633 596513 547514 170459 547514 170459
386943 594943 386943 594943 541316 176749 541316 176749
379145 599580 379145 599580 534948 183211 534948 183211
371139 586312 371139 586312 524071 194248 524071 194248
367777 580741 367777 580741 523726 200746 523726 200746
357191 563196 357191 563196 525312 221176 525312 221176
319805 583478 319805 583478 528603 263582 528603 263582
311940 589823 311940 589823 529385 273657 529385 273657
285369 611260 285369 611260 495245 273692 495245 273692
279518 627492 279518 627492 477991 273710 477991 273710
278449 630458 278449 630458 475999 276154 475999 276154
265901 610359 265901 610359 461030 294521 461030 294521
263853 612284 263853 612284 459254 296700 459254 296700
232685 641575 232685 641575 468142 338538 468142 338538
233277 627504 233277 627504 471069 352314 471069 352314
235680 570371 235680 570371 449163 405135 449163 405135
215894 558698 215894 558698 440363 426355 440363 426355
146990 518050 146990 518050 367503 459393 367503 459393
141246 514661 141246 514661 361429 462147 361429 462147
132631 509579 132631 509579 359770 472010 359770 472010
129515 490244 129515 490244 356521 491324 356521 491324
124575 459594 124575 459594 331869 472454 331869 472454
121131 438227 121131 438227 329937 450898 329937 450898
132752 439570 132752 439570 328892 439246 328892 439246
137099 426792 137099 426792 327687 425803 327687 425803
144456 405169 144456 405169 306349 433951 306349 433951
173891 415192 173891 415192 277301 445044 277301 445044
165424 399017 165424 399017 260245 451557 260245 451557
164111 396510 164111 396510 260292 448727 260292 448727
167665 392584 167665 392584 260380 443432 260380 443432
170314 368358 170314 368358 260785 419065 260785 419065
171197 360284 171197 360284 264787 411997 264787 411997
182109 364990 182109 364990 270643 401657 270643 401657
187644 364443 187644 364443 273383 396817 273383 396817
199053 363316 199053 363316 282032 389292 282032 389292
204233 362804 204233 362804 283121 384201 283121 384201
245008 358775 245008 358775 257125 352531 257125 352531
247016 389210 247016 389210 237772 328955 237772 328955
280915 374423 280915 374423 214307 300369 214307 300369
312909 360467 312909 360467 198003 331232 198003 331232
375453 353722 375453 353722 168619 386855 168619 386855
302097 335353 302097 335353 133297 453719 133297 453719
252733 322992 252733 322992 162567 495347 162567 495347
190732 314929 190732 314929 198530 546492 198530 546492
150384 300660 150384 300660 223146 581501 223146 581501
98903 282453 98903 282453 274426 562735 274426 562735
89963 250467 89963 250467 305614 551321 305614 551321
105788 246385 105788 246385 320962 545704 320962 545704
146247 235948 146247 235948 297102 511403 297102 511403
159022 232652 159022 232652 309764 515108 309764 515108
155634 228820 155634 228820 314674 516545 314674 516545
146947 218995 146947 218995 325999 509932 325999 509932
140540 211749 140540 211749 330573 518454 330573 518454
136415 207083 136415 207083 336349 520785 336349 520785
140003 196501 140003 196501 346710 524966 346710 524966
145650 179844 145650 179844 362068 516394 362068 516394
158161 142940 158161 142940 357362 555076 357362 555076
168663 111965 168663 111965 389647 549839 389647 549839
199678 181771 199678 181771 465047 537608 465047 537608
203008 183025 203008 183025 468560 537038 468560 537038
232142 193998 232142 193998 477032 566995 477032 566995
245884 199173 245884 199173 467375 578056 467375 578056
258807 202694 258807 202694 458566 588146 458566 588146
281755 208947 281755 208947 436431 596850 436431 596850
274617 177400 274617 177400 406330 608686 406330 608686
266651 164546 266651 164546 392257 614220 392257 614220
249127 136269 249127 136269 390140 647420 390140 647420
242861 126159 242861 126159 401784 649846 401784 649846
243413 122531 243413 122531 405377 650594 405377 650594
250154 78208 250154 78208 399240 695004 399240 695004
251507 78328 251507 78328 399054 696350 399054 696350
259772 79057 259772 79057 391383 699511 391383 699511
272937 80220 272937 80220 403083 705658 403083 705658
310033 83496 310033 83496 421181 673111 421181 673111
312046 83674 312046 83674 422921 672084 422921 672084
342389 109395 342389 109395 457178 651866 457178 651866
361695 125761 361695 125761 446558 674839 446558 674839
370004 132805 370004 132805 449813 685235 449813 685235
377126 138842 377126 138842 455338 692761 455338 692761
377221 150319 377221 150319 462129 702013 462129 702013
377313 161375 377313 161375 468519 711036 468519 711036
377452 178151 377452 178151 453710 718921 453710 718921
361426 192403 361426 192403 434780 729000 434780 729000
355517 197659 355517 197659 438735 735848 438735 735848
362518 199950 362518 199950 442419 742227 442419 742227
368003 201744 368003 201744 444551 747590 444551 747590
388295 208384 388295 208384 465799 749686 465799 749686
402316 197714 402316 197714 483333 751416 483333 751416
445761 164652 445761 164652 443951 789226 443951 789226
466991 148496 466991 148496 417274 788970 417274 788970
474178 143027 474178 143027 408244 788830 408244 788830
490232 160893 490232 160893 384227 788457 384227 788457
528551 203537 528551 203537 384227 788457 384227 788457
604894 227449 604894 227449 384227 788457 384227 788457
640099 238476 640099 238476 384227 788457 384227 788457
628383 175314 628383 175314 384227 788457 384227 788457
652102 98911 652102 98911 384227 788457 384227 788457
652286 98319 652286 98319 384227 788457 384227 788457
670770 159547 670770 159547 384227 788457 384227 788457
693754 202029 693754 202029 384227 788457 384227 788457
718014 167398 718014 167398 384227 788457 384227 788457
763214 182283 763214 182283 384227 788457 384227 788457
719939 235722 719939 235722 384227 788457 384227 788457
707421 295964 707421 295964 384227 788457 384227 788457
736862 282132 736862 282132 384227 788457 384227 788457
742295 287162 742295 287162 384227 788457 384227 788457
783700 306203 783700 306203 384227 788457 384227 788457
774085 246164 774085 246164 384227 788457 384227 788457
783668 243628 783668 243628 384227 788457 384227 788457
813990 247305 813990 247305 384227 788457 384227 788457
848123 258162 848123 258162 384227 788457 384227 788457
822310 202661 822310 202661 384227 788457 384227 788457
