686850 155418 686850 155418 217196 131448 217196 131448
670105 186716 670105 186716 250924 142511 250924 142511
654852 198784 654852 198784 269405 148573 269405 148573
662400 218251 662400 218251 289244 155080 289244 155080
663354 220710 663354 220710 291590 153874 291590 153874
664985 234992 664985 234992 304376 147304 304376 147304
690570 223713 690570 223713 329245 134525 329245 134525
729368 206609 729368 206609 370288 145171 370288 145171
731537 219941 731537 219941 383362 148562 383362 148562
715891 231621 715891 231621 402262 153464 402262 153464
699440 254543 699440 254543 429573 160548 429573 160548
688044 270421 688044 270421 410960 166507 410960 166507
694668 283284 694668 283284 397180 170918 397180 170918
680312 295327 680312 295327 379334 176632 379334 176632
669751 276680 669751 276680 358925 183166 358925 183166
664091 275911 664091 275911 353485 184908 353485 184908
645353 261763 645353 261763 331123 192067 331123 192067
630824 272250 630824 272250 314058 197530 314058 197530
624486 276824 624486 276824 319763 202873 319763 202873
623276 279266 623276 279266 321752 204736 321752 204736
592802 268344 592802 268344 345379 226865 345379 226865
590611 269230 590611 269230 347104 228481 347104 228481
571356 277017 571356 277017 364995 239030 364995 239030
559511 281807 559511 281807 377621 240988 377621 240988
566162 266558 566162 266558 394061 243537 394061 243537
573806 249030 573806 249030 384762 260246 384762 260246
512073 198147 512073 198147 345861 330151 345861 330151
502762 190472 502762 190472 339993 340695 339993 340695
485202 175998 485202 175998 320740 352827 320740 352827
433098 215898 433098 215898 265218 387815 265218 387815
389967 248927 389967 248927 229381 346988 229381 346988
347414 269788 347414 269788 198118 311371 198118 311371
338751 274035 338751 274035 192427 303580 192427 303580
350598 285265 350598 285265 182799 290398 182799 290398
383649 316594 383649 316594 184878 335890 184878 335890
384756 319722 384756 319722 185029 339205 185029 339205
394868 348301 394868 348301 164390 361410 164390 361410
397644 334693 397644 334693 154935 371583 154935 371583
400696 319731 400696 319731 168570 378457 168570 378457
415313 316191 415313 316191 182000 385227 182000 385227
439798 288400 439798 288400 215073 401900 215073 401900
423122 278939 423122 278939 232194 410531 232194 410531
438429 264293 438429 264293 251111 420068 251111 420068
443731 263323 443731 263323 255924 422494 255924 422494
455254 261215 455254 261215 262505 432185 262505 432185
473827 257817 473827 257817 281341 433487 281341 433487
480168 274957 480168 274957 299573 434747 299573 434747
487961 302110 487961 302110 327755 436694 327755 436694
491602 314794 491602 314794 319811 447232 319811 447232
543505 363450 543505 363450 276987 504041 276987 504041
547660 367345 547660 367345 274612 509218 274612 509218
594971 356641 594971 356641 254390 553308 254390 553308
649613 344279 649613 344279 300685 584858 300685 584858
651823 343779 651823 343779 302610 586054 302610 586054
656175 332598 656175 332598 312801 592385 312801 592385
685227 311880 685227 311880 343111 611215 343111 611215
688530 309524 688530 309524 346806 609539 346806 609539
692773 306498 692773 306498 344885 614383 344885 614383
694923 307075 694923 307075 344064 616452 344064 616452
709751 311054 709751 311054 332210 626209 332210 626209
721742 314272 721742 314272 319919 627961 319919 627961
730417 316600 730417 316600 311549 631220 311549 631220
773957 320083 773957 320083 270847 647069 270847 647069
764607 323007 764607 323007 261718 650623 261718 650623
741389 330268 741389 330268 281873 664246 281873 664246
709093 345305 709093 345305 311389 684195 311389 684195
704882 370459 704882 370459 332519 698477 332519 698477
686113 406485 686113 406485 366175 721224 366175 721224
675821 426240 675821 426240 381487 737402 381487 737402
666125 444853 666125 444853 388353 717570 388353 717570
665401 446242 665401 446242 388247 716007 388247 716007
694689 448154 694689 448154 386258 686724 386258 686724
696446 472986 696446 472986 384572 661887 384572 661887
701156 492372 701156 492372 383220 641983 383220 641983
705006 508220 705006 508220 378770 626293 378770 626293
706153 513780 706153 513780 377221 620832 377221 620832
707190 518807 707190 518807 375877 615878 375877 615878
713657 495314 713657 495314 369498 592361 369498 592361
725941 450690 725941 450690 340539 556256 340539 556256
727363 445526 727363 445526 335727 558608 335727 558608
732020 447430 732020 447430 331207 560818 331207 560818
745020 452745 745020 452745 333443 546952 333443 546952
750983 455183 750983 455183 331636 540769 331636 540769
766548 461547 766548 461547 347693 545763 347693 545763
770820 455988 770820 455988 354388 547845 354388 547845
771345 455304 771345 455304 354474 546987 354474 546987
788033 456919 788033 456919 356143 530304 356143 530304
789233 456219 789233 456219 356281 528922 356281 528922
805425 446777 805425 446777 343053 515643 343053 515643
804236 451140 804236 451140 339861 512439 339861 512439
802494 457531 802494 457531 346402 511393 346402 511393
802316 470206 802316 470206 358919 509392 358919 509392
802252 474790 802252 474790 362395 512381 362395 512381
802082 486935 802082 486935 374522 513078 374522 513078
786404 484893 786404 484893 390306 513985 390306 513985
766881 482350 766881 482350 383698 532531 383698 532531
766843 482475 766843 482475 383654 532654 383654 532654
758805 509296 758805 509296 405775 549818 405775 549818
755406 517206 755406 517206 412577 555096 412577 555096
739338 533903 739338 533903 430885 569301 430885 569301
739070 534182 739070 534182 431162 569030 431162 569030
720967 561771 720967 561771 454768 545973 454768 545973
705754 602749 705754 602749 486037 515430 486037 515430
749238 575505 749238 575505 522745 479575 522745 479575
761809 590548 761809 590548 536769 465877 536769 465877
764451 593710 764451 593710 539734 463015 539734 463015
791451 601271 791451 601271 559908 443543 559908 443543
763979 633746 763979 633746 590513 414002 590513 414002
763821 633933 763821 633933 590543 413759 590543 413759
763434 643295 763434 643295 591693 404460 591693 404460
763243 647922 763243 647922 596201 405521 596201 405521
760578 712439 760578 712439 601419 341160 601419 341160
759438 740041 759438 740041 581433 322089 581433 322089
760306 743405 760306 743405 578919 319690 578919 319690
765474 763438 765474 763438 582311 299281 582311 299281
797864 785243 797864 785243 588713 260764 588713 260764
803981 788443 803981 788443 589845 253954 589845 253954
791371 804690 791371 804690 593217 233666 593217 233666
760126 844944 760126 844944 555152 199788 555152 199788
757756 835492 757756 835492 547873 193310 547873 193310
747234 793538 747234 793538 589724 204237 589724 204237
745555 788099 745555 788099 595231 205675 595231 205675
743017 779883 743017 779883 597010 214088 597010 214088
734507 752325 734507 752325 625785 216052 625785 216052
736779 747656 736779 747656 630966 216406 630966 216406
738244 744645 738244 744645 632509 213434 632509 213434
722227 749012 722227 749012 640157 198699 640157 198699
709527 746874 709527 746874 646090 187269 646090 187269
703176 745804 703176 745804 644028 181167 644028 181167
676759 741356 676759 741356 664859 164323 664859 164323
652839 737328 652839 737328 656498 141553 656498 141553
647027 736349 647027 736349 661497 144675 661497 144675
637007 734662 637007 734662 671286 147398 671286 147398
619049 731638 619049 731638 677366 164564 677366 164564
613781 730751 613781 730751 677107 169900 677107 169900
588807 718453 588807 718453 675759 197705 675759 197705
569487 708939 569487 708939 696219 204425 696219 204425
569156 707738 569156 707738 697403 204814 697403 204814
565479 694411 565479 694411 707686 195573 707686 195573
560879 677739 560879 677739 704019 178672 704019 178672
561072 677529 561072 677529 703959 178393 703959 178393
569392 668506 569392 668506 702563 166199 702563 166199
584281 652356 584281 652356 723421 173088 723421 173088
608526 626059 608526 626059 759179 173943 759179 173943
600201 615820 600201 615820 772371 174259 772371 174259
581473 592784 581473 592784 754759 198159 754759 198159
588129 589438 588129 589438 750340 204157 750340 204157
616767 575042 616767 575042 744383 235651 744383 235651
610515 566544 610515 566544 742422 246017 742422 246017
597006 548180 597006 548180 740363 268722 740363 268722
582083 527895 582083 527895 716390 261012 716390 261012
568464 509382 568464 509382 712111 238431 712111 238431
564276 503689 564276 503689 706529 234096 706529 234096
562422 507411 562422 507411 703245 231545 703245 231545
539806 552803 539806 552803 668301 268299 668301 268299
520684 591183 520684 591183 707883 284789 707883 284789
498844 635018 498844 635018 701990 333407 701990 333407
488566 655647 488566 655647 723386 341976 723386 341976
502032 678994 502032 678994 748406 351997 748406 351997
496284 685819 496284 685819 756689 355315 756689 355315
488195 695423 488195 695423 755453 367811 755453 367811
496909 706207 496909 706207 754088 381608 754088 381608
505797 717207 505797 717207 768230 381723 768230 381723
505233 737209 505233 737209 788239 381887 788239 381887
504582 737189 504582 737189 788890 381892 788890 381892
495930 736929 495930 736929 793022 374286 793022 374286
487394 736673 487394 736673 801491 373187 801491 373187
462775 723538 462775 723538 829163 369597 829163 369597
459814 721959 459814 721959 828953 366248 828953 366248
454372 708001 454372 708001 828018 351296 828018 351296
414647 715619 414647 715619 825491 310926 825491 310926
399335 718556 399335 718556 840239 315983 840239 315983
457771 735342 457771 735342 897751 335706 897751 335706
458115 736101 458115 736101 898539 335976 898539 335976
483363 791899 483363 791899 901150 397165 901150 397165
500636 828787 500636 828787 902887 437859 902887 437859
506023 840290 506023 840290 890520 440756 890520 440756
525963 808886 525963 808886 854300 449240 854300 449240
527044 807184 527044 807184 852356 448705 852356 448705
543101 795386 543101 795386 833146 443415 833146 443415
537647 770364 537647 770364 808455 436616 808455 436616
548812 776319 548812 776319 796256 433257 796256 433257
613318 810722 613318 810722 733340 470489 733340 470489
626761 817891 626761 817891 729908 455645 729908 455645
631630 817004 631630 817004 728794 450823 728794 450823
618626 846052 618626 846052 721625 419815 721625 419815
609534 866360 609534 866360 702131 409089 702131 409089
608375 868949 608375 868949 701334 406367 701334 406367
597747 896358 597747 896358 693074 378154 693074 378154
591567 900464 591567 900464 690989 371033 690989 371033
572781 912948 572781 912948 672474 358150 672474 358150
578948 914076 578948 914076 667328 354569 667328 354569
588275 915783 588275 915783 657899 355570 657899 355570
588275 915783 588275 915783 637486 357736 637486 357736
588275 915783 588275 915783 651510 419150 651510 419150
588275 915783 588275 915783 638138 440328 638138 440328
588275 915783 588275 915783 633049 453292 633049 453292
588275 915783 588275 915783 664110 485827 664110 485827
588275 915783 588275 915783 673496 565274 673496 565274
588275 915783 588275 915783 682882 644722 682882 644722
588275 915783 588275 915783 692268 724169 692268 724169
588275 915783 588275 915783 693398 733733 693398 733733
588275 915783 588275 915783 746625 792248 746625 792248
