247221 128881 247221 864015 219749 72849 219749 764948
247221 128881 247221 864015 219749 72849 219749 764948
256668 128881 256668 864015 219749 72849 219749 764948
258371 128881 258371 864015 219749 72849 219749 764948
260188 128881 260188 864015 219749 72849 219749 764948
276506 128881 276506 864015 219749 72849 219749 764948
281440 128881 281440 864015 219749 72849 219749 764948
288005 128881 288005 864015 219749 72849 219749 764948
295226 128881 295226 864015 219749 72849 219749 764948
295226 128881 295226 864015 305910 72849 305910 764948
310623 128881 310623 864015 305910 72849 305910 764948
315816 128881 315816 864015 305910 72849 305910 764948
317319 128881 317319 864015 305910 72849 305910 764948
323918 128881 323918 864015 305910 72849 305910 764948
327019 128881 327019 864015 305910 72849 305910 764948
329984 128881 329984 864015 305910 72849 305910 764948
331366 128881 331366 864015 305910 72849 305910 764948
331949 128881 331949 864015 305910 72849 305910 764948
339422 128881 339422 864015 305910 72849 305910 764948
345794 128881 345794 864015 305910 72849 305910 764948
349542 128881 349542 864015 305910 72849 305910 764948
349979 128881 349979 864015 305910 72849 305910 764948
351612 128881 351612 864015 305910 72849 305910 764948
351827 128881 351827 864015 305910 72849 305910 764948
353852 128881 353852 864015 305910 72849 305910 764948
354165 128881 354165 864015 305910 72849 305910 764948
359122 128881 359122 864015 305910 72849 305910 764948
361459 128881 361459 864015 305910 72849 305910 764948
361566 128881 361566 864015 305910 72849 305910 764948
362260 128881 362260 864015 305910 72849 305910 764948
364370 128881 364370 864015 305910 72849 305910 764948
364425 128881 364425 864015 305910 72849 305910 764948
367251 128881 367251 864015 305910 72849 305910 764948
368219 128881 368219 864015 305910 72849 305910 764948
369126 128881 369126 864015 305910 72849 305910 764948
371831 128881 371831 864015 305910 72849 305910 764948
372377 128881 372377 864015 305910 72849 305910 764948
373729 128881 373729 864015 305910 72849 305910 764948
376318 128881 376318 864015 305910 72849 305910 764948
376901 128881 376901 864015 305910 72849 305910 764948
379162 128881 379162 864015 305910 72849 305910 764948
380717 128881 380717 864015 305910 72849 305910 764948
387128 128881 387128 864015 305910 72849 305910 764948
388041 128881 388041 864015 305910 72849 305910 764948
391800 128881 391800 864015 305910 72849 305910 764948
392055 128881 392055 864015 305910 72849 305910 764948
392595 128881 392595 864015 305910 72849 305910 764948
393805 128881 393805 864015 305910 72849 305910 764948
394688 128881 394688 864015 305910 72849 305910 764948
397114 128881 397114 864015 305910 72849 305910 764948
397190 128881 397190 864015 305910 72849 305910 764948
398664 128881 398664 864015 305910 72849 305910 764948
399460 128881 399460 864015 305910 72849 305910 764948
400020 128881 400020 864015 305910 72849 305910 764948
400236 128881 400236 864015 305910 72849 305910 764948
402340 128881 402340 864015 305910 72849 305910 764948
404394 128881 404394 864015 305910 72849 305910 764948
408789 128881 408789 864015 305910 72849 305910 764948
415965 128881 415965 864015 305910 72849 305910 764948
422875 128881 422875 864015 305910 72849 305910 764948
427389 128881 427389 864015 305910 72849 305910 764948
432230 128881 432230 864015 305910 72849 305910 764948
432443 128881 432443 864015 305910 72849 305910 764948
440196 128881 440196 864015 305910 72849 305910 764948
440654 128881 440654 864015 305910 72849 305910 764948
442007 128881 442007 864015 305910 72849 305910 764948
442433 128881 442433 864015 305910 72849 305910 764948
443127 128881 443127 864015 305910 72849 305910 764948
447938 128881 447938 864015 305910 72849 305910 764948
449439 128881 449439 864015 305910 72849 305910 764948
451085 128881 451085 864015 305910 72849 305910 764948
451193 128881 451193 864015 305910 72849 305910 764948
451846 128881 451846 864015 305910 72849 305910 764948
454196 128881 454196 864015 305910 72849 305910 764948
457336 128881 457336 864015 305910 72849 305910 764948
458345 128881 458345 864015 305910 72849 305910 764948
458345 128881 458345 864015 460921 72849 460921 764948
458345 128881 458345 864015 460936 72849 460936 764948
461255 128881 461255 864015 460936 72849 460936 764948
463530 128881 463530 864015 460936 72849 460936 764948
463530 128881 463530 864015 465613 72849 465613 764948
470810 128881 470810 864015 465613 72849 465613 764948
470992 128881 470992 864015 465613 72849 465613 764948
470992 128881 470992 864015 471934 72849 471934 764948
473135 128881 473135 864015 471934 72849 471934 764948
473135 128881 473135 864015 475308 72849 475308 764948
473135 128881 473135 864015 475898 72849 475898 764948
477067 128881 477067 864015 475898 72849 475898 764948
477697 128881 477697 864015 475898 72849 475898 764948
484245 128881 484245 864015 475898 72849 475898 764948
489419 128881 489419 864015 475898 72849 475898 764948
492524 128881 492524 864015 475898 72849 475898 764948
493211 128881 493211 864015 475898 72849 475898 764948
493211 128881 493211 864015 494870 72849 494870 764948
493211 128881 493211 864015 497181 72849 497181 764948
493211 128881 493211 864015 498406 72849 498406 764948
505382 128881 505382 864015 498406 72849 498406 764948
505637 128881 505637 864015 498406 72849 498406 764948
505637 128881 505637 864015 505953 72849 505953 764948
505637 128881 505637 864015 507485 72849 507485 764948
508750 128881 508750 864015 507485 72849 507485 764948
512295 128881 512295 864015 507485 72849 507485 764948
512295 128881 512295 864015 519969 72849 519969 764948
520198 128881 520198 864015 519969 72849 519969 764948
520198 128881 520198 864015 521290 72849 521290 764948
520198 128881 520198 864015 521342 72849 521342 764948
520198 128881 520198 864015 526290 72849 526290 764948
520198 128881 520198 864015 531817 72849 531817 764948
520198 128881 520198 864015 534221 72849 534221 764948
520198 128881 520198 864015 534998 72849 534998 764948
535197 128881 535197 864015 534998 72849 534998 764948
535197 128881 535197 864015 537008 72849 537008 764948
535197 128881 535197 864015 537303 72849 537303 764948
535197 128881 535197 864015 537573 72849 537573 764948
535197 128881 535197 864015 540092 72849 540092 764948
540715 128881 540715 864015 540092 72849 540092 764948
540715 128881 540715 864015 541717 72849 541717 764948
540715 128881 540715 864015 544568 72849 544568 764948
540715 128881 540715 864015 545178 72849 545178 764948
540715 128881 540715 864015 545569 72849 545569 764948
546156 128881 546156 864015 545569 72849 545569 764948
546156 128881 546156 864015 548797 72849 548797 764948
546156 128881 546156 864015 552194 72849 552194 764948
546156 128881 546156 864015 554840 72849 554840 764948
546156 128881 546156 864015 557339 72849 557339 764948
546156 128881 546156 864015 558104 72849 558104 764948
546156 128881 546156 864015 559123 72849 559123 764948
546156 128881 546156 864015 560300 72849 560300 764948
546156 128881 546156 864015 560390 72849 560390 764948
546156 128881 546156 864015 565238 72849 565238 764948
546156 128881 546156 864015 571719 72849 571719 764948
546156 128881 546156 864015 576935 72849 576935 764948
546156 128881 546156 864015 577006 72849 577006 764948
546156 128881 546156 864015 578929 72849 578929 764948
546156 128881 546156 864015 580028 72849 580028 764948
546156 128881 546156 864015 581232 72849 581232 764948
546156 128881 546156 864015 583062 72849 583062 764948
546156 128881 546156 864015 586919 72849 586919 764948
546156 128881 546156 864015 587445 72849 587445 764948
546156 128881 546156 864015 587978 72849 587978 764948
588346 128881 588346 864015 587978 72849 587978 764948
588346 128881 588346 864015 589633 72849 589633 764948
588346 128881 588346 864015 590007 72849 590007 764948
588346 128881 588346 864015 591899 72849 591899 764948
588346 128881 588346 864015 592378 72849 592378 764948
588346 128881 588346 864015 592962 72849 592962 764948
588346 128881 588346 864015 593248 72849 593248 764948
588346 128881 588346 864015 593462 72849 593462 764948
588346 128881 588346 864015 594322 72849 594322 764948
588346 128881 588346 864015 595499 72849 595499 764948
588346 128881 588346 864015 606673 72849 606673 764948
588346 128881 588346 864015 610729 72849 610729 764948
588346 128881 588346 864015 613668 72849 613668 764948
588346 128881 588346 864015 616895 72849 616895 764948
617474 128881 617474 864015 616895 72849 616895 764948
617474 128881 617474 864015 619645 72849 619645 764948
617474 128881 617474 864015 622115 72849 622115 764948
622407 128881 622407 864015 622115 72849 622115 764948
622407 128881 622407 864015 624499 72849 624499 764948
622407 128881 622407 864015 628011 72849 628011 764948
622407 128881 622407 864015 628874 72849 628874 764948
622407 128881 622407 864015 629396 72849 629396 764948
622407 128881 622407 864015 640580 72849 640580 764948
622407 128881 622407 864015 640838 72849 640838 764948
650310 128881 650310 864015 640838 72849 640838 764948
650310 128881 650310 864015 651153 72849 651153 764948
650310 128881 650310 864015 651346 72849 651346 764948
650310 128881 650310 864015 652202 72849 652202 764948
650310 128881 650310 864015 652762 72849 652762 764948
658363 128881 658363 864015 652762 72849 652762 764948
658363 128881 658363 864015 664319 72849 664319 764948
667426 128881 667426 864015 664319 72849 664319 764948
667426 128881 667426 864015 677091 72849 677091 764948
667426 128881 667426 864015 677757 72849 677757 764948
667426 128881 667426 864015 678899 72849 678899 764948
667426 128881 667426 864015 680513 72849 680513 764948
667426 128881 667426 864015 688514 72849 688514 764948
667426 128881 667426 864015 693074 72849 693074 764948
667426 128881 667426 864015 698330 72849 698330 764948
667426 128881 667426 864015 698352 72849 698352 764948
667426 128881 667426 864015 699656 72849 699656 764948
667426 128881 667426 864015 702487 72849 702487 764948
667426 128881 667426 864015 710760 72849 710760 764948
667426 128881 667426 864015 715093 72849 715093 764948
716299 128881 716299 864015 715093 72849 715093 764948
716299 128881 716299 864015 718994 72849 718994 764948
716299 128881 716299 864015 721674 72849 721674 764948
716299 128881 716299 864015 730051 72849 730051 764948
716299 128881 716299 864015 737755 72849 737755 764948
716299 128881 716299 864015 742791 72849 742791 764948
716299 128881 716299 864015 747519 72849 747519 764948
716299 128881 716299 864015 748719 72849 748719 764948
716299 128881 716299 864015 749369 72849 749369 764948
716299 128881 716299 864015 750643 72849 750643 764948
716299 128881 716299 864015 760634 72849 760634 764948
716299 128881 716299 864015 768028 72849 768028 764948
716299 128881 716299 864015 793307 72849 793307 764948
716299 128881 716299 864015 811519 72849 811519 764948
716299 128881 716299 864015 836039 72849 836039 764948
716299 128881 716299 864015 865323 72849 865323 764948
