189527 178098 189527 902477 104819 125380 104819 804609
189527 178098 189527 902477 104819 125380 104819 804609
189527 178098 189527 902477 130538 125380 130538 804609
189527 178098 189527 902477 130567 125380 130567 804609
189527 178098 189527 902477 145443 125380 145443 804609
189527 178098 189527 902477 149879 125380 149879 804609
189527 178098 189527 902477 178493 125380 178493 804609
189527 178098 189527 902477 179200 125380 179200 804609
189527 178098 189527 902477 181992 125380 181992 804609
189527 178098 189527 902477 182712 125380 182712 804609
189527 178098 189527 902477 184298 125380 184298 804609
189527 178098 189527 902477 192251 125380 192251 804609
189527 178098 189527 902477 192667 125380 192667 804609
193654 178098 193654 902477 192667 125380 192667 804609
193654 178098 193654 902477 198360 125380 198360 804609
193654 178098 193654 902477 200863 125380 200863 804609
206871 178098 206871 902477 200863 125380 200863 804609
206871 178098 206871 902477 212407 125380 212407 804609
214977 178098 214977 902477 212407 125380 212407 804609
214977 178098 214977 902477 216944 125380 216944 804609
214977 178098 214977 902477 217373 125380 217373 804609
214977 178098 214977 902477 218243 125380 218243 804609
221424 178098 221424 902477 218243 125380 218243 804609
221534 178098 221534 902477 218243 125380 218243 804609
221534 178098 221534 902477 221546 125380 221546 804609
221534 178098 221534 902477 221882 125380 221882 804609
222767 178098 222767 902477 221882 125380 221882 804609
223951 178098 223951 902477 221882 125380 221882 804609
223951 178098 223951 902477 224085 125380 224085 804609
223951 178098 223951 902477 230254 125380 230254 804609
232297 178098 232297 902477 230254 125380 230254 804609
232444 178098 232444 902477 230254 125380 230254 804609
232444 178098 232444 902477 234798 125380 234798 804609
236780 178098 236780 902477 234798 125380 234798 804609
236780 178098 236780 902477 244556 125380 244556 804609
246060 178098 246060 902477 244556 125380 244556 804609
246060 178098 246060 902477 246812 125380 246812 804609
249393 178098 249393 902477 246812 125380 246812 804609
258789 178098 258789 902477 246812 125380 246812 804609
258789 178098 258789 902477 263806 125380 263806 804609
263986 178098 263986 902477 263806 125380 263806 804609
265068 178098 265068 902477 263806 125380 263806 804609
266426 178098 266426 902477 263806 125380 263806 804609
266426 178098 266426 902477 270877 125380 270877 804609
273590 178098 273590 902477 270877 125380 270877 804609
273590 178098 273590 902477 277946 125380 277946 804609
282308 178098 282308 902477 277946 125380 277946 804609
282308 178098 282308 902477 283258 125380 283258 804609
285663 178098 285663 902477 283258 125380 283258 804609
288532 178098 288532 902477 283258 125380 283258 804609
289748 178098 289748 902477 283258 125380 283258 804609
289748 178098 289748 902477 289756 125380 289756 804609
289918 178098 289918 902477 289756 125380 289756 804609
289918 178098 289918 902477 290029 125380 290029 804609
300947 178098 300947 902477 290029 125380 290029 804609
302397 178098 302397 902477 290029 125380 290029 804609
302397 178098 302397 902477 303630 125380 303630 804609
302397 178098 302397 902477 307408 125380 307408 804609
302397 178098 302397 902477 307425 125380 307425 804609
310031 178098 310031 902477 307425 125380 307425 804609
310031 178098 310031 902477 311806 125380 311806 804609
310031 178098 310031 902477 313945 125380 313945 804609
319257 178098 319257 902477 313945 125380 313945 804609
329902 178098 329902 902477 313945 125380 313945 804609
329902 178098 329902 902477 332391 125380 332391 804609
329902 178098 329902 902477 336153 125380 336153 804609
337550 178098 337550 902477 336153 125380 336153 804609
337550 178098 337550 902477 338527 125380 338527 804609
340921 178098 340921 902477 338527 125380 338527 804609
342631 178098 342631 902477 338527 125380 338527 804609
343762 178098 343762 902477 338527 125380 338527 804609
343762 178098 343762 902477 344154 125380 344154 804609
344313 178098 344313 902477 344154 125380 344154 804609
344313 178098 344313 902477 355610 125380 355610 804609
344313 178098 344313 902477 357012 125380 357012 804609
344313 178098 344313 902477 363292 125380 363292 804609
344313 178098 344313 902477 363483 125380 363483 804609
344313 178098 344313 902477 364268 125380 364268 804609
365763 178098 365763 902477 364268 125380 364268 804609
368510 178098 368510 902477 364268 125380 364268 804609
368510 178098 368510 902477 371110 125380 371110 804609
371190 178098 371190 902477 371110 125380 371110 804609
371190 178098 371190 902477 371286 125380 371286 804609
371190 178098 371190 902477 372543 125380 372543 804609
371190 178098 371190 902477 375913 125380 375913 804609
371190 178098 371190 902477 376409 125380 376409 804609
384001 178098 384001 902477 376409 125380 376409 804609
384001 178098 384001 902477 385922 125380 385922 804609
386421 178098 386421 902477 385922 125380 385922 804609
388771 178098 388771 902477 385922 125380 385922 804609
388771 178098 388771 902477 391915 125380 391915 804609
388771 178098 388771 902477 401995 125380 401995 804609
388771 178098 388771 902477 402282 125380 402282 804609
388771 178098 388771 902477 402556 125380 402556 804609
388771 178098 388771 902477 403484 125380 403484 804609
388771 178098 388771 902477 404167 125380 404167 804609
406457 178098 406457 902477 404167 125380 404167 804609
419130 178098 419130 902477 404167 125380 404167 804609
419130 178098 419130 902477 420155 125380 420155 804609
419130 178098 419130 902477 420913 125380 420913 804609
419130 178098 419130 902477 428768 125380 428768 804609
419130 178098 419130 902477 430009 125380 430009 804609
438874 178098 438874 902477 430009 125380 430009 804609
438874 178098 438874 902477 438920 125380 438920 804609
438874 178098 438874 902477 443641 125380 443641 804609
447189 178098 447189 902477 443641 125380 443641 804609
451734 178098 451734 902477 443641 125380 443641 804609
451748 178098 451748 902477 443641 125380 443641 804609
453864 178098 453864 902477 443641 125380 443641 804609
455307 178098 455307 902477 443641 125380 443641 804609
463885 178098 463885 902477 443641 125380 443641 804609
465935 178098 465935 902477 443641 125380 443641 804609
477725 178098 477725 902477 443641 125380 443641 804609
477725 178098 477725 902477 487202 125380 487202 804609
488269 178098 488269 902477 487202 125380 487202 804609
498548 178098 498548 902477 487202 125380 487202 804609
502644 178098 502644 902477 487202 125380 487202 804609
517304 178098 517304 902477 487202 125380 487202 804609
528128 178098 528128 902477 487202 125380 487202 804609
544456 178098 544456 902477 487202 125380 487202 804609
548324 178098 548324 902477 487202 125380 487202 804609
549831 178098 549831 902477 487202 125380 487202 804609
564220 178098 564220 902477 487202 125380 487202 804609
570341 178098 570341 902477 487202 125380 487202 804609
575376 178098 575376 902477 487202 125380 487202 804609
586818 178098 586818 902477 487202 125380 487202 804609
586818 178098 586818 902477 591399 125380 591399 804609
593736 178098 593736 902477 591399 125380 591399 804609
597900 178098 597900 902477 591399 125380 591399 804609
598179 178098 598179 902477 591399 125380 591399 804609
598633 178098 598633 902477 591399 125380 591399 804609
603229 178098 603229 902477 591399 125380 591399 804609
603449 178098 603449 902477 591399 125380 591399 804609
604660 178098 604660 902477 591399 125380 591399 804609
614398 178098 614398 902477 591399 125380 591399 804609
614684 178098 614684 902477 591399 125380 591399 804609
618332 178098 618332 902477 591399 125380 591399 804609
620729 178098 620729 902477 591399 125380 591399 804609
620949 178098 620949 902477 591399 125380 591399 804609
622132 178098 622132 902477 591399 125380 591399 804609
624383 178098 624383 902477 591399 125380 591399 804609
626388 178098 626388 902477 591399 125380 591399 804609
630036 178098 630036 902477 591399 125380 591399 804609
630036 178098 630036 902477 635352 125380 635352 804609
637498 178098 637498 902477 635352 125380 635352 804609
639146 178098 639146 902477 635352 125380 635352 804609
641271 178098 641271 902477 635352 125380 635352 804609
642251 178098 642251 902477 635352 125380 635352 804609
642720 178098 642720 902477 635352 125380 635352 804609
644340 178098 644340 902477 635352 125380 635352 804609
644928 178098 644928 902477 635352 125380 635352 804609
647289 178098 647289 902477 635352 125380 635352 804609
647289 178098 647289 902477 649058 125380 649058 804609
650009 178098 650009 902477 649058 125380 649058 804609
652878 178098 652878 902477 649058 125380 649058 804609
654397 178098 654397 902477 649058 125380 649058 804609
662316 178098 662316 902477 649058 125380 649058 804609
664849 178098 664849 902477 649058 125380 649058 804609
670441 178098 670441 902477 649058 125380 649058 804609
674687 178098 674687 902477 649058 125380 649058 804609
675954 178098 675954 902477 649058 125380 649058 804609
675954 178098 675954 902477 678959 125380 678959 804609
675954 178098 675954 902477 679292 125380 679292 804609
680782 178098 680782 902477 679292 125380 679292 804609
680782 178098 680782 902477 682898 125380 682898 804609
680782 178098 680782 902477 691513 125380 691513 804609
680782 178098 680782 902477 696341 125380 696341 804609
680782 178098 680782 902477 698347 125380 698347 804609
698928 178098 698928 902477 698347 125380 698347 804609
707804 178098 707804 902477 698347 125380 698347 804609
713005 178098 713005 902477 698347 125380 698347 804609
713005 178098 713005 902477 717957 125380 717957 804609
713005 178098 713005 902477 721581 125380 721581 804609
713005 178098 713005 902477 725320 125380 725320 804609
713005 178098 713005 902477 731814 125380 731814 804609
733945 178098 733945 902477 731814 125380 731814 804609
733945 178098 733945 902477 734598 125380 734598 804609
733945 178098 733945 902477 736727 125380 736727 804609
742397 178098 742397 902477 736727 125380 736727 804609
742397 178098 742397 902477 746889 125380 746889 804609
742397 178098 742397 902477 748818 125380 748818 804609
742397 178098 742397 902477 752595 125380 752595 804609
742397 178098 742397 902477 760529 125380 760529 804609
742397 178098 742397 902477 761325 125380 761325 804609
742397 178098 742397 902477 770063 125380 770063 804609
742397 178098 742397 902477 773378 125380 773378 804609
742397 178098 742397 902477 773919 125380 773919 804609
742397 178098 742397 902477 774491 125380 774491 804609
742397 178098 742397 902477 776597 125380 776597 804609
742397 178098 742397 902477 776756 125380 776756 804609
742397 178098 742397 902477 778581 125380 778581 804609
742397 178098 742397 902477 779017 125380 779017 804609
742397 178098 742397 902477 784155 125380 784155 804609
742397 178098 742397 902477 788806 125380 788806 804609
742397 178098 742397 902477 793193 125380 793193 804609
742397 178098 742397 902477 793220 125380 793220 804609
742397 178098 742397 902477 821818 125380 821818 804609
742397 178098 742397 902477 841500 125380 841500 804609
742397 178098 742397 902477 842494 125380 842494 804609
742397 178098 742397 902477 848915 125380 848915 804609
