225761 117325 225761 804917 256127 148790 256127 822890
225761 117325 225761 804917 256127 148790 256127 822890
242908 117325 242908 804917 256127 148790 256127 822890
252453 117325 252453 804917 256127 148790 256127 822890
270267 117325 270267 804917 256127 148790 256127 822890
278136 117325 278136 804917 256127 148790 256127 822890
278136 117325 278136 804917 281344 148790 281344 822890
292214 117325 292214 804917 281344 148790 281344 822890
292214 117325 292214 804917 294059 148790 294059 822890
292214 117325 292214 804917 294092 148790 294092 822890
292214 117325 292214 804917 296044 148790 296044 822890
302208 117325 302208 804917 296044 148790 296044 822890
308912 117325 308912 804917 296044 148790 296044 822890
313786 117325 313786 804917 296044 148790 296044 822890
314534 117325 314534 804917 296044 148790 296044 822890
317498 117325 317498 804917 296044 148790 296044 822890
328072 117325 328072 804917 296044 148790 296044 822890
328072 117325 328072 804917 329738 148790 329738 822890
331225 117325 331225 804917 329738 148790 329738 822890
332617 117325 332617 804917 329738 148790 329738 822890
332617 117325 332617 804917 334325 148790 334325 822890
339189 117325 339189 804917 334325 148790 334325 822890
339189 117325 339189 804917 349616 148790 349616 822890
339189 117325 339189 804917 359452 148790 359452 822890
339189 117325 339189 804917 365613 148790 365613 822890
370860 117325 370860 804917 365613 148790 365613 822890
370860 117325 370860 804917 372420 148790 372420 822890
370860 117325 370860 804917 377238 148790 377238 822890
370860 117325 370860 804917 377667 148790 377667 822890
370860 117325 370860 804917 378592 148790 378592 822890
379243 117325 379243 804917 378592 148790 378592 822890
379243 117325 379243 804917 397653 148790 397653 822890
407107 117325 407107 804917 397653 148790 397653 822890
407107 117325 407107 804917 448506 148790 448506 822890
453930 117325 453930 804917 448506 148790 448506 822890
470634 117325 470634 804917 448506 148790 448506 822890
470634 117325 470634 804917 507535 148790 507535 822890
522676 117325 522676 804917 507535 148790 507535 822890
523094 117325 523094 804917 507535 148790 507535 822890
523094 117325 523094 804917 544338 148790 544338 822890
523094 117325 523094 804917 545847 148790 545847 822890
548131 117325 548131 804917 545847 148790 545847 822890
548564 117325 548564 804917 545847 148790 545847 822890
552471 117325 552471 804917 545847 148790 545847 822890
552471 117325 552471 804917 557041 148790 557041 822890
557659 117325 557659 804917 557041 148790 557041 822890
558859 117325 558859 804917 557041 148790 557041 822890
565667 117325 565667 804917 557041 148790 557041 822890
566964 117325 566964 804917 557041 148790 557041 822890
568327 117325 568327 804917 557041 148790 557041 822890
568327 117325 568327 804917 570148 148790 570148 822890
570306 117325 570306 804917 570148 148790 570148 822890
570306 117325 570306 804917 570437 148790 570437 822890
574438 117325 574438 804917 570437 148790 570437 822890
574438 117325 574438 804917 574868 148790 574868 822890
575109 117325 575109 804917 574868 148790 574868 822890
577380 117325 577380 804917 574868 148790 574868 822890
578884 117325 578884 804917 574868 148790 574868 822890
584207 117325 584207 804917 574868 148790 574868 822890
584357 117325 584357 804917 574868 148790 574868 822890
586380 117325 586380 804917 574868 148790 574868 822890
587924 117325 587924 804917 574868 148790 574868 822890
588345 117325 588345 804917 574868 148790 574868 822890
590390 117325 590390 804917 574868 148790 574868 822890
592946 117325 592946 804917 574868 148790 574868 822890
592946 117325 592946 804917 598371 148790 598371 822890
592946 117325 592946 804917 602359 148790 602359 822890
604263 117325 604263 804917 602359 148790 602359 822890
604263 117325 604263 804917 604938 148790 604938 822890
606229 117325 606229 804917 604938 148790 604938 822890
606391 117325 606391 804917 604938 148790 604938 822890
608170 117325 608170 804917 604938 148790 604938 822890
608170 117325 608170 804917 610820 148790 610820 822890
611125 117325 611125 804917 610820 148790 610820 822890
613236 117325 613236 804917 610820 148790 610820 822890
614413 117325 614413 804917 610820 148790 610820 822890
618027 117325 618027 804917 610820 148790 610820 822890
621084 117325 621084 804917 610820 148790 610820 822890
622430 117325 622430 804917 610820 148790 610820 822890
622963 117325 622963 804917 610820 148790 610820 822890
623802 117325 623802 804917 610820 148790 610820 822890
623802 117325 623802 804917 624353 148790 624353 822890
623802 117325 623802 804917 625163 148790 625163 822890
623802 117325 623802 804917 625317 148790 625317 822890
628351 117325 628351 804917 625317 148790 625317 822890
629043 117325 629043 804917 625317 148790 625317 822890
629043 117325 629043 804917 629274 148790 629274 822890
631114 117325 631114 804917 629274 148790 629274 822890
631114 117325 631114 804917 638122 148790 638122 822890
638427 117325 638427 804917 638122 148790 638122 822890
640624 117325 640624 804917 638122 148790 638122 822890
641456 117325 641456 804917 638122 148790 638122 822890
644953 117325 644953 804917 638122 148790 638122 822890
644953 117325 644953 804917 648509 148790 648509 822890
651710 117325 651710 804917 648509 148790 648509 822890
651817 117325 651817 804917 648509 148790 648509 822890
651817 117325 651817 804917 652048 148790 652048 822890
651817 117325 651817 804917 656851 148790 656851 822890
656961 117325 656961 804917 656851 148790 656851 822890
659781 117325 659781 804917 656851 148790 656851 822890
659918 117325 659918 804917 656851 148790 656851 822890
659918 117325 659918 804917 660479 148790 660479 822890
659918 117325 659918 804917 660800 148790 660800 822890
659918 117325 659918 804917 660813 148790 660813 822890
663192 117325 663192 804917 660813 148790 660813 822890
664308 117325 664308 804917 660813 148790 660813 822890
665665 117325 665665 804917 660813 148790 660813 822890
665665 117325 665665 804917 669743 148790 669743 822890
678536 117325 678536 804917 669743 148790 669743 822890
681317 117325 681317 804917 669743 148790 669743 822890
686013 117325 686013 804917 669743 148790 669743 822890
687749 117325 687749 804917 669743 148790 669743 822890
688938 117325 688938 804917 669743 148790 669743 822890
689337 117325 689337 804917 669743 148790 669743 822890
689337 117325 689337 804917 689482 148790 689482 822890
689803 117325 689803 804917 689482 148790 689482 822890
689849 117325 689849 804917 689482 148790 689482 822890
689849 117325 689849 804917 693407 148790 693407 822890
694434 117325 694434 804917 693407 148790 693407 822890
694434 117325 694434 804917 694810 148790 694810 822890
694434 117325 694434 804917 699100 148790 699100 822890
694434 117325 694434 804917 699203 148790 699203 822890
694434 117325 694434 804917 701600 148790 701600 822890
702357 117325 702357 804917 701600 148790 701600 822890
702357 117325 702357 804917 702571 148790 702571 822890
702357 117325 702357 804917 702902 148790 702902 822890
702357 117325 702357 804917 704794 148790 704794 822890
705958 117325 705958 804917 704794 148790 704794 822890
705958 117325 705958 804917 706117 148790 706117 822890
705958 117325 705958 804917 708142 148790 708142 822890
705958 117325 705958 804917 709797 148790 709797 822890
705958 117325 705958 804917 710492 148790 710492 822890
711481 117325 711481 804917 710492 148790 710492 822890
712387 117325 712387 804917 710492 148790 710492 822890
712387 117325 712387 804917 713283 148790 713283 822890
713440 117325 713440 804917 713283 148790 713283 822890
713440 117325 713440 804917 713638 148790 713638 822890
715279 117325 715279 804917 713638 148790 713638 822890
715279 117325 715279 804917 717068 148790 717068 822890
718143 117325 718143 804917 717068 148790 717068 822890
718143 117325 718143 804917 719935 148790 719935 822890
720747 117325 720747 804917 719935 148790 719935 822890
720747 117325 720747 804917 724655 148790 724655 822890
720747 117325 720747 804917 725120 148790 725120 822890
720747 117325 720747 804917 726885 148790 726885 822890
720747 117325 720747 804917 729215 148790 729215 822890
729575 117325 729575 804917 729215 148790 729215 822890
729905 117325 729905 804917 729215 148790 729215 822890
729905 117325 729905 804917 730323 148790 730323 822890
729905 117325 729905 804917 730859 148790 730859 822890
729905 117325 729905 804917 733246 148790 733246 822890
729905 117325 729905 804917 733807 148790 733807 822890
729905 117325 729905 804917 733847 148790 733847 822890
736710 117325 736710 804917 733847 148790 733847 822890
736710 117325 736710 804917 738071 148790 738071 822890
736710 117325 736710 804917 739850 148790 739850 822890
736710 117325 736710 804917 739976 148790 739976 822890
736710 117325 736710 804917 740110 148790 740110 822890
742229 117325 742229 804917 740110 148790 740110 822890
742229 117325 742229 804917 742644 148790 742644 822890
742229 117325 742229 804917 744774 148790 744774 822890
744787 117325 744787 804917 744774 148790 744774 822890
747390 117325 747390 804917 744774 148790 744774 822890
747390 117325 747390 804917 747504 148790 747504 822890
747390 117325 747390 804917 747998 148790 747998 822890
749002 117325 749002 804917 747998 148790 747998 822890
751784 117325 751784 804917 747998 148790 747998 822890
751784 117325 751784 804917 755490 148790 755490 822890
751784 117325 751784 804917 756044 148790 756044 822890
751784 117325 751784 804917 757246 148790 757246 822890
757890 117325 757890 804917 757246 148790 757246 822890
757890 117325 757890 804917 758444 148790 758444 822890
758725 117325 758725 804917 758444 148790 758444 822890
758725 117325 758725 804917 760603 148790 760603 822890
758725 117325 758725 804917 761071 148790 761071 822890
758725 117325 758725 804917 762213 148790 762213 822890
762859 117325 762859 804917 762213 148790 762213 822890
762859 117325 762859 804917 765903 148790 765903 822890
762859 117325 762859 804917 767379 148790 767379 822890
762859 117325 762859 804917 767456 148790 767456 822890
762859 117325 762859 804917 770539 148790 770539 822890
762859 117325 762859 804917 771062 148790 771062 822890
773393 117325 773393 804917 771062 148790 771062 822890
773393 117325 773393 804917 773703 148790 773703 822890
773393 117325 773393 804917 774111 148790 774111 822890
773393 117325 773393 804917 775318 148790 775318 822890
773393 117325 773393 804917 780034 148790 780034 822890
773393 117325 773393 804917 782669 148790 782669 822890
773393 117325 773393 804917 784934 148790 784934 822890
787939 117325 787939 804917 784934 148790 784934 822890
787939 117325 787939 804917 797976 148790 797976 822890
787939 117325 787939 804917 806181 148790 806181 822890
787939 117325 787939 804917 807706 148790 807706 822890
787939 117325 787939 804917 811602 148790 811602 822890
787939 117325 787939 804917 816142 148790 816142 822890
816972 117325 816972 804917 816142 148790 816142 822890
816972 117325 816972 804917 827114 148790 827114 822890
816972 117325 816972 804917 850158 148790 850158 822890
816972 117325 816972 804917 852323 148790 852323 822890
816972 117325 816972 804917 856206 148790 856206 822890
