267486 158090 267486 840040 115214 88249 115214 842143
267486 158090 267486 840040 115214 88249 115214 842143
267486 158090 267486 840040 123288 88249 123288 842143
267486 158090 267486 840040 128915 88249 128915 842143
267486 158090 267486 840040 141987 88249 141987 842143
267486 158090 267486 840040 172021 88249 172021 842143
267486 158090 267486 840040 174627 88249 174627 842143
267486 158090 267486 840040 175241 88249 175241 842143
267486 158090 267486 840040 185849 88249 185849 842143
267486 158090 267486 840040 188442 88249 188442 842143
267486 158090 267486 840040 197512 88249 197512 842143
267486 158090 267486 840040 213713 88249 213713 842143
267486 158090 267486 840040 220013 88249 220013 842143
267486 158090 267486 840040 224592 88249 224592 842143
267486 158090 267486 840040 233732 88249 233732 842143
267486 158090 267486 840040 240548 88249 240548 842143
267486 158090 267486 840040 241366 88249 241366 842143
267486 158090 267486 840040 246698 88249 246698 842143
267486 158090 267486 840040 253301 88249 253301 842143
267486 158090 267486 840040 256071 88249 256071 842143
267486 158090 267486 840040 256868 88249 256868 842143
267486 158090 267486 840040 259228 88249 259228 842143
267486 158090 267486 840040 261022 88249 261022 842143
267486 158090 267486 840040 264714 88249 264714 842143
267486 158090 267486 840040 265775 88249 265775 842143
267486 158090 267486 840040 266760 88249 266760 842143
270618 158090 270618 840040 266760 88249 266760 842143
270618 158090 270618 840040 276014 88249 276014 842143
270618 158090 270618 840040 276961 88249 276961 842143
270618 158090 270618 840040 282382 88249 282382 842143
285523 158090 285523 840040 282382 88249 282382 842143
285523 158090 285523 840040 288870 88249 288870 842143
285523 158090 285523 840040 300422 88249 300422 842143
285523 158090 285523 840040 300569 88249 300569 842143
285523 158090 285523 840040 301682 88249 301682 842143
305249 158090 305249 840040 301682 88249 301682 842143
307960 158090 307960 840040 301682 88249 301682 842143
308455 158090 308455 840040 301682 88249 301682 842143
309573 158090 309573 840040 301682 88249 301682 842143
309573 158090 309573 840040 310839 88249 310839 842143
309573 158090 309573 840040 311328 88249 311328 842143
317381 158090 317381 840040 311328 88249 311328 842143
320705 158090 320705 840040 311328 88249 311328 842143
320801 158090 320801 840040 311328 88249 311328 842143
320801 158090 320801 840040 324882 88249 324882 842143
320801 158090 320801 840040 328609 88249 328609 842143
329385 158090 329385 840040 328609 88249 328609 842143
329385 158090 329385 840040 341707 88249 341707 842143
343188 158090 343188 840040 341707 88249 341707 842143
344276 158090 344276 840040 341707 88249 341707 842143
344276 158090 344276 840040 346181 88249 346181 842143
348527 158090 348527 840040 346181 88249 346181 842143
349773 158090 349773 840040 346181 88249 346181 842143
351791 158090 351791 840040 346181 88249 346181 842143
351791 158090 351791 840040 357813 88249 357813 842143
351791 158090 351791 840040 360859 88249 360859 842143
363742 158090 363742 840040 360859 88249 360859 842143
364309 158090 364309 840040 360859 88249 360859 842143
366708 158090 366708 840040 360859 88249 360859 842143
367087 158090 367087 840040 360859 88249 360859 842143
368222 158090 368222 840040 360859 88249 360859 842143
371095 158090 371095 840040 360859 88249 360859 842143
377696 158090 377696 840040 360859 88249 360859 842143
379190 158090 379190 840040 360859 88249 360859 842143
379224 158090 379224 840040 360859 88249 360859 842143
379776 158090 379776 840040 360859 88249 360859 842143
382950 158090 382950 840040 360859 88249 360859 842143
382950 158090 382950 840040 384428 88249 384428 842143
384826 158090 384826 840040 384428 88249 384428 842143
385662 158090 385662 840040 384428 88249 384428 842143
385832 158090 385832 840040 384428 88249 384428 842143
386360 158090 386360 840040 384428 88249 384428 842143
386360 158090 386360 840040 387758 88249 387758 842143
386360 158090 386360 840040 390615 88249 390615 842143
395322 158090 395322 840040 390615 88249 390615 842143
396469 158090 396469 840040 390615 88249 390615 842143
398656 158090 398656 840040 390615 88249 390615 842143
398656 158090 398656 840040 398924 88249 398924 842143
398656 158090 398656 840040 399340 88249 399340 842143
399450 158090 399450 840040 399340 88249 399340 842143
399450 158090 399450 840040 399649 88249 399649 842143
399450 158090 399450 840040 403555 88249 403555 842143
408076 158090 408076 840040 403555 88249 403555 842143
409974 158090 409974 840040 403555 88249 403555 842143
413543 158090 413543 840040 403555 88249 403555 842143
413543 158090 413543 840040 417598 88249 417598 842143
413543 158090 413543 840040 420900 88249 420900 842143
432468 158090 432468 840040 420900 88249 420900 842143
438307 158090 438307 840040 420900 88249 420900 842143
438307 158090 438307 840040 444490 88249 444490 842143
438307 158090 438307 840040 444615 88249 444615 842143
445354 158090 445354 840040 444615 88249 444615 842143
445354 158090 445354 840040 447846 88249 447846 842143
451726 158090 451726 840040 447846 88249 447846 842143
451726 158090 451726 840040 453605 88249 453605 842143
451726 158090 451726 840040 458090 88249 458090 842143
458586 158090 458586 840040 458090 88249 458090 842143
458586 158090 458586 840040 460198 88249 460198 842143
460822 158090 460822 840040 460198 88249 460198 842143
460822 158090 460822 840040 461976 88249 461976 842143
460822 158090 460822 840040 468206 88249 468206 842143
471140 158090 471140 840040 468206 88249 468206 842143
471140 158090 471140 840040 472072 88249 472072 842143
471140 158090 471140 840040 477545 88249 477545 842143
482412 158090 482412 840040 477545 88249 477545 842143
486393 158090 486393 840040 477545 88249 477545 842143
491723 158090 491723 840040 477545 88249 477545 842143
495140 158090 495140 840040 477545 88249 477545 842143
496992 158090 496992 840040 477545 88249 477545 842143
498681 158090 498681 840040 477545 88249 477545 842143
498681 158090 498681 840040 499387 88249 499387 842143
500770 158090 500770 840040 499387 88249 499387 842143
501179 158090 501179 840040 499387 88249 499387 842143
501895 158090 501895 840040 499387 88249 499387 842143
512777 158090 512777 840040 499387 88249 499387 842143
514821 158090 514821 840040 499387 88249 499387 842143
515758 158090 515758 840040 499387 88249 499387 842143
518031 158090 518031 840040 499387 88249 499387 842143
528812 158090 528812 840040 499387 88249 499387 842143
533204 158090 533204 840040 499387 88249 499387 842143
541306 158090 541306 840040 499387 88249 499387 842143
541306 158090 541306 840040 542734 88249 542734 842143
551289 158090 551289 840040 542734 88249 542734 842143
553759 158090 553759 840040 542734 88249 542734 842143
562791 158090 562791 840040 542734 88249 542734 842143
563843 158090 563843 840040 542734 88249 542734 842143
569812 158090 569812 840040 542734 88249 542734 842143
574919 158090 574919 840040 542734 88249 542734 842143
577430 158090 577430 840040 542734 88249 542734 842143
584236 158090 584236 840040 542734 88249 542734 842143
584236 158090 584236 840040 602639 88249 602639 842143
604500 158090 604500 840040 602639 88249 602639 842143
610681 158090 610681 840040 602639 88249 602639 842143
611832 158090 611832 840040 602639 88249 602639 842143
615537 158090 615537 840040 602639 88249 602639 842143
617946 158090 617946 840040 602639 88249 602639 842143
617946 158090 617946 840040 620577 88249 620577 842143
617946 158090 617946 840040 666243 88249 666243 842143
668786 158090 668786 840040 666243 88249 666243 842143
668786 158090 668786 840040 686507 88249 686507 842143
668786 158090 668786 840040 692903 88249 692903 842143
701992 158090 701992 840040 692903 88249 692903 842143
701992 158090 701992 840040 705961 88249 705961 842143
706007 158090 706007 840040 705961 88249 705961 842143
706007 158090 706007 840040 712701 88249 712701 842143
706007 158090 706007 840040 715109 88249 715109 842143
715322 158090 715322 840040 715109 88249 715109 842143
715322 158090 715322 840040 719806 88249 719806 842143
720967 158090 720967 840040 719806 88249 719806 842143
720967 158090 720967 840040 721155 88249 721155 842143
720967 158090 720967 840040 731895 88249 731895 842143
720967 158090 720967 840040 734225 88249 734225 842143
735970 158090 735970 840040 734225 88249 734225 842143
735970 158090 735970 840040 736553 88249 736553 842143
742203 158090 742203 840040 736553 88249 736553 842143
744202 158090 744202 840040 736553 88249 736553 842143
744237 158090 744237 840040 736553 88249 736553 842143
744520 158090 744520 840040 736553 88249 736553 842143
746655 158090 746655 840040 736553 88249 736553 842143
746655 158090 746655 840040 751835 88249 751835 842143
746655 158090 746655 840040 751920 88249 751920 842143
752387 158090 752387 840040 751920 88249 751920 842143
761912 158090 761912 840040 751920 88249 751920 842143
764434 158090 764434 840040 751920 88249 751920 842143
764434 158090 764434 840040 764777 88249 764777 842143
764434 158090 764434 840040 767093 88249 767093 842143
764434 158090 764434 840040 767522 88249 767522 842143
764434 158090 764434 840040 771746 88249 771746 842143
777909 158090 777909 840040 771746 88249 771746 842143
777909 158090 777909 840040 785673 88249 785673 842143
777909 158090 777909 840040 793460 88249 793460 842143
802620 158090 802620 840040 793460 88249 793460 842143
802620 158090 802620 840040 814500 88249 814500 842143
815602 158090 815602 840040 814500 88249 814500 842143
815602 158090 815602 840040 816201 88249 816201 842143
815602 158090 815602 840040 819467 88249 819467 842143
815602 158090 815602 840040 820754 88249 820754 842143
824089 158090 824089 840040 820754 88249 820754 842143
824089 158090 824089 840040 826409 88249 826409 842143
828086 158090 828086 840040 826409 88249 826409 842143
828086 158090 828086 840040 834631 88249 834631 842143
835425 158090 835425 840040 834631 88249 834631 842143
835425 158090 835425 840040 836355 88249 836355 842143
835425 158090 835425 840040 837389 88249 837389 842143
837466 158090 837466 840040 837389 88249 837389 842143
838404 158090 838404 840040 837389 88249 837389 842143
842933 158090 842933 840040 837389 88249 837389 842143
842933 158090 842933 840040 845944 88249 845944 842143
842933 158090 842933 840040 845977 88249 845977 842143
842933 158090 842933 840040 846937 88249 846937 842143
842933 158090 842933 840040 853838 88249 853838 842143
842933 158090 842933 840040 859008 88249 859008 842143
866606 158090 866606 840040 859008 88249 859008 842143
866606 158090 866606 840040 868198 88249 868198 842143
868792 158090 868792 840040 868198 88249 868198 842143
881536 158090 881536 840040 868198 88249 868198 842143
881536 158090 881536 840040 896836 88249 896836 842143
881536 158090 881536 840040 915318 88249 915318 842143
881536 158090 881536 840040 944016 88249 944016 842143
881536 158090 881536 840040 944366 88249 944366 842143
