115054 254261 115054 741118 71273 316625 71273 828079
115054 254261 115054 741118 71273 316625 71273 828079
115054 254261 115054 741118 114487 316625 114487 828079
115054 254261 115054 741118 131239 316625 131239 828079
135142 254261 135142 741118 131239 316625 131239 828079
136849 254261 136849 741118 131239 316625 131239 828079
147819 254261 147819 741118 131239 316625 131239 828079
156601 254261 156601 741118 131239 316625 131239 828079
156601 254261 156601 741118 164332 316625 164332 828079
178634 254261 178634 741118 164332 316625 164332 828079
180846 254261 180846 741118 164332 316625 164332 828079
180846 254261 180846 741118 186043 316625 186043 828079
190186 254261 190186 741118 186043 316625 186043 828079
190738 254261 190738 741118 186043 316625 186043 828079
197907 254261 197907 741118 186043 316625 186043 828079
197907 254261 197907 741118 206169 316625 206169 828079
206566 254261 206566 741118 206169 316625 206169 828079
208371 254261 208371 741118 206169 316625 206169 828079
208371 254261 208371 741118 209065 316625 209065 828079
212989 254261 212989 741118 209065 316625 209065 828079
216938 254261 216938 741118 209065 316625 209065 828079
218191 254261 218191 741118 209065 316625 209065 828079
219695 254261 219695 741118 209065 316625 209065 828079
220039 254261 220039 741118 209065 316625 209065 828079
223024 254261 223024 741118 209065 316625 209065 828079
226331 254261 226331 741118 209065 316625 209065 828079
228841 254261 228841 741118 209065 316625 209065 828079
229443 254261 229443 741118 209065 316625 209065 828079
230670 254261 230670 741118 209065 316625 209065 828079
230670 254261 230670 741118 231905 316625 231905 828079
234224 254261 234224 741118 231905 316625 231905 828079
236552 254261 236552 741118 231905 316625 231905 828079
236552 254261 236552 741118 240461 316625 240461 828079
243159 254261 243159 741118 240461 316625 240461 828079
243159 254261 243159 741118 244525 316625 244525 828079
244770 254261 244770 741118 244525 316625 244525 828079
244770 254261 244770 741118 246491 316625 246491 828079
244770 254261 244770 741118 247621 316625 247621 828079
252346 254261 252346 741118 247621 316625 247621 828079
257559 254261 257559 741118 247621 316625 247621 828079
257559 254261 257559 741118 259069 316625 259069 828079
260628 254261 260628 741118 259069 316625 259069 828079
265376 254261 265376 741118 259069 316625 259069 828079
265376 254261 265376 741118 265573 316625 265573 828079
268689 254261 268689 741118 265573 316625 265573 828079
268689 254261 268689 741118 270774 316625 270774 828079
272140 254261 272140 741118 270774 316625 270774 828079
272140 254261 272140 741118 279813 316625 279813 828079
282559 254261 282559 741118 279813 316625 279813 828079
291078 254261 291078 741118 279813 316625 279813 828079
291078 254261 291078 741118 292651 316625 292651 828079
294046 254261 294046 741118 292651 316625 292651 828079
296055 254261 296055 741118 292651 316625 292651 828079
296244 254261 296244 741118 292651 316625 292651 828079
296777 254261 296777 741118 292651 316625 292651 828079
300727 254261 300727 741118 292651 316625 292651 828079
300727 254261 300727 741118 306647 316625 306647 828079
309349 254261 309349 741118 306647 316625 306647 828079
316110 254261 316110 741118 306647 316625 306647 828079
319544 254261 319544 741118 306647 316625 306647 828079
321037 254261 321037 741118 306647 316625 306647 828079
321130 254261 321130 741118 306647 316625 306647 828079
338723 254261 338723 741118 306647 316625 306647 828079
338723 254261 338723 741118 356690 316625 356690 828079
360039 254261 360039 741118 356690 316625 356690 828079
360039 254261 360039 741118 364500 316625 364500 828079
360039 254261 360039 741118 367928 316625 367928 828079
360039 254261 360039 741118 370583 316625 370583 828079
360039 254261 360039 741118 375881 316625 375881 828079
360039 254261 360039 741118 379201 316625 379201 828079
360039 254261 360039 741118 384991 316625 384991 828079
360039 254261 360039 741118 395243 316625 395243 828079
360039 254261 360039 741118 397084 316625 397084 828079
397183 254261 397183 741118 397084 316625 397084 828079
397183 254261 397183 741118 399545 316625 399545 828079
412522 254261 412522 741118 399545 316625 399545 828079
412522 254261 412522 741118 424759 316625 424759 828079
412522 254261 412522 741118 434278 316625 434278 828079
412522 254261 412522 741118 435402 316625 435402 828079
412522 254261 412522 741118 437818 316625 437818 828079
412522 254261 412522 741118 440265 316625 440265 828079
412522 254261 412522 741118 443041 316625 443041 828079
412522 254261 412522 741118 445964 316625 445964 828079
412522 254261 412522 741118 449871 316625 449871 828079
412522 254261 412522 741118 452596 316625 452596 828079
412522 254261 412522 741118 454224 316625 454224 828079
412522 254261 412522 741118 456287 316625 456287 828079
412522 254261 412522 741118 456422 316625 456422 828079
412522 254261 412522 741118 461279 316625 461279 828079
412522 254261 412522 741118 461345 316625 461345 828079
412522 254261 412522 741118 467759 316625 467759 828079
412522 254261 412522 741118 472299 316625 472299 828079
412522 254261 412522 741118 473925 316625 473925 828079
412522 254261 412522 741118 474202 316625 474202 828079
476347 254261 476347 741118 474202 316625 474202 828079
476347 254261 476347 741118 479635 316625 479635 828079
476347 254261 476347 741118 481338 316625 481338 828079
476347 254261 476347 741118 483500 316625 483500 828079
476347 254261 476347 741118 484367 316625 484367 828079
476347 254261 476347 741118 486097 316625 486097 828079
476347 254261 476347 741118 487140 316625 487140 828079
476347 254261 476347 741118 487809 316625 487809 828079
476347 254261 476347 741118 496826 316625 496826 828079
476347 254261 476347 741118 499953 316625 499953 828079
476347 254261 476347 741118 504694 316625 504694 828079
476347 254261 476347 741118 505021 316625 505021 828079
476347 254261 476347 741118 507021 316625 507021 828079
476347 254261 476347 741118 507452 316625 507452 828079
476347 254261 476347 741118 508435 316625 508435 828079
476347 254261 476347 741118 508836 316625 508836 828079
476347 254261 476347 741118 509198 316625 509198 828079
476347 254261 476347 741118 509564 316625 509564 828079
476347 254261 476347 741118 524741 316625 524741 828079
476347 254261 476347 741118 526963 316625 526963 828079
476347 254261 476347 741118 527714 316625 527714 828079
476347 254261 476347 741118 528216 316625 528216 828079
476347 254261 476347 741118 530222 316625 530222 828079
476347 254261 476347 741118 532373 316625 532373 828079
476347 254261 476347 741118 533332 316625 533332 828079
476347 254261 476347 741118 534792 316625 534792 828079
476347 254261 476347 741118 538980 316625 538980 828079
539266 254261 539266 741118 538980 316625 538980 828079
539266 254261 539266 741118 543127 316625 543127 828079
539266 254261 539266 741118 546917 316625 546917 828079
539266 254261 539266 741118 547275 316625 547275 828079
539266 254261 539266 741118 548386 316625 548386 828079
550531 254261 550531 741118 548386 316625 548386 828079
550531 254261 550531 741118 554801 316625 554801 828079
550531 254261 550531 741118 562681 316625 562681 828079
571475 254261 571475 741118 562681 316625 562681 828079
571475 254261 571475 741118 572702 316625 572702 828079
572796 254261 572796 741118 572702 316625 572702 828079
572796 254261 572796 741118 578530 316625 578530 828079
597170 254261 597170 741118 578530 316625 578530 828079
601534 254261 601534 741118 578530 316625 578530 828079
602019 254261 602019 741118 578530 316625 578530 828079
602749 254261 602749 741118 578530 316625 578530 828079
607461 254261 607461 741118 578530 316625 578530 828079
607461 254261 607461 741118 615996 316625 615996 828079
618303 254261 618303 741118 615996 316625 615996 828079
630222 254261 630222 741118 615996 316625 615996 828079
632012 254261 632012 741118 615996 316625 615996 828079
642771 254261 642771 741118 615996 316625 615996 828079
649029 254261 649029 741118 615996 316625 615996 828079
649803 254261 649803 741118 615996 316625 615996 828079
649864 254261 649864 741118 615996 316625 615996 828079
655633 254261 655633 741118 615996 316625 615996 828079
656246 254261 656246 741118 615996 316625 615996 828079
656246 254261 656246 741118 660381 316625 660381 828079
656246 254261 656246 741118 663200 316625 663200 828079
665724 254261 665724 741118 663200 316625 663200 828079
667437 254261 667437 741118 663200 316625 663200 828079
674224 254261 674224 741118 663200 316625 663200 828079
674886 254261 674886 741118 663200 316625 663200 828079
676919 254261 676919 741118 663200 316625 663200 828079
676919 254261 676919 741118 678504 316625 678504 828079
676919 254261 676919 741118 679498 316625 679498 828079
680025 254261 680025 741118 679498 316625 679498 828079
681804 254261 681804 741118 679498 316625 679498 828079
681804 254261 681804 741118 681888 316625 681888 828079
681804 254261 681804 741118 683743 316625 683743 828079
687139 254261 687139 741118 683743 316625 683743 828079
689349 254261 689349 741118 683743 316625 683743 828079
691414 254261 691414 741118 683743 316625 683743 828079
694604 254261 694604 741118 683743 316625 683743 828079
694604 254261 694604 741118 696112 316625 696112 828079
696131 254261 696131 741118 696112 316625 696112 828079
696720 254261 696720 741118 696112 316625 696112 828079
696720 254261 696720 741118 698888 316625 698888 828079
696720 254261 696720 741118 699205 316625 699205 828079
700564 254261 700564 741118 699205 316625 699205 828079
700564 254261 700564 741118 703741 316625 703741 828079
700564 254261 700564 741118 704052 316625 704052 828079
700564 254261 700564 741118 712726 316625 712726 828079
714157 254261 714157 741118 712726 316625 712726 828079
714157 254261 714157 741118 716249 316625 716249 828079
714157 254261 714157 741118 718252 316625 718252 828079
721036 254261 721036 741118 718252 316625 718252 828079
721036 254261 721036 741118 724707 316625 724707 828079
725217 254261 725217 741118 724707 316625 724707 828079
725217 254261 725217 741118 733103 316625 733103 828079
742237 254261 742237 741118 733103 316625 733103 828079
742237 254261 742237 741118 747619 316625 747619 828079
742237 254261 742237 741118 758608 316625 758608 828079
765953 254261 765953 741118 758608 316625 758608 828079
775755 254261 775755 741118 758608 316625 758608 828079
776930 254261 776930 741118 758608 316625 758608 828079
777545 254261 777545 741118 758608 316625 758608 828079
793779 254261 793779 741118 758608 316625 758608 828079
799440 254261 799440 741118 758608 316625 758608 828079
803453 254261 803453 741118 758608 316625 758608 828079
803453 254261 803453 741118 803729 316625 803729 828079
808164 254261 808164 741118 803729 316625 803729 828079
808352 254261 808352 741118 803729 316625 803729 828079
813499 254261 813499 741118 803729 316625 803729 828079
825604 254261 825604 741118 803729 316625 803729 828079
832588 254261 832588 741118 803729 316625 803729 828079
844397 254261 844397 741118 803729 316625 803729 828079
849281 254261 849281 741118 803729 316625 803729 828079
908832 254261 908832 741118 803729 316625 803729 828079
