114992 157357 114992 869870 173401 119109 173401 859923
114992 157357 114992 869870 173401 119109 173401 859923
116911 157357 116911 869870 173401 119109 173401 859923
139228 157357 139228 869870 173401 119109 173401 859923
141769 157357 141769 869870 173401 119109 173401 859923
161300 157357 161300 869870 173401 119109 173401 859923
236036 157357 236036 869870 173401 119109 173401 859923
236036 157357 236036 869870 240107 119109 240107 859923
236036 157357 236036 869870 250707 119109 250707 859923
236036 157357 236036 869870 253188 119109 253188 859923
236036 157357 236036 869870 255577 119109 255577 859923
260346 157357 260346 869870 255577 119109 255577 859923
264270 157357 264270 869870 255577 119109 255577 859923
265705 157357 265705 869870 255577 119109 255577 859923
276069 157357 276069 869870 255577 119109 255577 859923
276069 157357 276069 869870 277296 119109 277296 859923
292041 157357 292041 869870 277296 119109 277296 859923
292041 157357 292041 869870 293104 119109 293104 859923
292041 157357 292041 869870 301284 119109 301284 859923
292041 157357 292041 869870 302567 119109 302567 859923
306973 157357 306973 869870 302567 119109 302567 859923
326883 157357 326883 869870 302567 119109 302567 859923
326883 157357 326883 869870 331361 119109 331361 859923
331404 157357 331404 869870 331361 119109 331361 859923
338970 157357 338970 869870 331361 119109 331361 859923
340948 157357 340948 869870 331361 119109 331361 859923
344835 157357 344835 869870 331361 119109 331361 859923
346599 157357 346599 869870 331361 119109 331361 859923
346599 157357 346599 869870 354111 119109 354111 859923
355805 157357 355805 869870 354111 119109 354111 859923
355805 157357 355805 869870 362012 119109 362012 859923
364287 157357 364287 869870 362012 119109 362012 859923
364287 157357 364287 869870 365339 119109 365339 859923
364287 157357 364287 869870 366340 119109 366340 859923
364287 157357 364287 869870 366378 119109 366378 859923
366482 157357 366482 869870 366378 119109 366378 859923
366482 157357 366482 869870 371922 119109 371922 859923
373017 157357 373017 869870 371922 119109 371922 859923
381609 157357 381609 869870 371922 119109 371922 859923
381609 157357 381609 869870 382489 119109 382489 859923
381609 157357 381609 869870 384296 119109 384296 859923
385467 157357 385467 869870 384296 119109 384296 859923
392563 157357 392563 869870 384296 119109 384296 859923
392945 157357 392945 869870 384296 119109 384296 859923
393702 157357 393702 869870 384296 119109 384296 859923
400891 157357 400891 869870 384296 119109 384296 859923
401559 157357 401559 869870 384296 119109 384296 859923
403028 157357 403028 869870 384296 119109 384296 859923
403028 157357 403028 869870 407829 119109 407829 859923
403028 157357 403028 869870 408152 119109 408152 859923
408579 157357 408579 869870 408152 119109 408152 859923
408579 157357 408579 869870 416255 119109 416255 859923
408579 157357 408579 869870 418167 119109 418167 859923
419479 157357 419479 869870 418167 119109 418167 859923
420928 157357 420928 869870 418167 119109 418167 859923
420928 157357 420928 869870 423490 119109 423490 859923
420928 157357 420928 869870 424034 119109 424034 859923
426005 157357 426005 869870 424034 119109 424034 859923
426005 157357 426005 869870 430537 119109 430537 859923
426005 157357 426005 869870 432010 119109 432010 859923
432301 157357 432301 869870 432010 119109 432010 859923
432301 157357 432301 869870 434949 119109 434949 859923
432301 157357 432301 869870 436603 119109 436603 859923
440591 157357 440591 869870 436603 119109 436603 859923
443109 157357 443109 869870 436603 119109 436603 859923
443109 157357 443109 869870 443988 119109 443988 859923
447126 157357 447126 869870 443988 119109 443988 859923
447126 157357 447126 869870 447378 119109 447378 859923
447126 157357 447126 869870 448621 119109 448621 859923
447126 157357 447126 869870 448956 119109 448956 859923
447126 157357 447126 869870 449739 119109 449739 859923
447126 157357 447126 869870 450379 119109 450379 859923
447126 157357 447126 869870 452332 119109 452332 859923
447126 157357 447126 869870 457417 119109 457417 859923
447126 157357 447126 869870 459034 119109 459034 859923
465069 157357 465069 869870 459034 119109 459034 859923
466062 157357 466062 869870 459034 119109 459034 859923
466062 157357 466062 869870 467921 119109 467921 859923
468972 157357 468972 869870 467921 119109 467921 859923
468972 157357 468972 869870 473436 119109 473436 859923
475952 157357 475952 869870 473436 119109 473436 859923
477789 157357 477789 869870 473436 119109 473436 859923
477789 157357 477789 869870 482355 119109 482355 859923
488872 157357 488872 869870 482355 119109 482355 859923
488872 157357 488872 869870 489992 119109 489992 859923
493084 157357 493084 869870 489992 119109 489992 859923
502523 157357 502523 869870 489992 119109 489992 859923
505151 157357 505151 869870 489992 119109 489992 859923
505151 157357 505151 869870 507600 119109 507600 859923
509443 157357 509443 869870 507600 119109 507600 859923
509443 157357 509443 869870 518900 119109 518900 859923
522214 157357 522214 869870 518900 119109 518900 859923
522214 157357 522214 869870 523003 119109 523003 859923
525059 157357 525059 869870 523003 119109 523003 859923
529497 157357 529497 869870 523003 119109 523003 859923
529497 157357 529497 869870 532412 119109 532412 859923
529497 157357 529497 869870 534164 119109 534164 859923
529497 157357 529497 869870 534254 119109 534254 859923
529497 157357 529497 869870 536098 119109 536098 859923
539277 157357 539277 869870 536098 119109 536098 859923
540468 157357 540468 869870 536098 119109 536098 859923
540468 157357 540468 869870 543889 119109 543889 859923
546863 157357 546863 869870 543889 119109 543889 859923
549367 157357 549367 869870 543889 119109 543889 859923
550041 157357 550041 869870 543889 119109 543889 859923
555523 157357 555523 869870 543889 119109 543889 859923
569642 157357 569642 869870 543889 119109 543889 859923
570153 157357 570153 869870 543889 119109 543889 859923
572718 157357 572718 869870 543889 119109 543889 859923
572718 157357 572718 869870 573994 119109 573994 859923
574524 157357 574524 869870 573994 119109 573994 859923
575033 157357 575033 869870 573994 119109 573994 859923
577540 157357 577540 869870 573994 119109 573994 859923
577540 157357 577540 869870 586973 119109 586973 859923
588255 157357 588255 869870 586973 119109 586973 859923
588996 157357 588996 869870 586973 119109 586973 859923
588996 157357 588996 869870 592118 119109 592118 859923
595278 157357 595278 869870 592118 119109 592118 859923
596291 157357 596291 869870 592118 119109 592118 859923
597182 157357 597182 869870 592118 119109 592118 859923
597182 157357 597182 869870 598442 119109 598442 859923
597182 157357 597182 869870 600381 119109 600381 859923
597182 157357 597182 869870 606698 119109 606698 859923
597182 157357 597182 869870 609848 119109 609848 859923
613188 157357 613188 869870 609848 119109 609848 859923
613188 157357 613188 869870 613673 119109 613673 859923
613188 157357 613188 869870 613776 119109 613776 859923
613188 157357 613188 869870 614527 119109 614527 859923
614610 157357 614610 869870 614527 119109 614527 859923
614628 157357 614628 869870 614527 119109 614527 859923
614628 157357 614628 869870 615404 119109 615404 859923
617650 157357 617650 869870 615404 119109 615404 859923
617650 157357 617650 869870 618337 119109 618337 859923
617650 157357 617650 869870 619381 119109 619381 859923
617650 157357 617650 869870 619793 119109 619793 859923
617650 157357 617650 869870 620473 119109 620473 859923
617650 157357 617650 869870 623294 119109 623294 859923
617650 157357 617650 869870 623375 119109 623375 859923
617650 157357 617650 869870 623801 119109 623801 859923
617650 157357 617650 869870 630007 119109 630007 859923
632831 157357 632831 869870 630007 119109 630007 859923
632831 157357 632831 869870 632847 119109 632847 859923
635372 157357 635372 869870 632847 119109 632847 859923
635372 157357 635372 869870 638202 119109 638202 859923
638601 157357 638601 869870 638202 119109 638202 859923
638601 157357 638601 869870 640028 119109 640028 859923
638601 157357 638601 869870 645300 119109 645300 859923
649378 157357 649378 869870 645300 119109 645300 859923
649378 157357 649378 869870 651572 119109 651572 859923
649378 157357 649378 869870 652949 119109 652949 859923
661748 157357 661748 869870 652949 119109 652949 859923
661748 157357 661748 869870 665306 119109 665306 859923
666638 157357 666638 869870 665306 119109 665306 859923
666638 157357 666638 869870 667339 119109 667339 859923
666638 157357 666638 869870 670487 119109 670487 859923
666638 157357 666638 869870 671128 119109 671128 859923
666638 157357 666638 869870 677296 119109 677296 859923
677757 157357 677757 869870 677296 119109 677296 859923
677927 157357 677927 869870 677296 119109 677296 859923
681340 157357 681340 869870 677296 119109 677296 859923
681340 157357 681340 869870 682810 119109 682810 859923
681340 157357 681340 869870 683119 119109 683119 859923
681340 157357 681340 869870 683317 119109 683317 859923
685169 157357 685169 869870 683317 119109 683317 859923
685169 157357 685169 869870 687512 119109 687512 859923
685169 157357 685169 869870 690224 119109 690224 859923
693123 157357 693123 869870 690224 119109 690224 859923
693123 157357 693123 869870 701828 119109 701828 859923
693123 157357 693123 869870 702293 119109 702293 859923
703479 157357 703479 869870 702293 119109 702293 859923
703479 157357 703479 869870 703603 119109 703603 859923
703479 157357 703479 869870 703973 119109 703973 859923
715232 157357 715232 869870 703973 119109 703973 859923
715623 157357 715623 869870 703973 119109 703973 859923
715623 157357 715623 869870 724370 119109 724370 859923
715623 157357 715623 869870 725699 119109 725699 859923
715623 157357 715623 869870 726916 119109 726916 859923
715623 157357 715623 869870 727409 119109 727409 859923
715623 157357 715623 869870 730898 119109 730898 859923
715623 157357 715623 869870 741657 119109 741657 859923
715623 157357 715623 869870 750607 119109 750607 859923
715623 157357 715623 869870 752425 119109 752425 859923
757484 157357 757484 869870 752425 119109 752425 859923
758508 157357 758508 869870 752425 119109 752425 859923
760883 157357 760883 869870 752425 119109 752425 859923
760883 157357 760883 869870 761048 119109 761048 859923
762850 157357 762850 869870 761048 119109 761048 859923
762850 157357 762850 869870 769932 119109 769932 859923
773324 157357 773324 869870 769932 119109 769932 859923
776261 157357 776261 869870 769932 119109 769932 859923
781287 157357 781287 869870 769932 119109 769932 859923
781287 157357 781287 869870 784685 119109 784685 859923
788443 157357 788443 869870 784685 119109 784685 859923
799661 157357 799661 869870 784685 119109 784685 859923
800717 157357 800717 869870 784685 119109 784685 859923
800717 157357 800717 869870 804838 119109 804838 859923
810519 157357 810519 869870 804838 119109 804838 859923
815613 157357 815613 869870 804838 119109 804838 859923
849847 157357 849847 869870 804838 119109 804838 859923
884825 157357 884825 869870 804838 119109 804838 859923
