103288 211695 103288 842304 193203 286086 193203 921074
103288 211695 103288 842304 193203 286086 193203 921074
133514 211695 133514 842304 193203 286086 193203 921074
165948 211695 165948 842304 193203 286086 193203 921074
181119 211695 181119 842304 193203 286086 193203 921074
184767 211695 184767 842304 193203 286086 193203 921074
184767 211695 184767 842304 202422 286086 202422 921074
203335 211695 203335 842304 202422 286086 202422 921074
205157 211695 205157 842304 202422 286086 202422 921074
205157 211695 205157 842304 212011 286086 212011 921074
213132 211695 213132 842304 212011 286086 212011 921074
213132 211695 213132 842304 216710 286086 216710 921074
213132 211695 213132 842304 232315 286086 232315 921074
238187 211695 238187 842304 232315 286086 232315 921074
238600 211695 238600 842304 232315 286086 232315 921074
238600 211695 238600 842304 240456 286086 240456 921074
241364 211695 241364 842304 240456 286086 240456 921074
241364 211695 241364 842304 242499 286086 242499 921074
241364 211695 241364 842304 243252 286086 243252 921074
247698 211695 247698 842304 243252 286086 243252 921074
247698 211695 247698 842304 250132 286086 250132 921074
252748 211695 252748 842304 250132 286086 250132 921074
257555 211695 257555 842304 250132 286086 250132 921074
259974 211695 259974 842304 250132 286086 250132 921074
265630 211695 265630 842304 250132 286086 250132 921074
265630 211695 265630 842304 270339 286086 270339 921074
273059 211695 273059 842304 270339 286086 270339 921074
274350 211695 274350 842304 270339 286086 270339 921074
275656 211695 275656 842304 270339 286086 270339 921074
275656 211695 275656 842304 279349 286086 279349 921074
275656 211695 275656 842304 282363 286086 282363 921074
275656 211695 275656 842304 283256 286086 283256 921074
275656 211695 275656 842304 284512 286086 284512 921074
275656 211695 275656 842304 288682 286086 288682 921074
275656 211695 275656 842304 290890 286086 290890 921074
275656 211695 275656 842304 297042 286086 297042 921074
275656 211695 275656 842304 298513 286086 298513 921074
299786 211695 299786 842304 298513 286086 298513 921074
299786 211695 299786 842304 303512 286086 303512 921074
299786 211695 299786 842304 307964 286086 307964 921074
310536 211695 310536 842304 307964 286086 307964 921074
310636 211695 310636 842304 307964 286086 307964 921074
311390 211695 311390 842304 307964 286086 307964 921074
311390 211695 311390 842304 312296 286086 312296 921074
311390 211695 311390 842304 312574 286086 312574 921074
311390 211695 311390 842304 313470 286086 313470 921074
315374 211695 315374 842304 313470 286086 313470 921074
315374 211695 315374 842304 320604 286086 320604 921074
324238 211695 324238 842304 320604 286086 320604 921074
324238 211695 324238 842304 326145 286086 326145 921074
324238 211695 324238 842304 327630 286086 327630 921074
324238 211695 324238 842304 331942 286086 331942 921074
335941 211695 335941 842304 331942 286086 331942 921074
336049 211695 336049 842304 331942 286086 331942 921074
340680 211695 340680 842304 331942 286086 331942 921074
341360 211695 341360 842304 331942 286086 331942 921074
341807 211695 341807 842304 331942 286086 331942 921074
341807 211695 341807 842304 342531 286086 342531 921074
343060 211695 343060 842304 342531 286086 342531 921074
344154 211695 344154 842304 342531 286086 342531 921074
344154 211695 344154 842304 346591 286086 346591 921074
347079 211695 347079 842304 346591 286086 346591 921074
350191 211695 350191 842304 346591 286086 346591 921074
351553 211695 351553 842304 346591 286086 346591 921074
355340 211695 355340 842304 346591 286086 346591 921074
355648 211695 355648 842304 346591 286086 346591 921074
359267 211695 359267 842304 346591 286086 346591 921074
359267 211695 359267 842304 374015 286086 374015 921074
359267 211695 359267 842304 377244 286086 377244 921074
359267 211695 359267 842304 389158 286086 389158 921074
359267 211695 359267 842304 390610 286086 390610 921074
359267 211695 359267 842304 390649 286086 390649 921074
392312 211695 392312 842304 390649 286086 390649 921074
392378 211695 392378 842304 390649 286086 390649 921074
392647 211695 392647 842304 390649 286086 390649 921074
392647 211695 392647 842304 397302 286086 397302 921074
397357 211695 397357 842304 397302 286086 397302 921074
398294 211695 398294 842304 397302 286086 397302 921074
403961 211695 403961 842304 397302 286086 397302 921074
403961 211695 403961 842304 405233 286086 405233 921074
403961 211695 403961 842304 405285 286086 405285 921074
403961 211695 403961 842304 405787 286086 405787 921074
406490 211695 406490 842304 405787 286086 405787 921074
407666 211695 407666 842304 405787 286086 405787 921074
407666 211695 407666 842304 410005 286086 410005 921074
407666 211695 407666 842304 410240 286086 410240 921074
410750 211695 410750 842304 410240 286086 410240 921074
410750 211695 410750 842304 413063 286086 413063 921074
410750 211695 410750 842304 415663 286086 415663 921074
410750 211695 410750 842304 419530 286086 419530 921074
410750 211695 410750 842304 423187 286086 423187 921074
427588 211695 427588 842304 423187 286086 423187 921074
427927 211695 427927 842304 423187 286086 423187 921074
429627 211695 429627 842304 423187 286086 423187 921074
433065 211695 433065 842304 423187 286086 423187 921074
433065 211695 433065 842304 437393 286086 437393 921074
438688 211695 438688 842304 437393 286086 437393 921074
438688 211695 438688 842304 440988 286086 440988 921074
441580 211695 441580 842304 440988 286086 440988 921074
441580 211695 441580 842304 441661 286086 441661 921074
441580 211695 441580 842304 441755 286086 441755 921074
442355 211695 442355 842304 441755 286086 441755 921074
442355 211695 442355 842304 444293 286086 444293 921074
442355 211695 442355 842304 444554 286086 444554 921074
442355 211695 442355 842304 445476 286086 445476 921074
442355 211695 442355 842304 447732 286086 447732 921074
448876 211695 448876 842304 447732 286086 447732 921074
448876 211695 448876 842304 449406 286086 449406 921074
448876 211695 448876 842304 453272 286086 453272 921074
448876 211695 448876 842304 453370 286086 453370 921074
453380 211695 453380 842304 453370 286086 453370 921074
453380 211695 453380 842304 453599 286086 453599 921074
455395 211695 455395 842304 453599 286086 453599 921074
455420 211695 455420 842304 453599 286086 453599 921074
455420 211695 455420 842304 456387 286086 456387 921074
455420 211695 455420 842304 457707 286086 457707 921074
457878 211695 457878 842304 457707 286086 457707 921074
457878 211695 457878 842304 458895 286086 458895 921074
457878 211695 457878 842304 459011 286086 459011 921074
463126 211695 463126 842304 459011 286086 459011 921074
463175 211695 463175 842304 459011 286086 459011 921074
463175 211695 463175 842304 463585 286086 463585 921074
463777 211695 463777 842304 463585 286086 463585 921074
469538 211695 469538 842304 463585 286086 463585 921074
473965 211695 473965 842304 463585 286086 463585 921074
473965 211695 473965 842304 474591 286086 474591 921074
475541 211695 475541 842304 474591 286086 474591 921074
475541 211695 475541 842304 476473 286086 476473 921074
477203 211695 477203 842304 476473 286086 476473 921074
477203 211695 477203 842304 483146 286086 483146 921074
477203 211695 477203 842304 484060 286086 484060 921074
477203 211695 477203 842304 494979 286086 494979 921074
496679 211695 496679 842304 494979 286086 494979 921074
496679 211695 496679 842304 496957 286086 496957 921074
496679 211695 496679 842304 498422 286086 498422 921074
496679 211695 496679 842304 500821 286086 500821 921074
496679 211695 496679 842304 503034 286086 503034 921074
505691 211695 505691 842304 503034 286086 503034 921074
505691 211695 505691 842304 517859 286086 517859 921074
528814 211695 528814 842304 517859 286086 517859 921074
532433 211695 532433 842304 517859 286086 517859 921074
532433 211695 532433 842304 535654 286086 535654 921074
538718 211695 538718 842304 535654 286086 535654 921074
539972 211695 539972 842304 535654 286086 535654 921074
543860 211695 543860 842304 535654 286086 535654 921074
547034 211695 547034 842304 535654 286086 535654 921074
547815 211695 547815 842304 535654 286086 535654 921074
555416 211695 555416 842304 535654 286086 535654 921074
561082 211695 561082 842304 535654 286086 535654 921074
563888 211695 563888 842304 535654 286086 535654 921074
570519 211695 570519 842304 535654 286086 535654 921074
570519 211695 570519 842304 581352 286086 581352 921074
583474 211695 583474 842304 581352 286086 581352 921074
584799 211695 584799 842304 581352 286086 581352 921074
587919 211695 587919 842304 581352 286086 581352 921074
587919 211695 587919 842304 591165 286086 591165 921074
587919 211695 587919 842304 599251 286086 599251 921074
587919 211695 587919 842304 603290 286086 603290 921074
618249 211695 618249 842304 603290 286086 603290 921074
623305 211695 623305 842304 603290 286086 603290 921074
623305 211695 623305 842304 626102 286086 626102 921074
634942 211695 634942 842304 626102 286086 626102 921074
642606 211695 642606 842304 626102 286086 626102 921074
643709 211695 643709 842304 626102 286086 626102 921074
643709 211695 643709 842304 643763 286086 643763 921074
651722 211695 651722 842304 643763 286086 643763 921074
655202 211695 655202 842304 643763 286086 643763 921074
661469 211695 661469 842304 643763 286086 643763 921074
663096 211695 663096 842304 643763 286086 643763 921074
663096 211695 663096 842304 666338 286086 666338 921074
667331 211695 667331 842304 666338 286086 666338 921074
668362 211695 668362 842304 666338 286086 666338 921074
668362 211695 668362 842304 676025 286086 676025 921074
668362 211695 668362 842304 677974 286086 677974 921074
678592 211695 678592 842304 677974 286086 677974 921074
678592 211695 678592 842304 680011 286086 680011 921074
682246 211695 682246 842304 680011 286086 680011 921074
686221 211695 686221 842304 680011 286086 680011 921074
690041 211695 690041 842304 680011 286086 680011 921074
691137 211695 691137 842304 680011 286086 680011 921074
701275 211695 701275 842304 680011 286086 680011 921074
701275 211695 701275 842304 711837 286086 711837 921074
715830 211695 715830 842304 711837 286086 711837 921074
715830 211695 715830 842304 715931 286086 715931 921074
715830 211695 715830 842304 727126 286086 727126 921074
715830 211695 715830 842304 738745 286086 738745 921074
715830 211695 715830 842304 748124 286086 748124 921074
715830 211695 715830 842304 757473 286086 757473 921074
715830 211695 715830 842304 764287 286086 764287 921074
715830 211695 715830 842304 779484 286086 779484 921074
715830 211695 715830 842304 803533 286086 803533 921074
715830 211695 715830 842304 806943 286086 806943 921074
715830 211695 715830 842304 813505 286086 813505 921074
715830 211695 715830 842304 814753 286086 814753 921074
715830 211695 715830 842304 819622 286086 819622 921074
715830 211695 715830 842304 832667 286086 832667 921074
715830 211695 715830 842304 835187 286086 835187 921074
715830 211695 715830 842304 841387 286086 841387 921074
715830 211695 715830 842304 856180 286086 856180 921074
715830 211695 715830 842304 872303 286086 872303 921074
