93707 150167 93707 861475 266941 114112 266941 676689
93707 150167 93707 861475 266941 114112 266941 676689
121016 150167 121016 861475 266941 114112 266941 676689
122728 150167 122728 861475 266941 114112 266941 676689
153628 150167 153628 861475 266941 114112 266941 676689
156715 150167 156715 861475 266941 114112 266941 676689
165915 150167 165915 861475 266941 114112 266941 676689
178836 150167 178836 861475 266941 114112 266941 676689
178924 150167 178924 861475 266941 114112 266941 676689
200303 150167 200303 861475 266941 114112 266941 676689
213746 150167 213746 861475 266941 114112 266941 676689
217607 150167 217607 861475 266941 114112 266941 676689
220172 150167 220172 861475 266941 114112 266941 676689
229367 150167 229367 861475 266941 114112 266941 676689
240619 150167 240619 861475 266941 114112 266941 676689
250465 150167 250465 861475 266941 114112 266941 676689
251204 150167 251204 861475 266941 114112 266941 676689
255615 150167 255615 861475 266941 114112 266941 676689
264707 150167 264707 861475 266941 114112 266941 676689
265146 150167 265146 861475 266941 114112 266941 676689
272696 150167 272696 861475 266941 114112 266941 676689
281401 150167 281401 861475 266941 114112 266941 676689
282950 150167 282950 861475 266941 114112 266941 676689
293457 150167 293457 861475 266941 114112 266941 676689
301016 150167 301016 861475 266941 114112 266941 676689
301755 150167 301755 861475 266941 114112 266941 676689
301755 150167 301755 861475 302019 114112 302019 676689
305700 150167 305700 861475 302019 114112 302019 676689
307033 150167 307033 861475 302019 114112 302019 676689
307097 150167 307097 861475 302019 114112 302019 676689
307173 150167 307173 861475 302019 114112 302019 676689
314945 150167 314945 861475 302019 114112 302019 676689
320896 150167 320896 861475 302019 114112 302019 676689
333400 150167 333400 861475 302019 114112 302019 676689
333400 150167 333400 861475 337330 114112 337330 676689
339567 150167 339567 861475 337330 114112 337330 676689
339687 150167 339687 861475 337330 114112 337330 676689
349469 150167 349469 861475 337330 114112 337330 676689
350961 150167 350961 861475 337330 114112 337330 676689
354649 150167 354649 861475 337330 114112 337330 676689
361841 150167 361841 861475 337330 114112 337330 676689
361841 150167 361841 861475 395910 114112 395910 676689
399938 150167 399938 861475 395910 114112 395910 676689
402008 150167 402008 861475 395910 114112 395910 676689
402008 150167 402008 861475 406315 114112 406315 676689
414776 150167 414776 861475 406315 114112 406315 676689
415613 150167 415613 861475 406315 114112 406315 676689
420808 150167 420808 861475 406315 114112 406315 676689
425018 150167 425018 861475 406315 114112 406315 676689
431758 150167 431758 861475 406315 114112 406315 676689
435175 150167 435175 861475 406315 114112 406315 676689
435175 150167 435175 861475 440298 114112 440298 676689
435175 150167 435175 861475 447838 114112 447838 676689
435175 150167 435175 861475 449251 114112 449251 676689
454027 150167 454027 861475 449251 114112 449251 676689
454085 150167 454085 861475 449251 114112 449251 676689
454140 150167 454140 861475 449251 114112 449251 676689
460009 150167 460009 861475 449251 114112 449251 676689
470088 150167 470088 861475 449251 114112 449251 676689
472188 150167 472188 861475 449251 114112 449251 676689
482287 150167 482287 861475 449251 114112 449251 676689
484789 150167 484789 861475 449251 114112 449251 676689
484789 150167 484789 861475 485725 114112 485725 676689
484789 150167 484789 861475 488131 114112 488131 676689
484789 150167 484789 861475 499704 114112 499704 676689
484789 150167 484789 861475 506533 114112 506533 676689
513733 150167 513733 861475 506533 114112 506533 676689
513733 150167 513733 861475 519215 114112 519215 676689
513733 150167 513733 861475 522293 114112 522293 676689
525744 150167 525744 861475 522293 114112 522293 676689
530847 150167 530847 861475 522293 114112 522293 676689
530959 150167 530959 861475 522293 114112 522293 676689
531581 150167 531581 861475 522293 114112 522293 676689
531581 150167 531581 861475 532906 114112 532906 676689
537408 150167 537408 861475 532906 114112 532906 676689
537408 150167 537408 861475 537551 114112 537551 676689
537408 150167 537408 861475 539276 114112 539276 676689
537408 150167 537408 861475 543893 114112 543893 676689
537408 150167 537408 861475 544540 114112 544540 676689
537408 150167 537408 861475 548963 114112 548963 676689
537408 150167 537408 861475 555486 114112 555486 676689
555857 150167 555857 861475 555486 114112 555486 676689
557149 150167 557149 861475 555486 114112 555486 676689
558755 150167 558755 861475 555486 114112 555486 676689
558755 150167 558755 861475 559559 114112 559559 676689
560180 150167 560180 861475 559559 114112 559559 676689
560180 150167 560180 861475 560406 114112 560406 676689
560180 150167 560180 861475 562507 114112 562507 676689
560180 150167 560180 861475 564255 114112 564255 676689
560180 150167 560180 861475 564331 114112 564331 676689
560180 150167 560180 861475 565749 114112 565749 676689
560180 150167 560180 861475 569083 114112 569083 676689
571093 150167 571093 861475 569083 114112 569083 676689
572125 150167 572125 861475 569083 114112 569083 676689
572125 150167 572125 861475 572283 114112 572283 676689
572494 150167 572494 861475 572283 114112 572283 676689
574586 150167 574586 861475 572283 114112 572283 676689
574586 150167 574586 861475 575375 114112 575375 676689
576887 150167 576887 861475 575375 114112 575375 676689
576887 150167 576887 861475 578309 114112 578309 676689
578748 150167 578748 861475 578309 114112 578309 676689
578748 150167 578748 861475 580372 114112 580372 676689
581829 150167 581829 861475 580372 114112 580372 676689
581829 150167 581829 861475 584799 114112 584799 676689
585554 150167 585554 861475 584799 114112 584799 676689
590674 150167 590674 861475 584799 114112 584799 676689
592357 150167 592357 861475 584799 114112 584799 676689
592357 150167 592357 861475 592574 114112 592574 676689
592357 150167 592357 861475 593124 114112 593124 676689
592357 150167 592357 861475 594815 114112 594815 676689
592357 150167 592357 861475 595555 114112 595555 676689
595879 150167 595879 861475 595555 114112 595555 676689
596760 150167 596760 861475 595555 114112 595555 676689
597014 150167 597014 861475 595555 114112 595555 676689
597962 150167 597962 861475 595555 114112 595555 676689
597962 150167 597962 861475 598026 114112 598026 676689
597962 150167 597962 861475 601790 114112 601790 676689
597962 150167 597962 861475 605923 114112 605923 676689
597962 150167 597962 861475 607156 114112 607156 676689
597962 150167 597962 861475 611978 114112 611978 676689
614819 150167 614819 861475 611978 114112 611978 676689
614819 150167 614819 861475 616128 114112 616128 676689
614819 150167 614819 861475 620382 114112 620382 676689
614819 150167 614819 861475 621415 114112 621415 676689
614819 150167 614819 861475 626895 114112 626895 676689
614819 150167 614819 861475 627928 114112 627928 676689
630336 150167 630336 861475 627928 114112 627928 676689
632094 150167 632094 861475 627928 114112 627928 676689
632094 150167 632094 861475 637719 114112 637719 676689
632094 150167 632094 861475 640997 114112 640997 676689
641170 150167 641170 861475 640997 114112 640997 676689
641170 150167 641170 861475 642481 114112 642481 676689
643282 150167 643282 861475 642481 114112 642481 676689
643282 150167 643282 861475 644398 114112 644398 676689
643282 150167 643282 861475 652363 114112 652363 676689
652723 150167 652723 861475 652363 114112 652363 676689
653212 150167 653212 861475 652363 114112 652363 676689
656379 150167 656379 861475 652363 114112 652363 676689
656967 150167 656967 861475 652363 114112 652363 676689
657256 150167 657256 861475 652363 114112 652363 676689
657256 150167 657256 861475 657714 114112 657714 676689
661006 150167 661006 861475 657714 114112 657714 676689
661006 150167 661006 861475 662048 114112 662048 676689
667903 150167 667903 861475 662048 114112 662048 676689
667903 150167 667903 861475 668900 114112 668900 676689
667903 150167 667903 861475 669122 114112 669122 676689
667903 150167 667903 861475 673453 114112 673453 676689
667903 150167 667903 861475 675199 114112 675199 676689
667903 150167 667903 861475 676184 114112 676184 676689
667903 150167 667903 861475 677359 114112 677359 676689
667903 150167 667903 861475 677577 114112 677577 676689
667903 150167 667903 861475 680209 114112 680209 676689
667903 150167 667903 861475 680691 114112 680691 676689
667903 150167 667903 861475 680909 114112 680909 676689
682690 150167 682690 861475 680909 114112 680909 676689
682690 150167 682690 861475 683528 114112 683528 676689
682690 150167 682690 861475 684256 114112 684256 676689
685569 150167 685569 861475 684256 114112 684256 676689
685569 150167 685569 861475 686114 114112 686114 676689
685569 150167 685569 861475 690625 114112 690625 676689
692018 150167 692018 861475 690625 114112 690625 676689
692018 150167 692018 861475 692906 114112 692906 676689
693748 150167 693748 861475 692906 114112 692906 676689
693748 150167 693748 861475 694013 114112 694013 676689
693748 150167 693748 861475 694581 114112 694581 676689
693748 150167 693748 861475 695035 114112 695035 676689
693748 150167 693748 861475 697232 114112 697232 676689
693748 150167 693748 861475 698113 114112 698113 676689
698436 150167 698436 861475 698113 114112 698113 676689
698436 150167 698436 861475 699410 114112 699410 676689
699622 150167 699622 861475 699410 114112 699410 676689
702635 150167 702635 861475 699410 114112 699410 676689
704088 150167 704088 861475 699410 114112 699410 676689
706749 150167 706749 861475 699410 114112 699410 676689
706749 150167 706749 861475 709481 114112 709481 676689
706749 150167 706749 861475 709682 114112 709682 676689
706749 150167 706749 861475 712139 114112 712139 676689
706749 150167 706749 861475 718312 114112 718312 676689
706749 150167 706749 861475 722752 114112 722752 676689
706749 150167 706749 861475 725708 114112 725708 676689
706749 150167 706749 861475 730182 114112 730182 676689
706749 150167 706749 861475 730363 114112 730363 676689
706749 150167 706749 861475 730489 114112 730489 676689
706749 150167 706749 861475 731431 114112 731431 676689
706749 150167 706749 861475 737574 114112 737574 676689
706749 150167 706749 861475 756658 114112 756658 676689
706749 150167 706749 861475 759642 114112 759642 676689
706749 150167 706749 861475 761981 114112 761981 676689
706749 150167 706749 861475 765022 114112 765022 676689
706749 150167 706749 861475 765294 114112 765294 676689
706749 150167 706749 861475 780303 114112 780303 676689
706749 150167 706749 861475 785153 114112 785153 676689
785901 150167 785901 861475 785153 114112 785153 676689
785901 150167 785901 861475 802550 114112 802550 676689
785901 150167 785901 861475 805231 114112 805231 676689
785901 150167 785901 861475 823443 114112 823443 676689
785901 150167 785901 861475 851995 114112 851995 676689
785901 150167 785901 861475 862182 114112 862182 676689
785901 150167 785901 861475 868425 114112 868425 676689
785901 150167 785901 861475 872012 114112 872012 676689
