128557 46604 128557 933669 159839 101316 159839 897551
128557 46604 128557 933669 159839 101316 159839 897551
128557 46604 128557 933669 170611 101316 170611 897551
128557 46604 128557 933669 175462 101316 175462 897551
128557 46604 128557 933669 176425 101316 176425 897551
128557 46604 128557 933669 178086 101316 178086 897551
128557 46604 128557 933669 179558 101316 179558 897551
128557 46604 128557 933669 192306 101316 192306 897551
128557 46604 128557 933669 198698 101316 198698 897551
128557 46604 128557 933669 206198 101316 206198 897551
207616 46604 207616 933669 206198 101316 206198 897551
213827 46604 213827 933669 206198 101316 206198 897551
213827 46604 213827 933669 226031 101316 226031 897551
213827 46604 213827 933669 252778 101316 252778 897551
289898 46604 289898 933669 252778 101316 252778 897551
294982 46604 294982 933669 252778 101316 252778 897551
298859 46604 298859 933669 252778 101316 252778 897551
306947 46604 306947 933669 252778 101316 252778 897551
313564 46604 313564 933669 252778 101316 252778 897551
323859 46604 323859 933669 252778 101316 252778 897551
333882 46604 333882 933669 252778 101316 252778 897551
335862 46604 335862 933669 252778 101316 252778 897551
336018 46604 336018 933669 252778 101316 252778 897551
341951 46604 341951 933669 252778 101316 252778 897551
342612 46604 342612 933669 252778 101316 252778 897551
353700 46604 353700 933669 252778 101316 252778 897551
353700 46604 353700 933669 357691 101316 357691 897551
359339 46604 359339 933669 357691 101316 357691 897551
359339 46604 359339 933669 359602 101316 359602 897551
359339 46604 359339 933669 363505 101316 363505 897551
359339 46604 359339 933669 365037 101316 365037 897551
359339 46604 359339 933669 372609 101316 372609 897551
375850 46604 375850 933669 372609 101316 372609 897551
378037 46604 378037 933669 372609 101316 372609 897551
378037 46604 378037 933669 380814 101316 380814 897551
385167 46604 385167 933669 380814 101316 380814 897551
385167 46604 385167 933669 386016 101316 386016 897551
386601 46604 386601 933669 386016 101316 386016 897551
390910 46604 390910 933669 386016 101316 386016 897551
390910 46604 390910 933669 394587 101316 394587 897551
395572 46604 395572 933669 394587 101316 394587 897551
395572 46604 395572 933669 398122 101316 398122 897551
398159 46604 398159 933669 398122 101316 398122 897551
398159 46604 398159 933669 399728 101316 399728 897551
401147 46604 401147 933669 399728 101316 399728 897551
401147 46604 401147 933669 404118 101316 404118 897551
406658 46604 406658 933669 404118 101316 404118 897551
406658 46604 406658 933669 406879 101316 406879 897551
406658 46604 406658 933669 419780 101316 419780 897551
406658 46604 406658 933669 421804 101316 421804 897551
422269 46604 422269 933669 421804 101316 421804 897551
422269 46604 422269 933669 424166 101316 424166 897551
422269 46604 422269 933669 424894 101316 424894 897551
422269 46604 422269 933669 425254 101316 425254 897551
422269 46604 422269 933669 425311 101316 425311 897551
426325 46604 426325 933669 425311 101316 425311 897551
426325 46604 426325 933669 427522 101316 427522 897551
429023 46604 429023 933669 427522 101316 427522 897551
431481 46604 431481 933669 427522 101316 427522 897551
431481 46604 431481 933669 438431 101316 438431 897551
441119 46604 441119 933669 438431 101316 438431 897551
441119 46604 441119 933669 444661 101316 444661 897551
441119 46604 441119 933669 448214 101316 448214 897551
448516 46604 448516 933669 448214 101316 448214 897551
448516 46604 448516 933669 467596 101316 467596 897551
468331 46604 468331 933669 467596 101316 467596 897551
475967 46604 475967 933669 467596 101316 467596 897551
478002 46604 478002 933669 467596 101316 467596 897551
481302 46604 481302 933669 467596 101316 467596 897551
485278 46604 485278 933669 467596 101316 467596 897551
485555 46604 485555 933669 467596 101316 467596 897551
488555 46604 488555 933669 467596 101316 467596 897551
490854 46604 490854 933669 467596 101316 467596 897551
490945 46604 490945 933669 467596 101316 467596 897551
497125 46604 497125 933669 467596 101316 467596 897551
498594 46604 498594 933669 467596 101316 467596 897551
499562 46604 499562 933669 467596 101316 467596 897551
499562 46604 499562 933669 500139 101316 500139 897551
502311 46604 502311 933669 500139 101316 500139 897551
509579 46604 509579 933669 500139 101316 500139 897551
511291 46604 511291 933669 500139 101316 500139 897551
511291 46604 511291 933669 515824 101316 515824 897551
511291 46604 511291 933669 530186 101316 530186 897551
531363 46604 531363 933669 530186 101316 530186 897551
535967 46604 535967 933669 530186 101316 530186 897551
544727 46604 544727 933669 530186 101316 530186 897551
546238 46604 546238 933669 530186 101316 530186 897551
558586 46604 558586 933669 530186 101316 530186 897551
562817 46604 562817 933669 530186 101316 530186 897551
564751 46604 564751 933669 530186 101316 530186 897551
564751 46604 564751 933669 566157 101316 566157 897551
568743 46604 568743 933669 566157 101316 566157 897551
569923 46604 569923 933669 566157 101316 566157 897551
569923 46604 569923 933669 575165 101316 575165 897551
569923 46604 569923 933669 578096 101316 578096 897551
579254 46604 579254 933669 578096 101316 578096 897551
582103 46604 582103 933669 578096 101316 578096 897551
582452 46604 582452 933669 578096 101316 578096 897551
585406 46604 585406 933669 578096 101316 578096 897551
586041 46604 586041 933669 578096 101316 578096 897551
586041 46604 586041 933669 589205 101316 589205 897551
594457 46604 594457 933669 589205 101316 589205 897551
605995 46604 605995 933669 589205 101316 589205 897551
605995 46604 605995 933669 606158 101316 606158 897551
605995 46604 605995 933669 606814 101316 606814 897551
612898 46604 612898 933669 606814 101316 606814 897551
614688 46604 614688 933669 606814 101316 606814 897551
616149 46604 616149 933669 606814 101316 606814 897551
616149 46604 616149 933669 618680 101316 618680 897551
616149 46604 616149 933669 618804 101316 618804 897551
619850 46604 619850 933669 618804 101316 618804 897551
619850 46604 619850 933669 629558 101316 629558 897551
630167 46604 630167 933669 629558 101316 629558 897551
630167 46604 630167 933669 631385 101316 631385 897551
641074 46604 641074 933669 631385 101316 631385 897551
641074 46604 641074 933669 642942 101316 642942 897551
643653 46604 643653 933669 642942 101316 642942 897551
643789 46604 643789 933669 642942 101316 642942 897551
648452 46604 648452 933669 642942 101316 642942 897551
648452 46604 648452 933669 648981 101316 648981 897551
648452 46604 648452 933669 651255 101316 651255 897551
648452 46604 648452 933669 651724 101316 651724 897551
648452 46604 648452 933669 652718 101316 652718 897551
648452 46604 648452 933669 656206 101316 656206 897551
648452 46604 648452 933669 658206 101316 658206 897551
658366 46604 658366 933669 658206 101316 658206 897551
658384 46604 658384 933669 658206 101316 658206 897551
658384 46604 658384 933669 658999 101316 658999 897551
660743 46604 660743 933669 658999 101316 658999 897551
662400 46604 662400 933669 658999 101316 658999 897551
662400 46604 662400 933669 663959 101316 663959 897551
662400 46604 662400 933669 665540 101316 665540 897551
662400 46604 662400 933669 668370 101316 668370 897551
662400 46604 662400 933669 668739 101316 668739 897551
669485 46604 669485 933669 668739 101316 668739 897551
669485 46604 669485 933669 670208 101316 670208 897551
669485 46604 669485 933669 670495 101316 670495 897551
669485 46604 669485 933669 670558 101316 670558 897551
671308 46604 671308 933669 670558 101316 670558 897551
671308 46604 671308 933669 678158 101316 678158 897551
671308 46604 671308 933669 681614 101316 681614 897551
686265 46604 686265 933669 681614 101316 681614 897551
689576 46604 689576 933669 681614 101316 681614 897551
689576 46604 689576 933669 691257 101316 691257 897551
689576 46604 689576 933669 691681 101316 691681 897551
693787 46604 693787 933669 691681 101316 691681 897551
696127 46604 696127 933669 691681 101316 691681 897551
696127 46604 696127 933669 698061 101316 698061 897551
696127 46604 696127 933669 699416 101316 699416 897551
696127 46604 696127 933669 700005 101316 700005 897551
696127 46604 696127 933669 700579 101316 700579 897551
700934 46604 700934 933669 700579 101316 700579 897551
700934 46604 700934 933669 702096 101316 702096 897551
700934 46604 700934 933669 705493 101316 705493 897551
707848 46604 707848 933669 705493 101316 705493 897551
710616 46604 710616 933669 705493 101316 705493 897551
710616 46604 710616 933669 712515 101316 712515 897551
710616 46604 710616 933669 712738 101316 712738 897551
710616 46604 710616 933669 713931 101316 713931 897551
710616 46604 710616 933669 714170 101316 714170 897551
710616 46604 710616 933669 714713 101316 714713 897551
715247 46604 715247 933669 714713 101316 714713 897551
715247 46604 715247 933669 718441 101316 718441 897551
715247 46604 715247 933669 720127 101316 720127 897551
720505 46604 720505 933669 720127 101316 720127 897551
720787 46604 720787 933669 720127 101316 720127 897551
720787 46604 720787 933669 721003 101316 721003 897551
722958 46604 722958 933669 721003 101316 721003 897551
724043 46604 724043 933669 721003 101316 721003 897551
726658 46604 726658 933669 721003 101316 721003 897551
726658 46604 726658 933669 727057 101316 727057 897551
726658 46604 726658 933669 727556 101316 727556 897551
729102 46604 729102 933669 727556 101316 727556 897551
729102 46604 729102 933669 733663 101316 733663 897551
735495 46604 735495 933669 733663 101316 733663 897551
735495 46604 735495 933669 739465 101316 739465 897551
745620 46604 745620 933669 739465 101316 739465 897551
745620 46604 745620 933669 748337 101316 748337 897551
745620 46604 745620 933669 748757 101316 748757 897551
745620 46604 745620 933669 749675 101316 749675 897551
745620 46604 745620 933669 757107 101316 757107 897551
758790 46604 758790 933669 757107 101316 757107 897551
758790 46604 758790 933669 762750 101316 762750 897551
758790 46604 758790 933669 763950 101316 763950 897551
764451 46604 764451 933669 763950 101316 763950 897551
764768 46604 764768 933669 763950 101316 763950 897551
772272 46604 772272 933669 763950 101316 763950 897551
772272 46604 772272 933669 776351 101316 776351 897551
772272 46604 772272 933669 777950 101316 777950 897551
772272 46604 772272 933669 782026 101316 782026 897551
772272 46604 772272 933669 784961 101316 784961 897551
772272 46604 772272 933669 789017 101316 789017 897551
772272 46604 772272 933669 793763 101316 793763 897551
772272 46604 772272 933669 804824 101316 804824 897551
772272 46604 772272 933669 819286 101316 819286 897551
819994 46604 819994 933669 819286 101316 819286 897551
819994 46604 819994 933669 823616 101316 823616 897551
823636 46604 823636 933669 823616 101316 823616 897551
823636 46604 823636 933669 827714 101316 827714 897551
843128 46604 843128 933669 827714 101316 827714 897551
