236170 163974 236170 796859 145154 219944 145154 798466
236170 163974 236170 796859 145154 219944 145154 798466
236170 163974 236170 796859 145696 219944 145696 798466
236170 163974 236170 796859 168180 219944 168180 798466
236170 163974 236170 796859 172244 219944 172244 798466
236170 163974 236170 796859 180501 219944 180501 798466
236170 163974 236170 796859 184889 219944 184889 798466
236170 163974 236170 796859 195918 219944 195918 798466
236170 163974 236170 796859 199076 219944 199076 798466
236170 163974 236170 796859 203346 219944 203346 798466
236170 163974 236170 796859 207113 219944 207113 798466
236170 163974 236170 796859 214078 219944 214078 798466
236170 163974 236170 796859 226380 219944 226380 798466
236170 163974 236170 796859 229358 219944 229358 798466
243352 163974 243352 796859 229358 219944 229358 798466
244637 163974 244637 796859 229358 219944 229358 798466
244637 163974 244637 796859 248933 219944 248933 798466
252964 163974 252964 796859 248933 219944 248933 798466
252964 163974 252964 796859 262750 219944 262750 798466
252964 163974 252964 796859 266206 219944 266206 798466
252964 163974 252964 796859 266331 219944 266331 798466
252964 163974 252964 796859 272244 219944 272244 798466
274364 163974 274364 796859 272244 219944 272244 798466
275334 163974 275334 796859 272244 219944 272244 798466
275334 163974 275334 796859 275733 219944 275733 798466
275334 163974 275334 796859 277247 219944 277247 798466
281014 163974 281014 796859 277247 219944 277247 798466
282610 163974 282610 796859 277247 219944 277247 798466
286277 163974 286277 796859 277247 219944 277247 798466
286277 163974 286277 796859 289379 219944 289379 798466
293095 163974 293095 796859 289379 219944 289379 798466
297984 163974 297984 796859 289379 219944 289379 798466
305328 163974 305328 796859 289379 219944 289379 798466
305328 163974 305328 796859 308739 219944 308739 798466
313435 163974 313435 796859 308739 219944 308739 798466
314611 163974 314611 796859 308739 219944 308739 798466
316242 163974 316242 796859 308739 219944 308739 798466
321293 163974 321293 796859 308739 219944 308739 798466
352414 163974 352414 796859 308739 219944 308739 798466
357037 163974 357037 796859 308739 219944 308739 798466
357037 163974 357037 796859 366303 219944 366303 798466
369724 163974 369724 796859 366303 219944 366303 798466
378630 163974 378630 796859 366303 219944 366303 798466
378630 163974 378630 796859 382728 219944 382728 798466
383018 163974 383018 796859 382728 219944 382728 798466
391238 163974 391238 796859 382728 219944 382728 798466
391238 163974 391238 796859 395918 219944 395918 798466
396185 163974 396185 796859 395918 219944 395918 798466
396185 163974 396185 796859 401011 219944 401011 798466
409623 163974 409623 796859 401011 219944 401011 798466
411681 163974 411681 796859 401011 219944 401011 798466
416123 163974 416123 796859 401011 219944 401011 798466
416888 163974 416888 796859 401011 219944 401011 798466
417723 163974 417723 796859 401011 219944 401011 798466
420843 163974 420843 796859 401011 219944 401011 798466
421235 163974 421235 796859 401011 219944 401011 798466
421235 163974 421235 796859 421562 219944 421562 798466
427132 163974 427132 796859 421562 219944 421562 798466
427132 163974 427132 796859 433388 219944 433388 798466
435804 163974 435804 796859 433388 219944 433388 798466
438183 163974 438183 796859 433388 219944 433388 798466
440220 163974 440220 796859 433388 219944 433388 798466
440525 163974 440525 796859 433388 219944 433388 798466
440525 163974 440525 796859 442379 219944 442379 798466
440525 163974 440525 796859 445741 219944 445741 798466
446448 163974 446448 796859 445741 219944 445741 798466
446847 163974 446847 796859 445741 219944 445741 798466
447877 163974 447877 796859 445741 219944 445741 798466
448240 163974 448240 796859 445741 219944 445741 798466
448240 163974 448240 796859 450773 219944 450773 798466
450956 163974 450956 796859 450773 219944 450773 798466
452340 163974 452340 796859 450773 219944 450773 798466
452340 163974 452340 796859 452969 219944 452969 798466
452340 163974 452340 796859 452985 219944 452985 798466
455414 163974 455414 796859 452985 219944 452985 798466
461069 163974 461069 796859 452985 219944 452985 798466
461069 163974 461069 796859 462107 219944 462107 798466
463776 163974 463776 796859 462107 219944 462107 798466
469322 163974 469322 796859 462107 219944 462107 798466
476584 163974 476584 796859 462107 219944 462107 798466
476584 163974 476584 796859 476911 219944 476911 798466
476584 163974 476584 796859 477921 219944 477921 798466
476584 163974 476584 796859 484359 219944 484359 798466
476584 163974 476584 796859 484858 219944 484858 798466
485766 163974 485766 796859 484858 219944 484858 798466
485766 163974 485766 796859 487115 219944 487115 798466
485766 163974 485766 796859 489601 219944 489601 798466
490461 163974 490461 796859 489601 219944 489601 798466
490874 163974 490874 796859 489601 219944 489601 798466
490874 163974 490874 796859 495005 219944 495005 798466
490874 163974 490874 796859 500790 219944 500790 798466
490874 163974 490874 796859 500935 219944 500935 798466
505562 163974 505562 796859 500935 219944 500935 798466
505562 163974 505562 796859 507157 219944 507157 798466
507632 163974 507632 796859 507157 219944 507157 798466
507632 163974 507632 796859 509865 219944 509865 798466
520803 163974 520803 796859 509865 219944 509865 798466
529419 163974 529419 796859 509865 219944 509865 798466
529419 163974 529419 796859 536788 219944 536788 798466
529419 163974 529419 796859 537395 219944 537395 798466
529419 163974 529419 796859 542289 219944 542289 798466
542569 163974 542569 796859 542289 219944 542289 798466
542569 163974 542569 796859 543974 219944 543974 798466
545658 163974 545658 796859 543974 219944 543974 798466
550706 163974 550706 796859 543974 219944 543974 798466
556003 163974 556003 796859 543974 219944 543974 798466
559256 163974 559256 796859 543974 219944 543974 798466
559256 163974 559256 796859 560906 219944 560906 798466
559256 163974 559256 796859 564292 219944 564292 798466
559256 163974 559256 796859 564341 219944 564341 798466
559256 163974 559256 796859 565885 219944 565885 798466
571429 163974 571429 796859 565885 219944 565885 798466
589531 163974 589531 796859 565885 219944 565885 798466
589531 163974 589531 796859 592837 219944 592837 798466
589531 163974 589531 796859 596964 219944 596964 798466
589531 163974 589531 796859 597040 219944 597040 798466
589531 163974 589531 796859 612581 219944 612581 798466
612758 163974 612758 796859 612581 219944 612581 798466
617650 163974 617650 796859 612581 219944 612581 798466
617650 163974 617650 796859 627366 219944 627366 798466
628663 163974 628663 796859 627366 219944 627366 798466
628663 163974 628663 796859 629987 219944 629987 798466
628663 163974 628663 796859 631022 219944 631022 798466
631779 163974 631779 796859 631022 219944 631022 798466
631779 163974 631779 796859 634723 219944 634723 798466
631779 163974 631779 796859 634758 219944 634758 798466
634993 163974 634993 796859 634758 219944 634758 798466
634993 163974 634993 796859 642426 219944 642426 798466
644599 163974 644599 796859 642426 219944 642426 798466
646746 163974 646746 796859 642426 219944 642426 798466
647375 163974 647375 796859 642426 219944 642426 798466
647375 163974 647375 796859 650309 219944 650309 798466
647375 163974 647375 796859 650817 219944 650817 798466
655828 163974 655828 796859 650817 219944 650817 798466
656383 163974 656383 796859 650817 219944 650817 798466
656383 163974 656383 796859 665248 219944 665248 798466
656383 163974 656383 796859 666012 219944 666012 798466
656383 163974 656383 796859 667291 219944 667291 798466
656383 163974 656383 796859 671041 219944 671041 798466
656383 163974 656383 796859 671060 219944 671060 798466
656383 163974 656383 796859 672258 219944 672258 798466
673873 163974 673873 796859 672258 219944 672258 798466
675802 163974 675802 796859 672258 219944 672258 798466
682366 163974 682366 796859 672258 219944 672258 798466
682366 163974 682366 796859 682414 219944 682414 798466
682366 163974 682366 796859 682577 219944 682577 798466
683196 163974 683196 796859 682577 219944 682577 798466
684731 163974 684731 796859 682577 219944 682577 798466
684731 163974 684731 796859 689623 219944 689623 798466
690594 163974 690594 796859 689623 219944 689623 798466
690594 163974 690594 796859 690992 219944 690992 798466
692471 163974 692471 796859 690992 219944 690992 798466
694021 163974 694021 796859 690992 219944 690992 798466
694021 163974 694021 796859 694800 219944 694800 798466
694021 163974 694021 796859 695166 219944 695166 798466
694021 163974 694021 796859 695909 219944 695909 798466
694021 163974 694021 796859 697076 219944 697076 798466
694021 163974 694021 796859 698843 219944 698843 798466
699380 163974 699380 796859 698843 219944 698843 798466
699478 163974 699478 796859 698843 219944 698843 798466
699478 163974 699478 796859 700219 219944 700219 798466
699478 163974 699478 796859 701056 219944 701056 798466
699478 163974 699478 796859 701209 219944 701209 798466
702465 163974 702465 796859 701209 219944 701209 798466
702465 163974 702465 796859 703309 219944 703309 798466
702465 163974 702465 796859 704622 219944 704622 798466
702465 163974 702465 796859 706906 219944 706906 798466
702465 163974 702465 796859 707268 219944 707268 798466
708410 163974 708410 796859 707268 219944 707268 798466
708410 163974 708410 796859 709506 219944 709506 798466
708410 163974 708410 796859 711842 219944 711842 798466
713117 163974 713117 796859 711842 219944 711842 798466
714991 163974 714991 796859 711842 219944 711842 798466
714991 163974 714991 796859 718015 219944 718015 798466
718702 163974 718702 796859 718015 219944 718015 798466
719053 163974 719053 796859 718015 219944 718015 798466
719053 163974 719053 796859 719506 219944 719506 798466
720244 163974 720244 796859 719506 219944 719506 798466
723156 163974 723156 796859 719506 219944 719506 798466
736450 163974 736450 796859 719506 219944 719506 798466
737748 163974 737748 796859 719506 219944 719506 798466
739881 163974 739881 796859 719506 219944 719506 798466
741487 163974 741487 796859 719506 219944 719506 798466
741487 163974 741487 796859 750261 219944 750261 798466
752888 163974 752888 796859 750261 219944 750261 798466
759463 163974 759463 796859 750261 219944 750261 798466
759463 163974 759463 796859 763881 219944 763881 798466
759463 163974 759463 796859 764355 219944 764355 798466
765679 163974 765679 796859 764355 219944 764355 798466
765679 163974 765679 796859 766814 219944 766814 798466
768254 163974 768254 796859 766814 219944 766814 798466
768987 163974 768987 796859 766814 219944 766814 798466
768987 163974 768987 796859 772941 219944 772941 798466
768987 163974 768987 796859 775283 219944 775283 798466
768987 163974 768987 796859 786717 219944 786717 798466
768987 163974 768987 796859 812211 219944 812211 798466
812308 163974 812308 796859 812211 219944 812211 798466
818825 163974 818825 796859 812211 219944 812211 798466
833039 163974 833039 796859 812211 219944 812211 798466
833039 163974 833039 796859 836264 219944 836264 798466
