174344 122275 174344 887065 200872 128727 200872 810245
174344 122275 174344 887065 200872 128727 200872 810245
177477 122275 177477 887065 200872 128727 200872 810245
185167 122275 185167 887065 200872 128727 200872 810245
190005 122275 190005 887065 200872 128727 200872 810245
198838 122275 198838 887065 200872 128727 200872 810245
199155 122275 199155 887065 200872 128727 200872 810245
205579 122275 205579 887065 200872 128727 200872 810245
206027 122275 206027 887065 200872 128727 200872 810245
217603 122275 217603 887065 200872 128727 200872 810245
223097 122275 223097 887065 200872 128727 200872 810245
225130 122275 225130 887065 200872 128727 200872 810245
225997 122275 225997 887065 200872 128727 200872 810245
229130 122275 229130 887065 200872 128727 200872 810245
229130 122275 229130 887065 235007 128727 235007 810245
236660 122275 236660 887065 235007 128727 235007 810245
242302 122275 242302 887065 235007 128727 235007 810245
242302 122275 242302 887065 244304 128727 244304 810245
242302 122275 242302 887065 245362 128727 245362 810245
242302 122275 242302 887065 248924 128727 248924 810245
249388 122275 249388 887065 248924 128727 248924 810245
249961 122275 249961 887065 248924 128727 248924 810245
252647 122275 252647 887065 248924 128727 248924 810245
252647 122275 252647 887065 252780 128727 252780 810245
252647 122275 252647 887065 253118 128727 253118 810245
252647 122275 252647 887065 256992 128727 256992 810245
252647 122275 252647 887065 261145 128727 261145 810245
263644 122275 263644 887065 261145 128727 261145 810245
263973 122275 263973 887065 261145 128727 261145 810245
264650 122275 264650 887065 261145 128727 261145 810245
266325 122275 266325 887065 261145 128727 261145 810245
267813 122275 267813 887065 261145 128727 261145 810245
268442 122275 268442 887065 261145 128727 261145 810245
269913 122275 269913 887065 261145 128727 261145 810245
270823 122275 270823 887065 261145 128727 261145 810245
272063 122275 272063 887065 261145 128727 261145 810245
274111 122275 274111 887065 261145 128727 261145 810245
275477 122275 275477 887065 261145 128727 261145 810245
275477 122275 275477 887065 275754 128727 275754 810245
275770 122275 275770 887065 275754 128727 275754 810245
276223 122275 276223 887065 275754 128727 275754 810245
276349 122275 276349 887065 275754 128727 275754 810245
278499 122275 278499 887065 275754 128727 275754 810245
279340 122275 279340 887065 275754 128727 275754 810245
280173 122275 280173 887065 275754 128727 275754 810245
284244 122275 284244 887065 275754 128727 275754 810245
284244 122275 284244 887065 284865 128727 284865 810245
290374 122275 290374 887065 284865 128727 284865 810245
291414 122275 291414 887065 284865 128727 284865 810245
291414 122275 291414 887065 299262 128727 299262 810245
301605 122275 301605 887065 299262 128727 299262 810245
302734 122275 302734 887065 299262 128727 299262 810245
302734 122275 302734 887065 303438 128727 303438 810245
305129 122275 305129 887065 303438 128727 303438 810245
305961 122275 305961 887065 303438 128727 303438 810245
305961 122275 305961 887065 309893 128727 309893 810245
311644 122275 311644 887065 309893 128727 309893 810245
314902 122275 314902 887065 309893 128727 309893 810245
317674 122275 317674 887065 309893 128727 309893 810245
323165 122275 323165 887065 309893 128727 309893 810245
323339 122275 323339 887065 309893 128727 309893 810245
323339 122275 323339 887065 330858 128727 330858 810245
332523 122275 332523 887065 330858 128727 330858 810245
332523 122275 332523 887065 334598 128727 334598 810245
332523 122275 332523 887065 336068 128727 336068 810245
332523 122275 332523 887065 336783 128727 336783 810245
332523 122275 332523 887065 340600 128727 340600 810245
332523 122275 332523 887065 341520 128727 341520 810245
332523 122275 332523 887065 344899 128727 344899 810245
347078 122275 347078 887065 344899 128727 344899 810245
347078 122275 347078 887065 349571 128727 349571 810245
347078 122275 347078 887065 350463 128727 350463 810245
351208 122275 351208 887065 350463 128727 350463 810245
351208 122275 351208 887065 355062 128727 355062 810245
351208 122275 351208 887065 358024 128727 358024 810245
360626 122275 360626 887065 358024 128727 358024 810245
361044 122275 361044 887065 358024 128727 358024 810245
366889 122275 366889 887065 358024 128727 358024 810245
366889 122275 366889 887065 374455 128727 374455 810245
366889 122275 366889 887065 377704 128727 377704 810245
378627 122275 378627 887065 377704 128727 377704 810245
380096 122275 380096 887065 377704 128727 377704 810245
380096 122275 380096 887065 381298 128727 381298 810245
382878 122275 382878 887065 381298 128727 381298 810245
382878 122275 382878 887065 386665 128727 386665 810245
382878 122275 382878 887065 388884 128727 388884 810245
382878 122275 382878 887065 397293 128727 397293 810245
382878 122275 382878 887065 398882 128727 398882 810245
382878 122275 382878 887065 400375 128727 400375 810245
382878 122275 382878 887065 401129 128727 401129 810245
382878 122275 382878 887065 403388 128727 403388 810245
382878 122275 382878 887065 407786 128727 407786 810245
382878 122275 382878 887065 409739 128727 409739 810245
382878 122275 382878 887065 416885 128727 416885 810245
382878 122275 382878 887065 421620 128727 421620 810245
426098 122275 426098 887065 421620 128727 421620 810245
434085 122275 434085 887065 421620 128727 421620 810245
434085 122275 434085 887065 438847 128727 438847 810245
444689 122275 444689 887065 438847 128727 438847 810245
446168 122275 446168 887065 438847 128727 438847 810245
451244 122275 451244 887065 438847 128727 438847 810245
467752 122275 467752 887065 438847 128727 438847 810245
470811 122275 470811 887065 438847 128727 438847 810245
472537 122275 472537 887065 438847 128727 438847 810245
472537 122275 472537 887065 477766 128727 477766 810245
481396 122275 481396 887065 477766 128727 477766 810245
484536 122275 484536 887065 477766 128727 477766 810245
492343 122275 492343 887065 477766 128727 477766 810245
498756 122275 498756 887065 477766 128727 477766 810245
498756 122275 498756 887065 505449 128727 505449 810245
498756 122275 498756 887065 510015 128727 510015 810245
512689 122275 512689 887065 510015 128727 510015 810245
513248 122275 513248 887065 510015 128727 510015 810245
517807 122275 517807 887065 510015 128727 510015 810245
517867 122275 517867 887065 510015 128727 510015 810245
522320 122275 522320 887065 510015 128727 510015 810245
524894 122275 524894 887065 510015 128727 510015 810245
524933 122275 524933 887065 510015 128727 510015 810245
529049 122275 529049 887065 510015 128727 510015 810245
529563 122275 529563 887065 510015 128727 510015 810245
532679 122275 532679 887065 510015 128727 510015 810245
534056 122275 534056 887065 510015 128727 510015 810245
534056 122275 534056 887065 539726 128727 539726 810245
544537 122275 544537 887065 539726 128727 539726 810245
549684 122275 549684 887065 539726 128727 539726 810245
551576 122275 551576 887065 539726 128727 539726 810245
551576 122275 551576 887065 552678 128727 552678 810245
553637 122275 553637 887065 552678 128727 552678 810245
559764 122275 559764 887065 552678 128727 552678 810245
567108 122275 567108 887065 552678 128727 552678 810245
573595 122275 573595 887065 552678 128727 552678 810245
577760 122275 577760 887065 552678 128727 552678 810245
578367 122275 578367 887065 552678 128727 552678 810245
582178 122275 582178 887065 552678 128727 552678 810245
585363 122275 585363 887065 552678 128727 552678 810245
589142 122275 589142 887065 552678 128727 552678 810245
596936 122275 596936 887065 552678 128727 552678 810245
601651 122275 601651 887065 552678 128727 552678 810245
601651 122275 601651 887065 618508 128727 618508 810245
618747 122275 618747 887065 618508 128727 618508 810245
620382 122275 620382 887065 618508 128727 618508 810245
628102 122275 628102 887065 618508 128727 618508 810245
628102 122275 628102 887065 648145 128727 648145 810245
628102 122275 628102 887065 657591 128727 657591 810245
628102 122275 628102 887065 659879 128727 659879 810245
628102 122275 628102 887065 662053 128727 662053 810245
628102 122275 628102 887065 667181 128727 667181 810245
671696 122275 671696 887065 667181 128727 667181 810245
671696 122275 671696 887065 674134 128727 674134 810245
676863 122275 676863 887065 674134 128727 674134 810245
676863 122275 676863 887065 682197 128727 682197 810245
676863 122275 676863 887065 691483 128727 691483 810245
676863 122275 676863 887065 700103 128727 700103 810245
676863 122275 676863 887065 702591 128727 702591 810245
709388 122275 709388 887065 702591 128727 702591 810245
709388 122275 709388 887065 710539 128727 710539 810245
709388 122275 709388 887065 712777 128727 712777 810245
709388 122275 709388 887065 715279 128727 715279 810245
709388 122275 709388 887065 716702 128727 716702 810245
709388 122275 709388 887065 716986 128727 716986 810245
709388 122275 709388 887065 717681 128727 717681 810245
709388 122275 709388 887065 736962 128727 736962 810245
709388 122275 709388 887065 737758 128727 737758 810245
709388 122275 709388 887065 739799 128727 739799 810245
709388 122275 709388 887065 749523 128727 749523 810245
709388 122275 709388 887065 749568 128727 749568 810245
709388 122275 709388 887065 750276 128727 750276 810245
709388 122275 709388 887065 751536 128727 751536 810245
709388 122275 709388 887065 752231 128727 752231 810245
709388 122275 709388 887065 755867 128727 755867 810245
709388 122275 709388 887065 756429 128727 756429 810245
709388 122275 709388 887065 756969 128727 756969 810245
709388 122275 709388 887065 758483 128727 758483 810245
709388 122275 709388 887065 759817 128727 759817 810245
709388 122275 709388 887065 763972 128727 763972 810245
709388 122275 709388 887065 767333 128727 767333 810245
709388 122275 709388 887065 775718 128727 775718 810245
709388 122275 709388 887065 779834 128727 779834 810245
709388 122275 709388 887065 780425 128727 780425 810245
709388 122275 709388 887065 780701 128727 780701 810245
709388 122275 709388 887065 782624 128727 782624 810245
709388 122275 709388 887065 793229 128727 793229 810245
709388 122275 709388 887065 798932 128727 798932 810245
709388 122275 709388 887065 801818 128727 801818 810245
709388 122275 709388 887065 805643 128727 805643 810245
709388 122275 709388 887065 811527 128727 811527 810245
815357 122275 815357 887065 811527 128727 811527 810245
815357 122275 815357 887065 815713 128727 815713 810245
815357 122275 815357 887065 817101 128727 817101 810245
815357 122275 815357 887065 821936 128727 821936 810245
815357 122275 815357 887065 824655 128727 824655 810245
815357 122275 815357 887065 825198 128727 825198 810245
815357 122275 815357 887065 828144 128727 828144 810245
815357 122275 815357 887065 830633 128727 830633 810245
815357 122275 815357 887065 837415 128727 837415 810245
815357 122275 815357 887065 842785 128727 842785 810245
815357 122275 815357 887065 871769 128727 871769 810245
815357 122275 815357 887065 889111 128727 889111 810245
815357 122275 815357 887065 898269 128727 898269 810245
815357 122275 815357 887065 914949 128727 914949 810245
