35241 103405 35241 850718 212419 314093 212419 840995
35241 103405 35241 850718 212419 314093 212419 840995
148428 103405 148428 850718 212419 314093 212419 840995
150687 103405 150687 850718 212419 314093 212419 840995
151804 103405 151804 850718 212419 314093 212419 840995
158581 103405 158581 850718 212419 314093 212419 840995
160637 103405 160637 850718 212419 314093 212419 840995
173426 103405 173426 850718 212419 314093 212419 840995
182908 103405 182908 850718 212419 314093 212419 840995
185200 103405 185200 850718 212419 314093 212419 840995
186906 103405 186906 850718 212419 314093 212419 840995
195853 103405 195853 850718 212419 314093 212419 840995
200966 103405 200966 850718 212419 314093 212419 840995
202700 103405 202700 850718 212419 314093 212419 840995
203907 103405 203907 850718 212419 314093 212419 840995
205054 103405 205054 850718 212419 314093 212419 840995
205388 103405 205388 850718 212419 314093 212419 840995
206596 103405 206596 850718 212419 314093 212419 840995
209595 103405 209595 850718 212419 314093 212419 840995
224396 103405 224396 850718 212419 314093 212419 840995
227581 103405 227581 850718 212419 314093 212419 840995
228357 103405 228357 850718 212419 314093 212419 840995
236200 103405 236200 850718 212419 314093 212419 840995
236890 103405 236890 850718 212419 314093 212419 840995
239992 103405 239992 850718 212419 314093 212419 840995
242228 103405 242228 850718 212419 314093 212419 840995
246687 103405 246687 850718 212419 314093 212419 840995
246687 103405 246687 850718 248606 314093 248606 840995
248614 103405 248614 850718 248606 314093 248606 840995
252407 103405 252407 850718 248606 314093 248606 840995
252528 103405 252528 850718 248606 314093 248606 840995
252555 103405 252555 850718 248606 314093 248606 840995
269151 103405 269151 850718 248606 314093 248606 840995
276388 103405 276388 850718 248606 314093 248606 840995
280651 103405 280651 850718 248606 314093 248606 840995
281477 103405 281477 850718 248606 314093 248606 840995
281626 103405 281626 850718 248606 314093 248606 840995
288443 103405 288443 850718 248606 314093 248606 840995
294287 103405 294287 850718 248606 314093 248606 840995
295343 103405 295343 850718 248606 314093 248606 840995
295343 103405 295343 850718 297749 314093 297749 840995
297860 103405 297860 850718 297749 314093 297749 840995
298769 103405 298769 850718 297749 314093 297749 840995
301724 103405 301724 850718 297749 314093 297749 840995
301724 103405 301724 850718 302264 314093 302264 840995
301724 103405 301724 850718 304261 314093 304261 840995
301724 103405 301724 850718 313991 314093 313991 840995
317030 103405 317030 850718 313991 314093 313991 840995
317030 103405 317030 850718 344149 314093 344149 840995
317030 103405 317030 850718 346342 314093 346342 840995
347024 103405 347024 850718 346342 314093 346342 840995
347024 103405 347024 850718 358574 314093 358574 840995
347024 103405 347024 850718 358599 314093 358599 840995
360772 103405 360772 850718 358599 314093 358599 840995
360772 103405 360772 850718 365276 314093 365276 840995
360772 103405 360772 850718 370428 314093 370428 840995
360772 103405 360772 850718 379839 314093 379839 840995
360772 103405 360772 850718 381325 314093 381325 840995
382881 103405 382881 850718 381325 314093 381325 840995
382881 103405 382881 850718 386474 314093 386474 840995
382881 103405 382881 850718 398922 314093 398922 840995
382881 103405 382881 850718 400810 314093 400810 840995
382881 103405 382881 850718 403913 314093 403913 840995
382881 103405 382881 850718 407687 314093 407687 840995
382881 103405 382881 850718 412835 314093 412835 840995
382881 103405 382881 850718 422309 314093 422309 840995
382881 103405 382881 850718 428936 314093 428936 840995
382881 103405 382881 850718 430589 314093 430589 840995
382881 103405 382881 850718 449277 314093 449277 840995
382881 103405 382881 850718 449540 314093 449540 840995
452145 103405 452145 850718 449540 314093 449540 840995
452145 103405 452145 850718 454669 314093 454669 840995
452145 103405 452145 850718 457056 314093 457056 840995
452145 103405 452145 850718 459732 314093 459732 840995
452145 103405 452145 850718 463695 314093 463695 840995
452145 103405 452145 850718 473267 314093 473267 840995
452145 103405 452145 850718 475406 314093 475406 840995
452145 103405 452145 850718 478515 314093 478515 840995
452145 103405 452145 850718 493366 314093 493366 840995
452145 103405 452145 850718 498591 314093 498591 840995
452145 103405 452145 850718 499693 314093 499693 840995
452145 103405 452145 850718 516982 314093 516982 840995
520196 103405 520196 850718 516982 314093 516982 840995
524554 103405 524554 850718 516982 314093 516982 840995
524554 103405 524554 850718 532383 314093 532383 840995
524554 103405 524554 850718 538504 314093 538504 840995
524554 103405 524554 850718 544906 314093 544906 840995
524554 103405 524554 850718 545010 314093 545010 840995
548656 103405 548656 850718 545010 314093 545010 840995
550883 103405 550883 850718 545010 314093 545010 840995
550883 103405 550883 850718 552057 314093 552057 840995
550883 103405 550883 850718 554291 314093 554291 840995
550883 103405 550883 850718 559286 314093 559286 840995
550883 103405 550883 850718 559730 314093 559730 840995
550883 103405 550883 850718 560135 314093 560135 840995
550883 103405 550883 850718 563472 314093 563472 840995
564344 103405 564344 850718 563472 314093 563472 840995
564344 103405 564344 850718 568221 314093 568221 840995
564344 103405 564344 850718 573731 314093 573731 840995
576034 103405 576034 850718 573731 314093 573731 840995
576034 103405 576034 850718 577190 314093 577190 840995
578626 103405 578626 850718 577190 314093 577190 840995
578626 103405 578626 850718 579515 314093 579515 840995
578626 103405 578626 850718 581324 314093 581324 840995
578626 103405 578626 850718 581456 314093 581456 840995
578626 103405 578626 850718 583087 314093 583087 840995
578626 103405 578626 850718 583932 314093 583932 840995
578626 103405 578626 850718 585033 314093 585033 840995
585539 103405 585539 850718 585033 314093 585033 840995
588221 103405 588221 850718 585033 314093 585033 840995
589949 103405 589949 850718 585033 314093 585033 840995
590824 103405 590824 850718 585033 314093 585033 840995
590824 103405 590824 850718 592359 314093 592359 840995
593314 103405 593314 850718 592359 314093 592359 840995
593314 103405 593314 850718 594135 314093 594135 840995
593314 103405 593314 850718 597875 314093 597875 840995
593314 103405 593314 850718 600880 314093 600880 840995
593314 103405 593314 850718 601120 314093 601120 840995
604260 103405 604260 850718 601120 314093 601120 840995
604260 103405 604260 850718 606083 314093 606083 840995
604260 103405 604260 850718 606151 314093 606151 840995
604260 103405 604260 850718 607016 314093 607016 840995
604260 103405 604260 850718 610494 314093 610494 840995
604260 103405 604260 850718 610771 314093 610771 840995
604260 103405 604260 850718 613466 314093 613466 840995
604260 103405 604260 850718 615642 314093 615642 840995
604260 103405 604260 850718 622002 314093 622002 840995
604260 103405 604260 850718 625357 314093 625357 840995
627465 103405 627465 850718 625357 314093 625357 840995
627465 103405 627465 850718 628754 314093 628754 840995
627465 103405 627465 850718 636524 314093 636524 840995
627465 103405 627465 850718 636794 314093 636794 840995
627465 103405 627465 850718 638149 314093 638149 840995
638501 103405 638501 850718 638149 314093 638149 840995
639868 103405 639868 850718 638149 314093 638149 840995
640949 103405 640949 850718 638149 314093 638149 840995
641034 103405 641034 850718 638149 314093 638149 840995
641370 103405 641370 850718 638149 314093 638149 840995
645048 103405 645048 850718 638149 314093 638149 840995
645048 103405 645048 850718 648778 314093 648778 840995
645048 103405 645048 850718 648859 314093 648859 840995
645048 103405 645048 850718 648918 314093 648918 840995
650426 103405 650426 850718 648918 314093 648918 840995
657506 103405 657506 850718 648918 314093 648918 840995
659084 103405 659084 850718 648918 314093 648918 840995
659084 103405 659084 850718 659229 314093 659229 840995
660197 103405 660197 850718 659229 314093 659229 840995
663454 103405 663454 850718 659229 314093 659229 840995
664726 103405 664726 850718 659229 314093 659229 840995
664726 103405 664726 850718 670387 314093 670387 840995
671781 103405 671781 850718 670387 314093 670387 840995
672606 103405 672606 850718 670387 314093 670387 840995
673456 103405 673456 850718 670387 314093 670387 840995
673456 103405 673456 850718 676313 314093 676313 840995
678086 103405 678086 850718 676313 314093 676313 840995
678086 103405 678086 850718 678848 314093 678848 840995
678086 103405 678086 850718 680033 314093 680033 840995
681968 103405 681968 850718 680033 314093 680033 840995
683650 103405 683650 850718 680033 314093 680033 840995
684287 103405 684287 850718 680033 314093 680033 840995
686040 103405 686040 850718 680033 314093 680033 840995
690110 103405 690110 850718 680033 314093 680033 840995
690110 103405 690110 850718 690981 314093 690981 840995
693009 103405 693009 850718 690981 314093 690981 840995
693009 103405 693009 850718 693331 314093 693331 840995
694062 103405 694062 850718 693331 314093 693331 840995
694351 103405 694351 850718 693331 314093 693331 840995
694351 103405 694351 850718 697822 314093 697822 840995
694351 103405 694351 850718 699170 314093 699170 840995
694351 103405 694351 850718 699725 314093 699725 840995
703588 103405 703588 850718 699725 314093 699725 840995
703588 103405 703588 850718 705964 314093 705964 840995
703588 103405 703588 850718 707013 314093 707013 840995
703588 103405 703588 850718 707545 314093 707545 840995
710418 103405 710418 850718 707545 314093 707545 840995
710418 103405 710418 850718 710889 314093 710889 840995
710418 103405 710418 850718 711256 314093 711256 840995
710418 103405 710418 850718 716875 314093 716875 840995
719006 103405 719006 850718 716875 314093 716875 840995
719006 103405 719006 850718 721642 314093 721642 840995
719006 103405 719006 850718 721789 314093 721789 840995
725415 103405 725415 850718 721789 314093 721789 840995
725419 103405 725419 850718 721789 314093 721789 840995
726827 103405 726827 850718 721789 314093 721789 840995
726827 103405 726827 850718 731488 314093 731488 840995
726827 103405 726827 850718 731560 314093 731560 840995
734006 103405 734006 850718 731560 314093 731560 840995
740188 103405 740188 850718 731560 314093 731560 840995
740188 103405 740188 850718 741815 314093 741815 840995
740188 103405 740188 850718 745002 314093 745002 840995
745789 103405 745789 850718 745002 314093 745002 840995
745789 103405 745789 850718 751314 314093 751314 840995
751981 103405 751981 850718 751314 314093 751314 840995
751981 103405 751981 850718 764796 314093 764796 840995
769705 103405 769705 850718 764796 314093 764796 840995
770773 103405 770773 850718 764796 314093 764796 840995
793774 103405 793774 850718 764796 314093 764796 840995
811591 103405 811591 850718 764796 314093 764796 840995
829554 103405 829554 850718 764796 314093 764796 840995
866162 103405 866162 850718 764796 314093 764796 840995
