153658 184682 153658 800749 185687 228828 185687 849677
153658 184682 153658 800749 185687 228828 185687 849677
167199 184682 167199 800749 185687 228828 185687 849677
182645 184682 182645 800749 185687 228828 185687 849677
208867 184682 208867 800749 185687 228828 185687 849677
208867 184682 208867 800749 225085 228828 225085 849677
208867 184682 208867 800749 227537 228828 227537 849677
208867 184682 208867 800749 229533 228828 229533 849677
208867 184682 208867 800749 239041 228828 239041 849677
208867 184682 208867 800749 241736 228828 241736 849677
208867 184682 208867 800749 248132 228828 248132 849677
208867 184682 208867 800749 248983 228828 248983 849677
208867 184682 208867 800749 250413 228828 250413 849677
208867 184682 208867 800749 250608 228828 250608 849677
253044 184682 253044 800749 250608 228828 250608 849677
253044 184682 253044 800749 266702 228828 266702 849677
253044 184682 253044 800749 268993 228828 268993 849677
278045 184682 278045 800749 268993 228828 268993 849677
278045 184682 278045 800749 280766 228828 280766 849677
278045 184682 278045 800749 282164 228828 282164 849677
278045 184682 278045 800749 282410 228828 282410 849677
278045 184682 278045 800749 283657 228828 283657 849677
278045 184682 278045 800749 285829 228828 285829 849677
299956 184682 299956 800749 285829 228828 285829 849677
299956 184682 299956 800749 300075 228828 300075 849677
300208 184682 300208 800749 300075 228828 300075 849677
300208 184682 300208 800749 304441 228828 304441 849677
313255 184682 313255 800749 304441 228828 304441 849677
313255 184682 313255 800749 316712 228828 316712 849677
313255 184682 313255 800749 317665 228828 317665 849677
313255 184682 313255 800749 319549 228828 319549 849677
319631 184682 319631 800749 319549 228828 319549 849677
319631 184682 319631 800749 320769 228828 320769 849677
319631 184682 319631 800749 328096 228828 328096 849677
338684 184682 338684 800749 328096 228828 328096 849677
338684 184682 338684 800749 341017 228828 341017 849677
343740 184682 343740 800749 341017 228828 341017 849677
343740 184682 343740 800749 344021 228828 344021 849677
343740 184682 343740 800749 345437 228828 345437 849677
343740 184682 343740 800749 345673 228828 345673 849677
343740 184682 343740 800749 347538 228828 347538 849677
343740 184682 343740 800749 349950 228828 349950 849677
343740 184682 343740 800749 353904 228828 353904 849677
343740 184682 343740 800749 355842 228828 355842 849677
343740 184682 343740 800749 358246 228828 358246 849677
343740 184682 343740 800749 359822 228828 359822 849677
343740 184682 343740 800749 360342 228828 360342 849677
343740 184682 343740 800749 360658 228828 360658 849677
343740 184682 343740 800749 361500 228828 361500 849677
343740 184682 343740 800749 366013 228828 366013 849677
368652 184682 368652 800749 366013 228828 366013 849677
368652 184682 368652 800749 368978 228828 368978 849677
370161 184682 370161 800749 368978 228828 368978 849677
370161 184682 370161 800749 374449 228828 374449 849677
370161 184682 370161 800749 380790 228828 380790 849677
370161 184682 370161 800749 382476 228828 382476 849677
370161 184682 370161 800749 384173 228828 384173 849677
370161 184682 370161 800749 386114 228828 386114 849677
370161 184682 370161 800749 386902 228828 386902 849677
370161 184682 370161 800749 388455 228828 388455 849677
370161 184682 370161 800749 389324 228828 389324 849677
391569 184682 391569 800749 389324 228828 389324 849677
391569 184682 391569 800749 395613 228828 395613 849677
391569 184682 391569 800749 395806 228828 395806 849677
391569 184682 391569 800749 397316 228828 397316 849677
391569 184682 391569 800749 405193 228828 405193 849677
405337 184682 405337 800749 405193 228828 405193 849677
405337 184682 405337 800749 421459 228828 421459 849677
405337 184682 405337 800749 424782 228828 424782 849677
405337 184682 405337 800749 425378 228828 425378 849677
405337 184682 405337 800749 428706 228828 428706 849677
405337 184682 405337 800749 435557 228828 435557 849677
405337 184682 405337 800749 435975 228828 435975 849677
405337 184682 405337 800749 441922 228828 441922 849677
405337 184682 405337 800749 442184 228828 442184 849677
442978 184682 442978 800749 442184 228828 442184 849677
442978 184682 442978 800749 446891 228828 446891 849677
442978 184682 442978 800749 449448 228828 449448 849677
442978 184682 442978 800749 453100 228828 453100 849677
442978 184682 442978 800749 458305 228828 458305 849677
442978 184682 442978 800749 460458 228828 460458 849677
442978 184682 442978 800749 462970 228828 462970 849677
442978 184682 442978 800749 466671 228828 466671 849677
442978 184682 442978 800749 467348 228828 467348 849677
442978 184682 442978 800749 468898 228828 468898 849677
442978 184682 442978 800749 471074 228828 471074 849677
442978 184682 442978 800749 477803 228828 477803 849677
442978 184682 442978 800749 486570 228828 486570 849677
442978 184682 442978 800749 486575 228828 486575 849677
442978 184682 442978 800749 489074 228828 489074 849677
442978 184682 442978 800749 491684 228828 491684 849677
442978 184682 442978 800749 492111 228828 492111 849677
442978 184682 442978 800749 498561 228828 498561 849677
442978 184682 442978 800749 509400 228828 509400 849677
442978 184682 442978 800749 512723 228828 512723 849677
442978 184682 442978 800749 520397 228828 520397 849677
442978 184682 442978 800749 520928 228828 520928 849677
442978 184682 442978 800749 522413 228828 522413 849677
442978 184682 442978 800749 524142 228828 524142 849677
442978 184682 442978 800749 524160 228828 524160 849677
442978 184682 442978 800749 524499 228828 524499 849677
442978 184682 442978 800749 527351 228828 527351 849677
442978 184682 442978 800749 529831 228828 529831 849677
442978 184682 442978 800749 542616 228828 542616 849677
442978 184682 442978 800749 554818 228828 554818 849677
559422 184682 559422 800749 554818 228828 554818 849677
559422 184682 559422 800749 563880 228828 563880 849677
559422 184682 559422 800749 565191 228828 565191 849677
559422 184682 559422 800749 575015 228828 575015 849677
576376 184682 576376 800749 575015 228828 575015 849677
578301 184682 578301 800749 575015 228828 575015 849677
579383 184682 579383 800749 575015 228828 575015 849677
586780 184682 586780 800749 575015 228828 575015 849677
588935 184682 588935 800749 575015 228828 575015 849677
591052 184682 591052 800749 575015 228828 575015 849677
593840 184682 593840 800749 575015 228828 575015 849677
599666 184682 599666 800749 575015 228828 575015 849677
603380 184682 603380 800749 575015 228828 575015 849677
606000 184682 606000 800749 575015 228828 575015 849677
606000 184682 606000 800749 607294 228828 607294 849677
606000 184682 606000 800749 617307 228828 617307 849677
606000 184682 606000 800749 621040 228828 621040 849677
606000 184682 606000 800749 622124 228828 622124 849677
623597 184682 623597 800749 622124 228828 622124 849677
625804 184682 625804 800749 622124 228828 622124 849677
631291 184682 631291 800749 622124 228828 622124 849677
632564 184682 632564 800749 622124 228828 622124 849677
637091 184682 637091 800749 622124 228828 622124 849677
637416 184682 637416 800749 622124 228828 622124 849677
641153 184682 641153 800749 622124 228828 622124 849677
644210 184682 644210 800749 622124 228828 622124 849677
645577 184682 645577 800749 622124 228828 622124 849677
655568 184682 655568 800749 622124 228828 622124 849677
656828 184682 656828 800749 622124 228828 622124 849677
656828 184682 656828 800749 658061 228828 658061 849677
659749 184682 659749 800749 658061 228828 658061 849677
659749 184682 659749 800749 661496 228828 661496 849677
663094 184682 663094 800749 661496 228828 661496 849677
665286 184682 665286 800749 661496 228828 661496 849677
668187 184682 668187 800749 661496 228828 661496 849677
669195 184682 669195 800749 661496 228828 661496 849677
669532 184682 669532 800749 661496 228828 661496 849677
669758 184682 669758 800749 661496 228828 661496 849677
670920 184682 670920 800749 661496 228828 661496 849677
671187 184682 671187 800749 661496 228828 661496 849677
674726 184682 674726 800749 661496 228828 661496 849677
677611 184682 677611 800749 661496 228828 661496 849677
678202 184682 678202 800749 661496 228828 661496 849677
678508 184682 678508 800749 661496 228828 661496 849677
680841 184682 680841 800749 661496 228828 661496 849677
686963 184682 686963 800749 661496 228828 661496 849677
687833 184682 687833 800749 661496 228828 661496 849677
687928 184682 687928 800749 661496 228828 661496 849677
688922 184682 688922 800749 661496 228828 661496 849677
689522 184682 689522 800749 661496 228828 661496 849677
690522 184682 690522 800749 661496 228828 661496 849677
694131 184682 694131 800749 661496 228828 661496 849677
695527 184682 695527 800749 661496 228828 661496 849677
697072 184682 697072 800749 661496 228828 661496 849677
700746 184682 700746 800749 661496 228828 661496 849677
700800 184682 700800 800749 661496 228828 661496 849677
707454 184682 707454 800749 661496 228828 661496 849677
709281 184682 709281 800749 661496 228828 661496 849677
709814 184682 709814 800749 661496 228828 661496 849677
713332 184682 713332 800749 661496 228828 661496 849677
715397 184682 715397 800749 661496 228828 661496 849677
718544 184682 718544 800749 661496 228828 661496 849677
718894 184682 718894 800749 661496 228828 661496 849677
719099 184682 719099 800749 661496 228828 661496 849677
721952 184682 721952 800749 661496 228828 661496 849677
727162 184682 727162 800749 661496 228828 661496 849677
727740 184682 727740 800749 661496 228828 661496 849677
733475 184682 733475 800749 661496 228828 661496 849677
735705 184682 735705 800749 661496 228828 661496 849677
737341 184682 737341 800749 661496 228828 661496 849677
737341 184682 737341 800749 738512 228828 738512 849677
738756 184682 738756 800749 738512 228828 738512 849677
739529 184682 739529 800749 738512 228828 738512 849677
740032 184682 740032 800749 738512 228828 738512 849677
740032 184682 740032 800749 741613 228828 741613 849677
746941 184682 746941 800749 741613 228828 741613 849677
750740 184682 750740 800749 741613 228828 741613 849677
751029 184682 751029 800749 741613 228828 741613 849677
753513 184682 753513 800749 741613 228828 741613 849677
755103 184682 755103 800749 741613 228828 741613 849677
762240 184682 762240 800749 741613 228828 741613 849677
762404 184682 762404 800749 741613 228828 741613 849677
766158 184682 766158 800749 741613 228828 741613 849677
778033 184682 778033 800749 741613 228828 741613 849677
779825 184682 779825 800749 741613 228828 741613 849677
781019 184682 781019 800749 741613 228828 741613 849677
786086 184682 786086 800749 741613 228828 741613 849677
789390 184682 789390 800749 741613 228828 741613 849677
790439 184682 790439 800749 741613 228828 741613 849677
798992 184682 798992 800749 741613 228828 741613 849677
806580 184682 806580 800749 741613 228828 741613 849677
806580 184682 806580 800749 817401 228828 817401 849677
823021 184682 823021 800749 817401 228828 817401 849677
823136 184682 823136 800749 817401 228828 817401 849677
836945 184682 836945 800749 817401 228828 817401 849677
