99406 142269 99406 869789 278019 161889 278019 837518
99406 142269 99406 869789 278019 161889 278019 837518
143286 142269 143286 869789 278019 161889 278019 837518
237556 142269 237556 869789 278019 161889 278019 837518
239805 142269 239805 869789 278019 161889 278019 837518
244081 142269 244081 869789 278019 161889 278019 837518
245877 142269 245877 869789 278019 161889 278019 837518
247616 142269 247616 869789 278019 161889 278019 837518
247769 142269 247769 869789 278019 161889 278019 837518
257878 142269 257878 869789 278019 161889 278019 837518
264839 142269 264839 869789 278019 161889 278019 837518
264839 142269 264839 869789 281856 161889 281856 837518
283552 142269 283552 869789 281856 161889 281856 837518
285195 142269 285195 869789 281856 161889 281856 837518
285195 142269 285195 869789 286705 161889 286705 837518
285195 142269 285195 869789 287841 161889 287841 837518
285195 142269 285195 869789 288726 161889 288726 837518
285195 142269 285195 869789 289771 161889 289771 837518
285195 142269 285195 869789 290962 161889 290962 837518
299297 142269 299297 869789 290962 161889 290962 837518
299297 142269 299297 869789 302155 161889 302155 837518
299297 142269 299297 869789 308650 161889 308650 837518
310420 142269 310420 869789 308650 161889 308650 837518
323407 142269 323407 869789 308650 161889 308650 837518
323407 142269 323407 869789 323835 161889 323835 837518
327009 142269 327009 869789 323835 161889 323835 837518
330984 142269 330984 869789 323835 161889 323835 837518
330984 142269 330984 869789 335113 161889 335113 837518
337334 142269 337334 869789 335113 161889 335113 837518
344949 142269 344949 869789 335113 161889 335113 837518
344949 142269 344949 869789 345343 161889 345343 837518
346613 142269 346613 869789 345343 161889 345343 837518
353974 142269 353974 869789 345343 161889 345343 837518
354969 142269 354969 869789 345343 161889 345343 837518
354969 142269 354969 869789 364565 161889 364565 837518
354969 142269 354969 869789 370577 161889 370577 837518
373735 142269 373735 869789 370577 161889 370577 837518
375721 142269 375721 869789 370577 161889 370577 837518
376605 142269 376605 869789 370577 161889 370577 837518
376605 142269 376605 869789 380467 161889 380467 837518
385888 142269 385888 869789 380467 161889 380467 837518
395988 142269 395988 869789 380467 161889 380467 837518
402172 142269 402172 869789 380467 161889 380467 837518
406803 142269 406803 869789 380467 161889 380467 837518
406934 142269 406934 869789 380467 161889 380467 837518
407129 142269 407129 869789 380467 161889 380467 837518
407129 142269 407129 869789 409446 161889 409446 837518
407129 142269 407129 869789 411255 161889 411255 837518
407129 142269 407129 869789 416353 161889 416353 837518
419640 142269 419640 869789 416353 161889 416353 837518
426078 142269 426078 869789 416353 161889 416353 837518
426646 142269 426646 869789 416353 161889 416353 837518
426646 142269 426646 869789 432369 161889 432369 837518
437256 142269 437256 869789 432369 161889 432369 837518
445334 142269 445334 869789 432369 161889 432369 837518
446891 142269 446891 869789 432369 161889 432369 837518
446891 142269 446891 869789 447797 161889 447797 837518
460870 142269 460870 869789 447797 161889 447797 837518
460870 142269 460870 869789 463101 161889 463101 837518
460870 142269 460870 869789 464026 161889 464026 837518
460870 142269 460870 869789 474891 161889 474891 837518
460870 142269 460870 869789 475448 161889 475448 837518
460870 142269 460870 869789 483667 161889 483667 837518
460870 142269 460870 869789 485633 161889 485633 837518
460870 142269 460870 869789 487628 161889 487628 837518
460870 142269 460870 869789 490021 161889 490021 837518
493726 142269 493726 869789 490021 161889 490021 837518
494043 142269 494043 869789 490021 161889 490021 837518
494043 142269 494043 869789 512313 161889 512313 837518
494043 142269 494043 869789 512867 161889 512867 837518
494043 142269 494043 869789 513851 161889 513851 837518
494043 142269 494043 869789 516102 161889 516102 837518
494043 142269 494043 869789 520857 161889 520857 837518
533799 142269 533799 869789 520857 161889 520857 837518
536562 142269 536562 869789 520857 161889 520857 837518
544398 142269 544398 869789 520857 161889 520857 837518
544398 142269 544398 869789 551158 161889 551158 837518
544398 142269 544398 869789 558185 161889 558185 837518
544398 142269 544398 869789 566956 161889 566956 837518
544398 142269 544398 869789 582055 161889 582055 837518
544398 142269 544398 869789 589916 161889 589916 837518
544398 142269 544398 869789 591834 161889 591834 837518
544398 142269 544398 869789 592180 161889 592180 837518
544398 142269 544398 869789 599060 161889 599060 837518
602314 142269 602314 869789 599060 161889 599060 837518
602314 142269 602314 869789 619677 161889 619677 837518
602314 142269 602314 869789 626233 161889 626233 837518
602314 142269 602314 869789 626672 161889 626672 837518
602314 142269 602314 869789 627070 161889 627070 837518
602314 142269 602314 869789 631155 161889 631155 837518
635705 142269 635705 869789 631155 161889 631155 837518
635705 142269 635705 869789 636222 161889 636222 837518
635705 142269 635705 869789 636445 161889 636445 837518
639399 142269 639399 869789 636445 161889 636445 837518
640591 142269 640591 869789 636445 161889 636445 837518
646342 142269 646342 869789 636445 161889 636445 837518
652929 142269 652929 869789 636445 161889 636445 837518
652929 142269 652929 869789 656976 161889 656976 837518
652929 142269 652929 869789 660467 161889 660467 837518
660562 142269 660562 869789 660467 161889 660467 837518
663362 142269 663362 869789 660467 161889 660467 837518
663362 142269 663362 869789 666913 161889 666913 837518
663362 142269 663362 869789 669099 161889 669099 837518
663362 142269 663362 869789 669758 161889 669758 837518
669839 142269 669839 869789 669758 161889 669758 837518
669839 142269 669839 869789 670005 161889 670005 837518
669839 142269 669839 869789 671226 161889 671226 837518
672304 142269 672304 869789 671226 161889 671226 837518
673504 142269 673504 869789 671226 161889 671226 837518
674106 142269 674106 869789 671226 161889 671226 837518
677945 142269 677945 869789 671226 161889 671226 837518
679973 142269 679973 869789 671226 161889 671226 837518
683225 142269 683225 869789 671226 161889 671226 837518
684117 142269 684117 869789 671226 161889 671226 837518
684207 142269 684207 869789 671226 161889 671226 837518
684207 142269 684207 869789 684862 161889 684862 837518
685343 142269 685343 869789 684862 161889 684862 837518
685343 142269 685343 869789 687885 161889 687885 837518
685343 142269 685343 869789 689298 161889 689298 837518
690040 142269 690040 869789 689298 161889 689298 837518
690298 142269 690298 869789 689298 161889 689298 837518
690298 142269 690298 869789 691735 161889 691735 837518
692562 142269 692562 869789 691735 161889 691735 837518
694836 142269 694836 869789 691735 161889 691735 837518
696321 142269 696321 869789 691735 161889 691735 837518
702743 142269 702743 869789 691735 161889 691735 837518
705195 142269 705195 869789 691735 161889 691735 837518
705528 142269 705528 869789 691735 161889 691735 837518
705528 142269 705528 869789 708169 161889 708169 837518
710681 142269 710681 869789 708169 161889 708169 837518
710983 142269 710983 869789 708169 161889 708169 837518
710983 142269 710983 869789 712811 161889 712811 837518
710983 142269 710983 869789 713505 161889 713505 837518
710983 142269 710983 869789 717409 161889 717409 837518
710983 142269 710983 869789 717553 161889 717553 837518
710983 142269 710983 869789 720474 161889 720474 837518
721922 142269 721922 869789 720474 161889 720474 837518
722748 142269 722748 869789 720474 161889 720474 837518
722748 142269 722748 869789 722934 161889 722934 837518
724349 142269 724349 869789 722934 161889 722934 837518
725555 142269 725555 869789 722934 161889 722934 837518
726673 142269 726673 869789 722934 161889 722934 837518
727788 142269 727788 869789 722934 161889 722934 837518
727788 142269 727788 869789 728241 161889 728241 837518
728491 142269 728491 869789 728241 161889 728241 837518
731036 142269 731036 869789 728241 161889 728241 837518
731036 142269 731036 869789 731781 161889 731781 837518
734058 142269 734058 869789 731781 161889 731781 837518
735517 142269 735517 869789 731781 161889 731781 837518
735517 142269 735517 869789 736057 161889 736057 837518
735517 142269 735517 869789 736701 161889 736701 837518
735517 142269 735517 869789 738336 161889 738336 837518
738644 142269 738644 869789 738336 161889 738336 837518
739957 142269 739957 869789 738336 161889 738336 837518
743523 142269 743523 869789 738336 161889 738336 837518
743523 142269 743523 869789 743756 161889 743756 837518
744776 142269 744776 869789 743756 161889 743756 837518
744896 142269 744896 869789 743756 161889 743756 837518
744896 142269 744896 869789 751659 161889 751659 837518
744896 142269 744896 869789 754923 161889 754923 837518
756085 142269 756085 869789 754923 161889 754923 837518
756085 142269 756085 869789 756944 161889 756944 837518
756085 142269 756085 869789 757565 161889 757565 837518
756085 142269 756085 869789 759843 161889 759843 837518
756085 142269 756085 869789 761451 161889 761451 837518
762945 142269 762945 869789 761451 161889 761451 837518
762945 142269 762945 869789 764765 161889 764765 837518
762945 142269 762945 869789 766595 161889 766595 837518
762945 142269 762945 869789 769223 161889 769223 837518
769879 142269 769879 869789 769223 161889 769223 837518
769879 142269 769879 869789 769891 161889 769891 837518
770712 142269 770712 869789 769891 161889 769891 837518
770712 142269 770712 869789 770827 161889 770827 837518
770712 142269 770712 869789 771929 161889 771929 837518
774865 142269 774865 869789 771929 161889 771929 837518
780586 142269 780586 869789 771929 161889 771929 837518
781005 142269 781005 869789 771929 161889 771929 837518
781787 142269 781787 869789 771929 161889 771929 837518
781787 142269 781787 869789 783167 161889 783167 837518
786797 142269 786797 869789 783167 161889 783167 837518
786797 142269 786797 869789 787575 161889 787575 837518
788216 142269 788216 869789 787575 161889 787575 837518
788216 142269 788216 869789 793145 161889 793145 837518
794397 142269 794397 869789 793145 161889 793145 837518
794397 142269 794397 869789 794815 161889 794815 837518
794397 142269 794397 869789 799237 161889 799237 837518
794397 142269 794397 869789 808246 161889 808246 837518
794397 142269 794397 869789 810442 161889 810442 837518
794397 142269 794397 869789 812126 161889 812126 837518
794397 142269 794397 869789 820412 161889 820412 837518
794397 142269 794397 869789 823173 161889 823173 837518
794397 142269 794397 869789 835720 161889 835720 837518
794397 142269 794397 869789 837202 161889 837202 837518
842454 142269 842454 869789 837202 161889 837202 837518
845163 142269 845163 869789 837202 161889 837202 837518
849003 142269 849003 869789 837202 161889 837202 837518
849003 142269 849003 869789 849844 161889 849844 837518
849003 142269 849003 869789 853423 161889 853423 837518
849003 142269 849003 869789 863601 161889 863601 837518
849003 142269 849003 869789 890974 161889 890974 837518
