183539 106639 183539 843735 132281 100004 132281 823464
183539 106639 183539 843735 132281 100004 132281 823464
183539 106639 183539 843735 134176 100004 134176 823464
183539 106639 183539 843735 148137 100004 148137 823464
183539 106639 183539 843735 157401 100004 157401 823464
183539 106639 183539 843735 174411 100004 174411 823464
183539 106639 183539 843735 176861 100004 176861 823464
185106 106639 185106 843735 176861 100004 176861 823464
187688 106639 187688 843735 176861 100004 176861 823464
188796 106639 188796 843735 176861 100004 176861 823464
188796 106639 188796 843735 190091 100004 190091 823464
188796 106639 188796 843735 193078 100004 193078 823464
188796 106639 188796 843735 195421 100004 195421 823464
188796 106639 188796 843735 197236 100004 197236 823464
201148 106639 201148 843735 197236 100004 197236 823464
201148 106639 201148 843735 201199 100004 201199 823464
201364 106639 201364 843735 201199 100004 201199 823464
201364 106639 201364 843735 205266 100004 205266 823464
206929 106639 206929 843735 205266 100004 205266 823464
206929 106639 206929 843735 207143 100004 207143 823464
212192 106639 212192 843735 207143 100004 207143 823464
212192 106639 212192 843735 214156 100004 214156 823464
216341 106639 216341 843735 214156 100004 214156 823464
221151 106639 221151 843735 214156 100004 214156 823464
221151 106639 221151 843735 222791 100004 222791 823464
228646 106639 228646 843735 222791 100004 222791 823464
230789 106639 230789 843735 222791 100004 222791 823464
230789 106639 230789 843735 233197 100004 233197 823464
236710 106639 236710 843735 233197 100004 233197 823464
236710 106639 236710 843735 238611 100004 238611 823464
238854 106639 238854 843735 238611 100004 238611 823464
240308 106639 240308 843735 238611 100004 238611 823464
240308 106639 240308 843735 242452 100004 242452 823464
240308 106639 240308 843735 242832 100004 242832 823464
248329 106639 248329 843735 242832 100004 242832 823464
248329 106639 248329 843735 248483 100004 248483 823464
248329 106639 248329 843735 248925 100004 248925 823464
248329 106639 248329 843735 249604 100004 249604 823464
248329 106639 248329 843735 251256 100004 251256 823464
251755 106639 251755 843735 251256 100004 251256 823464
251755 106639 251755 843735 257044 100004 257044 823464
258601 106639 258601 843735 257044 100004 257044 823464
262265 106639 262265 843735 257044 100004 257044 823464
262265 106639 262265 843735 264677 100004 264677 823464
271272 106639 271272 843735 264677 100004 264677 823464
271272 106639 271272 843735 272509 100004 272509 823464
271272 106639 271272 843735 276356 100004 276356 823464
276919 106639 276919 843735 276356 100004 276356 823464
279333 106639 279333 843735 276356 100004 276356 823464
279333 106639 279333 843735 279843 100004 279843 823464
279333 106639 279333 843735 280751 100004 280751 823464
279333 106639 279333 843735 283138 100004 283138 823464
286905 106639 286905 843735 283138 100004 283138 823464
287618 106639 287618 843735 283138 100004 283138 823464
288958 106639 288958 843735 283138 100004 283138 823464
294229 106639 294229 843735 283138 100004 283138 823464
299620 106639 299620 843735 283138 100004 283138 823464
299620 106639 299620 843735 304037 100004 304037 823464
299620 106639 299620 843735 306077 100004 306077 823464
299620 106639 299620 843735 308054 100004 308054 823464
299620 106639 299620 843735 308337 100004 308337 823464
299620 106639 299620 843735 308707 100004 308707 823464
318565 106639 318565 843735 308707 100004 308707 823464
318565 106639 318565 843735 319115 100004 319115 823464
318565 106639 318565 843735 321645 100004 321645 823464
318565 106639 318565 843735 322382 100004 322382 823464
318565 106639 318565 843735 323751 100004 323751 823464
318565 106639 318565 843735 324292 100004 324292 823464
324707 106639 324707 843735 324292 100004 324292 823464
324707 106639 324707 843735 343807 100004 343807 823464
344675 106639 344675 843735 343807 100004 343807 823464
344675 106639 344675 843735 347520 100004 347520 823464
344675 106639 344675 843735 356107 100004 356107 823464
363507 106639 363507 843735 356107 100004 356107 823464
363507 106639 363507 843735 384406 100004 384406 823464
387516 106639 387516 843735 384406 100004 384406 823464
394536 106639 394536 843735 384406 100004 384406 823464
401948 106639 401948 843735 384406 100004 384406 823464
402683 106639 402683 843735 384406 100004 384406 823464
402683 106639 402683 843735 403465 100004 403465 823464
402683 106639 402683 843735 403828 100004 403828 823464
416998 106639 416998 843735 403828 100004 403828 823464
426798 106639 426798 843735 403828 100004 403828 823464
426798 106639 426798 843735 428570 100004 428570 823464
426798 106639 426798 843735 438294 100004 438294 823464
426798 106639 426798 843735 440433 100004 440433 823464
442455 106639 442455 843735 440433 100004 440433 823464
444362 106639 444362 843735 440433 100004 440433 823464
444362 106639 444362 843735 449868 100004 449868 823464
452049 106639 452049 843735 449868 100004 449868 823464
452049 106639 452049 843735 455474 100004 455474 823464
457607 106639 457607 843735 455474 100004 455474 823464
457607 106639 457607 843735 459266 100004 459266 823464
462005 106639 462005 843735 459266 100004 459266 823464
462005 106639 462005 843735 462473 100004 462473 823464
468483 106639 468483 843735 462473 100004 462473 823464
468483 106639 468483 843735 473173 100004 473173 823464
478064 106639 478064 843735 473173 100004 473173 823464
487851 106639 487851 843735 473173 100004 473173 823464
487851 106639 487851 843735 491041 100004 491041 823464
498289 106639 498289 843735 491041 100004 491041 823464
498289 106639 498289 843735 508991 100004 508991 823464
498289 106639 498289 843735 511322 100004 511322 823464
498289 106639 498289 843735 516673 100004 516673 823464
498289 106639 498289 843735 518850 100004 518850 823464
498289 106639 498289 843735 520466 100004 520466 823464
522273 106639 522273 843735 520466 100004 520466 823464
522273 106639 522273 843735 522426 100004 522426 823464
531083 106639 531083 843735 522426 100004 522426 823464
531083 106639 531083 843735 532201 100004 532201 823464
533254 106639 533254 843735 532201 100004 532201 823464
533254 106639 533254 843735 538310 100004 538310 823464
542534 106639 542534 843735 538310 100004 538310 823464
542534 106639 542534 843735 543598 100004 543598 823464
543755 106639 543755 843735 543598 100004 543598 823464
543755 106639 543755 843735 545238 100004 545238 823464
543755 106639 543755 843735 546972 100004 546972 823464
543755 106639 543755 843735 549472 100004 549472 823464
543755 106639 543755 843735 550424 100004 550424 823464
543755 106639 543755 843735 551752 100004 551752 823464
552455 106639 552455 843735 551752 100004 551752 823464
554097 106639 554097 843735 551752 100004 551752 823464
554097 106639 554097 843735 559518 100004 559518 823464
560709 106639 560709 843735 559518 100004 559518 823464
561228 106639 561228 843735 559518 100004 559518 823464
561714 106639 561714 843735 559518 100004 559518 823464
563341 106639 563341 843735 559518 100004 559518 823464
566599 106639 566599 843735 559518 100004 559518 823464
566599 106639 566599 843735 567113 100004 567113 823464
569708 106639 569708 843735 567113 100004 567113 823464
569708 106639 569708 843735 571243 100004 571243 823464
569708 106639 569708 843735 572944 100004 572944 823464
573863 106639 573863 843735 572944 100004 572944 823464
573863 106639 573863 843735 574036 100004 574036 823464
574270 106639 574270 843735 574036 100004 574036 823464
576080 106639 576080 843735 574036 100004 574036 823464
576080 106639 576080 843735 577793 100004 577793 823464
576080 106639 576080 843735 579477 100004 579477 823464
582755 106639 582755 843735 579477 100004 579477 823464
582755 106639 582755 843735 583673 100004 583673 823464
582755 106639 582755 843735 584750 100004 584750 823464
585095 106639 585095 843735 584750 100004 584750 823464
585095 106639 585095 843735 588237 100004 588237 823464
585095 106639 585095 843735 589404 100004 589404 823464
589853 106639 589853 843735 589404 100004 589404 823464
592657 106639 592657 843735 589404 100004 589404 823464
595593 106639 595593 843735 589404 100004 589404 823464
595593 106639 595593 843735 598945 100004 598945 823464
595593 106639 595593 843735 602372 100004 602372 823464
595593 106639 595593 843735 602472 100004 602472 823464
603985 106639 603985 843735 602472 100004 602472 823464
603985 106639 603985 843735 605121 100004 605121 823464
603985 106639 603985 843735 613380 100004 613380 823464
603985 106639 603985 843735 616764 100004 616764 823464
603985 106639 603985 843735 617484 100004 617484 823464
603985 106639 603985 843735 617908 100004 617908 823464
603985 106639 603985 843735 619986 100004 619986 823464
603985 106639 603985 843735 620969 100004 620969 823464
621241 106639 621241 843735 620969 100004 620969 823464
621241 106639 621241 843735 623242 100004 623242 823464
621241 106639 621241 843735 623926 100004 623926 823464
621241 106639 621241 843735 625078 100004 625078 823464
621241 106639 621241 843735 626270 100004 626270 823464
628828 106639 628828 843735 626270 100004 626270 823464
628828 106639 628828 843735 628910 100004 628910 823464
630411 106639 630411 843735 628910 100004 628910 823464
630411 106639 630411 843735 630912 100004 630912 823464
638985 106639 638985 843735 630912 100004 630912 823464
647746 106639 647746 843735 630912 100004 630912 823464
647746 106639 647746 843735 651727 100004 651727 823464
651752 106639 651752 843735 651727 100004 651727 823464
653670 106639 653670 843735 651727 100004 651727 823464
653670 106639 653670 843735 656777 100004 656777 823464
679412 106639 679412 843735 656777 100004 656777 823464
679467 106639 679467 843735 656777 100004 656777 823464
680815 106639 680815 843735 656777 100004 656777 823464
684795 106639 684795 843735 656777 100004 656777 823464
684795 106639 684795 843735 685998 100004 685998 823464
692283 106639 692283 843735 685998 100004 685998 823464
708566 106639 708566 843735 685998 100004 685998 823464
708566 106639 708566 843735 713531 100004 713531 823464
715024 106639 715024 843735 713531 100004 713531 823464
718473 106639 718473 843735 713531 100004 713531 823464
729859 106639 729859 843735 713531 100004 713531 823464
734195 106639 734195 843735 713531 100004 713531 823464
737856 106639 737856 843735 713531 100004 713531 823464
742945 106639 742945 843735 713531 100004 713531 823464
748649 106639 748649 843735 713531 100004 713531 823464
749576 106639 749576 843735 713531 100004 713531 823464
752561 106639 752561 843735 713531 100004 713531 823464
755857 106639 755857 843735 713531 100004 713531 823464
758970 106639 758970 843735 713531 100004 713531 823464
771943 106639 771943 843735 713531 100004 713531 823464
776314 106639 776314 843735 713531 100004 713531 823464
783738 106639 783738 843735 713531 100004 713531 823464
810575 106639 810575 843735 713531 100004 713531 823464
810926 106639 810926 843735 713531 100004 713531 823464
816822 106639 816822 843735 713531 100004 713531 823464
822331 106639 822331 843735 713531 100004 713531 823464
858805 106639 858805 843735 713531 100004 713531 823464
