176236 229835 176236 908545 315528 179301 315528 895630
176236 229835 176236 908545 315528 179301 315528 895630
198584 229835 198584 908545 315528 179301 315528 895630
231147 229835 231147 908545 315528 179301 315528 895630
255274 229835 255274 908545 315528 179301 315528 895630
265658 229835 265658 908545 315528 179301 315528 895630
283085 229835 283085 908545 315528 179301 315528 895630
285961 229835 285961 908545 315528 179301 315528 895630
286301 229835 286301 908545 315528 179301 315528 895630
291563 229835 291563 908545 315528 179301 315528 895630
298038 229835 298038 908545 315528 179301 315528 895630
302406 229835 302406 908545 315528 179301 315528 895630
303473 229835 303473 908545 315528 179301 315528 895630
305592 229835 305592 908545 315528 179301 315528 895630
306084 229835 306084 908545 315528 179301 315528 895630
306084 229835 306084 908545 318271 179301 318271 895630
322502 229835 322502 908545 318271 179301 318271 895630
323528 229835 323528 908545 318271 179301 318271 895630
324756 229835 324756 908545 318271 179301 318271 895630
325513 229835 325513 908545 318271 179301 318271 895630
326321 229835 326321 908545 318271 179301 318271 895630
326321 229835 326321 908545 332865 179301 332865 895630
334689 229835 334689 908545 332865 179301 332865 895630
339332 229835 339332 908545 332865 179301 332865 895630
339514 229835 339514 908545 332865 179301 332865 895630
344529 229835 344529 908545 332865 179301 332865 895630
347996 229835 347996 908545 332865 179301 332865 895630
353487 229835 353487 908545 332865 179301 332865 895630
353693 229835 353693 908545 332865 179301 332865 895630
359414 229835 359414 908545 332865 179301 332865 895630
360639 229835 360639 908545 332865 179301 332865 895630
365150 229835 365150 908545 332865 179301 332865 895630
367413 229835 367413 908545 332865 179301 332865 895630
369442 229835 369442 908545 332865 179301 332865 895630
370171 229835 370171 908545 332865 179301 332865 895630
372298 229835 372298 908545 332865 179301 332865 895630
372800 229835 372800 908545 332865 179301 332865 895630
372800 229835 372800 908545 375022 179301 375022 895630
381964 229835 381964 908545 375022 179301 375022 895630
387949 229835 387949 908545 375022 179301 375022 895630
389568 229835 389568 908545 375022 179301 375022 895630
390843 229835 390843 908545 375022 179301 375022 895630
390843 229835 390843 908545 395933 179301 395933 895630
390843 229835 390843 908545 397294 179301 397294 895630
399548 229835 399548 908545 397294 179301 397294 895630
399548 229835 399548 908545 402869 179301 402869 895630
405218 229835 405218 908545 402869 179301 402869 895630
406700 229835 406700 908545 402869 179301 402869 895630
408019 229835 408019 908545 402869 179301 402869 895630
408019 229835 408019 908545 409976 179301 409976 895630
410364 229835 410364 908545 409976 179301 409976 895630
410364 229835 410364 908545 411240 179301 411240 895630
412534 229835 412534 908545 411240 179301 411240 895630
414844 229835 414844 908545 411240 179301 411240 895630
415084 229835 415084 908545 411240 179301 411240 895630
415084 229835 415084 908545 418482 179301 418482 895630
415084 229835 415084 908545 424215 179301 424215 895630
424496 229835 424496 908545 424215 179301 424215 895630
424496 229835 424496 908545 425123 179301 425123 895630
426393 229835 426393 908545 425123 179301 425123 895630
426396 229835 426396 908545 425123 179301 425123 895630
428073 229835 428073 908545 425123 179301 425123 895630
431141 229835 431141 908545 425123 179301 425123 895630
431141 229835 431141 908545 431432 179301 431432 895630
433786 229835 433786 908545 431432 179301 431432 895630
433786 229835 433786 908545 435267 179301 435267 895630
435443 229835 435443 908545 435267 179301 435267 895630
437058 229835 437058 908545 435267 179301 435267 895630
437753 229835 437753 908545 435267 179301 435267 895630
439074 229835 439074 908545 435267 179301 435267 895630
441638 229835 441638 908545 435267 179301 435267 895630
442160 229835 442160 908545 435267 179301 435267 895630
445250 229835 445250 908545 435267 179301 435267 895630
445844 229835 445844 908545 435267 179301 435267 895630
445844 229835 445844 908545 446113 179301 446113 895630
445844 229835 445844 908545 446373 179301 446373 895630
445844 229835 445844 908545 446487 179301 446487 895630
446957 229835 446957 908545 446487 179301 446487 895630
448849 229835 448849 908545 446487 179301 446487 895630
450644 229835 450644 908545 446487 179301 446487 895630
452653 229835 452653 908545 446487 179301 446487 895630
455799 229835 455799 908545 446487 179301 446487 895630
455799 229835 455799 908545 457343 179301 457343 895630
463598 229835 463598 908545 457343 179301 457343 895630
464883 229835 464883 908545 457343 179301 457343 895630
465477 229835 465477 908545 457343 179301 457343 895630
465477 229835 465477 908545 472491 179301 472491 895630
465477 229835 465477 908545 476917 179301 476917 895630
465477 229835 465477 908545 482157 179301 482157 895630
484693 229835 484693 908545 482157 179301 482157 895630
495391 229835 495391 908545 482157 179301 482157 895630
495391 229835 495391 908545 495610 179301 495610 895630
495391 229835 495391 908545 496147 179301 496147 895630
495391 229835 495391 908545 497095 179301 497095 895630
504397 229835 504397 908545 497095 179301 497095 895630
504397 229835 504397 908545 508258 179301 508258 895630
504397 229835 504397 908545 512202 179301 512202 895630
504397 229835 504397 908545 514718 179301 514718 895630
504397 229835 504397 908545 515855 179301 515855 895630
518762 229835 518762 908545 515855 179301 515855 895630
519149 229835 519149 908545 515855 179301 515855 895630
519149 229835 519149 908545 522828 179301 522828 895630
519149 229835 519149 908545 533606 179301 533606 895630
519149 229835 519149 908545 539117 179301 539117 895630
519149 229835 519149 908545 539795 179301 539795 895630
547593 229835 547593 908545 539795 179301 539795 895630
547593 229835 547593 908545 547995 179301 547995 895630
547593 229835 547593 908545 555234 179301 555234 895630
547593 229835 547593 908545 562905 179301 562905 895630
547593 229835 547593 908545 571572 179301 571572 895630
547593 229835 547593 908545 582900 179301 582900 895630
547593 229835 547593 908545 583676 179301 583676 895630
547593 229835 547593 908545 584401 179301 584401 895630
547593 229835 547593 908545 585284 179301 585284 895630
547593 229835 547593 908545 586008 179301 586008 895630
547593 229835 547593 908545 587225 179301 587225 895630
547593 229835 547593 908545 588272 179301 588272 895630
547593 229835 547593 908545 590094 179301 590094 895630
547593 229835 547593 908545 592704 179301 592704 895630
547593 229835 547593 908545 602507 179301 602507 895630
547593 229835 547593 908545 611073 179301 611073 895630
547593 229835 547593 908545 614652 179301 614652 895630
547593 229835 547593 908545 615769 179301 615769 895630
547593 229835 547593 908545 617151 179301 617151 895630
547593 229835 547593 908545 619452 179301 619452 895630
547593 229835 547593 908545 621107 179301 621107 895630
547593 229835 547593 908545 623321 179301 623321 895630
547593 229835 547593 908545 625802 179301 625802 895630
628527 229835 628527 908545 625802 179301 625802 895630
628527 229835 628527 908545 632016 179301 632016 895630
628527 229835 628527 908545 640791 179301 640791 895630
642710 229835 642710 908545 640791 179301 640791 895630
642710 229835 642710 908545 643132 179301 643132 895630
642710 229835 642710 908545 647914 179301 647914 895630
642710 229835 642710 908545 648645 179301 648645 895630
642710 229835 642710 908545 652176 179301 652176 895630
642710 229835 642710 908545 658188 179301 658188 895630
642710 229835 642710 908545 658803 179301 658803 895630
642710 229835 642710 908545 660229 179301 660229 895630
662114 229835 662114 908545 660229 179301 660229 895630
662114 229835 662114 908545 662255 179301 662255 895630
662114 229835 662114 908545 670692 179301 670692 895630
672474 229835 672474 908545 670692 179301 670692 895630
672474 229835 672474 908545 673952 179301 673952 895630
672474 229835 672474 908545 674450 179301 674450 895630
675793 229835 675793 908545 674450 179301 674450 895630
675793 229835 675793 908545 677883 179301 677883 895630
675793 229835 675793 908545 679187 179301 679187 895630
675793 229835 675793 908545 681439 179301 681439 895630
675793 229835 675793 908545 682800 179301 682800 895630
675793 229835 675793 908545 683459 179301 683459 895630
675793 229835 675793 908545 686000 179301 686000 895630
675793 229835 675793 908545 686765 179301 686765 895630
691017 229835 691017 908545 686765 179301 686765 895630
691860 229835 691860 908545 686765 179301 686765 895630
696102 229835 696102 908545 686765 179301 686765 895630
696102 229835 696102 908545 697220 179301 697220 895630
698599 229835 698599 908545 697220 179301 697220 895630
698778 229835 698778 908545 697220 179301 697220 895630
698778 229835 698778 908545 700110 179301 700110 895630
698778 229835 698778 908545 700383 179301 700383 895630
701599 229835 701599 908545 700383 179301 700383 895630
701599 229835 701599 908545 706734 179301 706734 895630
701599 229835 701599 908545 707278 179301 707278 895630
701599 229835 701599 908545 707443 179301 707443 895630
701599 229835 701599 908545 713710 179301 713710 895630
718291 229835 718291 908545 713710 179301 713710 895630
718291 229835 718291 908545 720449 179301 720449 895630
722224 229835 722224 908545 720449 179301 720449 895630
722224 229835 722224 908545 729287 179301 729287 895630
722224 229835 722224 908545 738682 179301 738682 895630
753462 229835 753462 908545 738682 179301 738682 895630
753462 229835 753462 908545 761013 179301 761013 895630
753462 229835 753462 908545 761472 179301 761472 895630
762429 229835 762429 908545 761472 179301 761472 895630
762429 229835 762429 908545 763256 179301 763256 895630
762429 229835 762429 908545 764176 179301 764176 895630
762429 229835 762429 908545 769374 179301 769374 895630
762429 229835 762429 908545 769912 179301 769912 895630
762429 229835 762429 908545 772959 179301 772959 895630
762429 229835 762429 908545 773901 179301 773901 895630
774335 229835 774335 908545 773901 179301 773901 895630
774335 229835 774335 908545 781709 179301 781709 895630
785621 229835 785621 908545 781709 179301 781709 895630
785621 229835 785621 908545 788692 179301 788692 895630
785621 229835 785621 908545 791075 179301 791075 895630
785621 229835 785621 908545 792617 179301 792617 895630
794035 229835 794035 908545 792617 179301 792617 895630
794035 229835 794035 908545 796791 179301 796791 895630
797515 229835 797515 908545 796791 179301 796791 895630
797515 229835 797515 908545 799436 179301 799436 895630
803846 229835 803846 908545 799436 179301 799436 895630
807964 229835 807964 908545 799436 179301 799436 895630
807964 229835 807964 908545 812503 179301 812503 895630
807964 229835 807964 908545 816088 179301 816088 895630
817195 229835 817195 908545 816088 179301 816088 895630
825625 229835 825625 908545 816088 179301 816088 895630
853159 229835 853159 908545 816088 179301 816088 895630
854253 229835 854253 908545 816088 179301 816088 895630
858973 229835 858973 908545 816088 179301 816088 895630
