222092 100248 222092 789025 180352 138893 180352 792490
222092 100248 222092 789025 180352 138893 180352 792490
222092 100248 222092 789025 206778 138893 206778 792490
222092 100248 222092 789025 206927 138893 206927 792490
222092 100248 222092 789025 231662 138893 231662 792490
222092 100248 222092 789025 247470 138893 247470 792490
222092 100248 222092 789025 249463 138893 249463 792490
222092 100248 222092 789025 268618 138893 268618 792490
222092 100248 222092 789025 268676 138893 268676 792490
274219 100248 274219 789025 268676 138893 268676 792490
274219 100248 274219 789025 278003 138893 278003 792490
274219 100248 274219 789025 283856 138893 283856 792490
274219 100248 274219 789025 285864 138893 285864 792490
274219 100248 274219 789025 286154 138893 286154 792490
274219 100248 274219 789025 288033 138893 288033 792490
274219 100248 274219 789025 299746 138893 299746 792490
274219 100248 274219 789025 302066 138893 302066 792490
274219 100248 274219 789025 302516 138893 302516 792490
274219 100248 274219 789025 309229 138893 309229 792490
310810 100248 310810 789025 309229 138893 309229 792490
310810 100248 310810 789025 313141 138893 313141 792490
310810 100248 310810 789025 327582 138893 327582 792490
328096 100248 328096 789025 327582 138893 327582 792490
328096 100248 328096 789025 328459 138893 328459 792490
328096 100248 328096 789025 329006 138893 329006 792490
328096 100248 328096 789025 331675 138893 331675 792490
328096 100248 328096 789025 331764 138893 331764 792490
332190 100248 332190 789025 331764 138893 331764 792490
336419 100248 336419 789025 331764 138893 331764 792490
336419 100248 336419 789025 337077 138893 337077 792490
337638 100248 337638 789025 337077 138893 337077 792490
337638 100248 337638 789025 338165 138893 338165 792490
337638 100248 337638 789025 341777 138893 341777 792490
343676 100248 343676 789025 341777 138893 341777 792490
343676 100248 343676 789025 343716 138893 343716 792490
349985 100248 349985 789025 343716 138893 343716 792490
349985 100248 349985 789025 350689 138893 350689 792490
349985 100248 349985 789025 352529 138893 352529 792490
349985 100248 349985 789025 353105 138893 353105 792490
349985 100248 349985 789025 355344 138893 355344 792490
349985 100248 349985 789025 361188 138893 361188 792490
364994 100248 364994 789025 361188 138893 361188 792490
364994 100248 364994 789025 373075 138893 373075 792490
379668 100248 379668 789025 373075 138893 373075 792490
383579 100248 383579 789025 373075 138893 373075 792490
383579 100248 383579 789025 387278 138893 387278 792490
388214 100248 388214 789025 387278 138893 387278 792490
388214 100248 388214 789025 388504 138893 388504 792490
388214 100248 388214 789025 390278 138893 390278 792490
388214 100248 388214 789025 392600 138893 392600 792490
388214 100248 388214 789025 398181 138893 398181 792490
388214 100248 388214 789025 403291 138893 403291 792490
388214 100248 388214 789025 407550 138893 407550 792490
407595 100248 407595 789025 407550 138893 407550 792490
409536 100248 409536 789025 407550 138893 407550 792490
409536 100248 409536 789025 409714 138893 409714 792490
410611 100248 410611 789025 409714 138893 409714 792490
410611 100248 410611 789025 418461 138893 418461 792490
410611 100248 410611 789025 418629 138893 418629 792490
424632 100248 424632 789025 418629 138893 418629 792490
424642 100248 424642 789025 418629 138893 418629 792490
424642 100248 424642 789025 424766 138893 424766 792490
424642 100248 424642 789025 443733 138893 443733 792490
424642 100248 424642 789025 447912 138893 447912 792490
424642 100248 424642 789025 449430 138893 449430 792490
452661 100248 452661 789025 449430 138893 449430 792490
452661 100248 452661 789025 454496 138893 454496 792490
457041 100248 457041 789025 454496 138893 454496 792490
457041 100248 457041 789025 458356 138893 458356 792490
457041 100248 457041 789025 459992 138893 459992 792490
457041 100248 457041 789025 468996 138893 468996 792490
469012 100248 469012 789025 468996 138893 468996 792490
469012 100248 469012 789025 469164 138893 469164 792490
469458 100248 469458 789025 469164 138893 469164 792490
469458 100248 469458 789025 470995 138893 470995 792490
469458 100248 469458 789025 472438 138893 472438 792490
472620 100248 472620 789025 472438 138893 472438 792490
479456 100248 479456 789025 472438 138893 472438 792490
479456 100248 479456 789025 480431 138893 480431 792490
479456 100248 479456 789025 482426 138893 482426 792490
479456 100248 479456 789025 486046 138893 486046 792490
479456 100248 479456 789025 486764 138893 486764 792490
479456 100248 479456 789025 490508 138893 490508 792490
492624 100248 492624 789025 490508 138893 490508 792490
492624 100248 492624 789025 495991 138893 495991 792490
498081 100248 498081 789025 495991 138893 495991 792490
498081 100248 498081 789025 499170 138893 499170 792490
498081 100248 498081 789025 500355 138893 500355 792490
498081 100248 498081 789025 500817 138893 500817 792490
498081 100248 498081 789025 505063 138893 505063 792490
498081 100248 498081 789025 505483 138893 505483 792490
507443 100248 507443 789025 505483 138893 505483 792490
507443 100248 507443 789025 509723 138893 509723 792490
510295 100248 510295 789025 509723 138893 509723 792490
510295 100248 510295 789025 510673 138893 510673 792490
510295 100248 510295 789025 510747 138893 510747 792490
510834 100248 510834 789025 510747 138893 510747 792490
510834 100248 510834 789025 511898 138893 511898 792490
511910 100248 511910 789025 511898 138893 511898 792490
511910 100248 511910 789025 514803 138893 514803 792490
517479 100248 517479 789025 514803 138893 514803 792490
524716 100248 524716 789025 514803 138893 514803 792490
526731 100248 526731 789025 514803 138893 514803 792490
526731 100248 526731 789025 527299 138893 527299 792490
528360 100248 528360 789025 527299 138893 527299 792490
531117 100248 531117 789025 527299 138893 527299 792490
531117 100248 531117 789025 532332 138893 532332 792490
532534 100248 532534 789025 532332 138893 532332 792490
532982 100248 532982 789025 532332 138893 532332 792490
532982 100248 532982 789025 534409 138893 534409 792490
532982 100248 532982 789025 536475 138893 536475 792490
538561 100248 538561 789025 536475 138893 536475 792490
540350 100248 540350 789025 536475 138893 536475 792490
540350 100248 540350 789025 541880 138893 541880 792490
542501 100248 542501 789025 541880 138893 541880 792490
545572 100248 545572 789025 541880 138893 541880 792490
545572 100248 545572 789025 548491 138893 548491 792490
545572 100248 545572 789025 554673 138893 554673 792490
556445 100248 556445 789025 554673 138893 554673 792490
557980 100248 557980 789025 554673 138893 554673 792490
558537 100248 558537 789025 554673 138893 554673 792490
558537 100248 558537 789025 560606 138893 560606 792490
562578 100248 562578 789025 560606 138893 560606 792490
563853 100248 563853 789025 560606 138893 560606 792490
564948 100248 564948 789025 560606 138893 560606 792490
565333 100248 565333 789025 560606 138893 560606 792490
569543 100248 569543 789025 560606 138893 560606 792490
569814 100248 569814 789025 560606 138893 560606 792490
573291 100248 573291 789025 560606 138893 560606 792490
573291 100248 573291 789025 576981 138893 576981 792490
573291 100248 573291 789025 581643 138893 581643 792490
582321 100248 582321 789025 581643 138893 581643 792490
582684 100248 582684 789025 581643 138893 581643 792490
582684 100248 582684 789025 583904 138893 583904 792490
587127 100248 587127 789025 583904 138893 583904 792490
587127 100248 587127 789025 587222 138893 587222 792490
591382 100248 591382 789025 587222 138893 587222 792490
591382 100248 591382 789025 600533 138893 600533 792490
591382 100248 591382 789025 600882 138893 600882 792490
604017 100248 604017 789025 600882 138893 600882 792490
604017 100248 604017 789025 612693 138893 612693 792490
615633 100248 615633 789025 612693 138893 612693 792490
619583 100248 619583 789025 612693 138893 612693 792490
623879 100248 623879 789025 612693 138893 612693 792490
628117 100248 628117 789025 612693 138893 612693 792490
628117 100248 628117 789025 629469 138893 629469 792490
628117 100248 628117 789025 629662 138893 629662 792490
632356 100248 632356 789025 629662 138893 629662 792490
632356 100248 632356 789025 632528 138893 632528 792490
632356 100248 632356 789025 635195 138893 635195 792490
632356 100248 632356 789025 635757 138893 635757 792490
632356 100248 632356 789025 636657 138893 636657 792490
632356 100248 632356 789025 640013 138893 640013 792490
632356 100248 632356 789025 641134 138893 641134 792490
646063 100248 646063 789025 641134 138893 641134 792490
649540 100248 649540 789025 641134 138893 641134 792490
653421 100248 653421 789025 641134 138893 641134 792490
653421 100248 653421 789025 666414 138893 666414 792490
677668 100248 677668 789025 666414 138893 666414 792490
678087 100248 678087 789025 666414 138893 666414 792490
680305 100248 680305 789025 666414 138893 666414 792490
680305 100248 680305 789025 682003 138893 682003 792490
684950 100248 684950 789025 682003 138893 682003 792490
685083 100248 685083 789025 682003 138893 682003 792490
685369 100248 685369 789025 682003 138893 682003 792490
689276 100248 689276 789025 682003 138893 682003 792490
689276 100248 689276 789025 694128 138893 694128 792490
695046 100248 695046 789025 694128 138893 694128 792490
698370 100248 698370 789025 694128 138893 694128 792490
707054 100248 707054 789025 694128 138893 694128 792490
707298 100248 707298 789025 694128 138893 694128 792490
708236 100248 708236 789025 694128 138893 694128 792490
709479 100248 709479 789025 694128 138893 694128 792490
710347 100248 710347 789025 694128 138893 694128 792490
716060 100248 716060 789025 694128 138893 694128 792490
716433 100248 716433 789025 694128 138893 694128 792490
717222 100248 717222 789025 694128 138893 694128 792490
718983 100248 718983 789025 694128 138893 694128 792490
723168 100248 723168 789025 694128 138893 694128 792490
734751 100248 734751 789025 694128 138893 694128 792490
737456 100248 737456 789025 694128 138893 694128 792490
737707 100248 737707 789025 694128 138893 694128 792490
748226 100248 748226 789025 694128 138893 694128 792490
748879 100248 748879 789025 694128 138893 694128 792490
749031 100248 749031 789025 694128 138893 694128 792490
750297 100248 750297 789025 694128 138893 694128 792490
756623 100248 756623 789025 694128 138893 694128 792490
756623 100248 756623 789025 757742 138893 757742 792490
759022 100248 759022 789025 757742 138893 757742 792490
759728 100248 759728 789025 757742 138893 757742 792490
768453 100248 768453 789025 757742 138893 757742 792490
768453 100248 768453 789025 769669 138893 769669 792490
774861 100248 774861 789025 769669 138893 769669 792490
779352 100248 779352 789025 769669 138893 769669 792490
789574 100248 789574 789025 769669 138893 769669 792490
789574 100248 789574 789025 792053 138893 792053 792490
793968 100248 793968 789025 792053 138893 792053 792490
817212 100248 817212 789025 792053 138893 792053 792490
853899 100248 853899 789025 792053 138893 792053 792490
853899 100248 853899 789025 871883 138893 871883 792490
