92703 76922 92703 942668 227681 34982 227681 751564
92703 76922 92703 942668 227681 34982 227681 751564
190010 76922 190010 942668 227681 34982 227681 751564
191059 76922 191059 942668 227681 34982 227681 751564
215709 76922 215709 942668 227681 34982 227681 751564
217996 76922 217996 942668 227681 34982 227681 751564
229586 76922 229586 942668 227681 34982 227681 751564
229586 76922 229586 942668 232447 34982 232447 751564
229586 76922 229586 942668 236290 34982 236290 751564
237582 76922 237582 942668 236290 34982 236290 751564
237582 76922 237582 942668 238619 34982 238619 751564
243568 76922 243568 942668 238619 34982 238619 751564
245142 76922 245142 942668 238619 34982 238619 751564
245142 76922 245142 942668 247499 34982 247499 751564
245142 76922 245142 942668 252049 34982 252049 751564
255420 76922 255420 942668 252049 34982 252049 751564
255773 76922 255773 942668 252049 34982 252049 751564
258903 76922 258903 942668 252049 34982 252049 751564
258903 76922 258903 942668 262631 34982 262631 751564
258903 76922 258903 942668 262848 34982 262848 751564
263511 76922 263511 942668 262848 34982 262848 751564
270460 76922 270460 942668 262848 34982 262848 751564
270460 76922 270460 942668 271282 34982 271282 751564
270460 76922 270460 942668 271915 34982 271915 751564
272388 76922 272388 942668 271915 34982 271915 751564
272388 76922 272388 942668 276393 34982 276393 751564
276754 76922 276754 942668 276393 34982 276393 751564
279979 76922 279979 942668 276393 34982 276393 751564
281032 76922 281032 942668 276393 34982 276393 751564
281698 76922 281698 942668 276393 34982 276393 751564
281698 76922 281698 942668 282909 34982 282909 751564
285414 76922 285414 942668 282909 34982 282909 751564
287770 76922 287770 942668 282909 34982 282909 751564
288952 76922 288952 942668 282909 34982 282909 751564
290054 76922 290054 942668 282909 34982 282909 751564
294380 76922 294380 942668 282909 34982 282909 751564
296010 76922 296010 942668 282909 34982 282909 751564
296010 76922 296010 942668 298658 34982 298658 751564
298671 76922 298671 942668 298658 34982 298658 751564
298671 76922 298671 942668 300803 34982 300803 751564
298671 76922 298671 942668 301436 34982 301436 751564
301797 76922 301797 942668 301436 34982 301436 751564
303045 76922 303045 942668 301436 34982 301436 751564
303564 76922 303564 942668 301436 34982 301436 751564
305415 76922 305415 942668 301436 34982 301436 751564
306276 76922 306276 942668 301436 34982 301436 751564
306276 76922 306276 942668 307875 34982 307875 751564
309598 76922 309598 942668 307875 34982 307875 751564
309598 76922 309598 942668 310274 34982 310274 751564
315275 76922 315275 942668 310274 34982 310274 751564
317449 76922 317449 942668 310274 34982 310274 751564
317449 76922 317449 942668 317452 34982 317452 751564
319370 76922 319370 942668 317452 34982 317452 751564
319370 76922 319370 942668 319851 34982 319851 751564
320299 76922 320299 942668 319851 34982 319851 751564
321020 76922 321020 942668 319851 34982 319851 751564
321984 76922 321984 942668 319851 34982 319851 751564
321984 76922 321984 942668 323590 34982 323590 751564
321984 76922 321984 942668 324140 34982 324140 751564
321984 76922 321984 942668 325227 34982 325227 751564
325869 76922 325869 942668 325227 34982 325227 751564
325869 76922 325869 942668 326101 34982 326101 751564
327577 76922 327577 942668 326101 34982 326101 751564
327577 76922 327577 942668 327775 34982 327775 751564
327577 76922 327577 942668 328981 34982 328981 751564
332578 76922 332578 942668 328981 34982 328981 751564
332578 76922 332578 942668 332689 34982 332689 751564
336358 76922 336358 942668 332689 34982 332689 751564
338133 76922 338133 942668 332689 34982 332689 751564
338133 76922 338133 942668 338917 34982 338917 751564
340033 76922 340033 942668 338917 34982 338917 751564
340033 76922 340033 942668 341142 34982 341142 751564
344029 76922 344029 942668 341142 34982 341142 751564
344029 76922 344029 942668 344912 34982 344912 751564
345186 76922 345186 942668 344912 34982 344912 751564
345353 76922 345353 942668 344912 34982 344912 751564
346684 76922 346684 942668 344912 34982 344912 751564
347993 76922 347993 942668 344912 34982 344912 751564
350923 76922 350923 942668 344912 34982 344912 751564
350923 76922 350923 942668 351263 34982 351263 751564
352280 76922 352280 942668 351263 34982 351263 751564
352902 76922 352902 942668 351263 34982 351263 751564
352902 76922 352902 942668 353298 34982 353298 751564
354017 76922 354017 942668 353298 34982 353298 751564
354017 76922 354017 942668 354782 34982 354782 751564
354017 76922 354017 942668 355104 34982 355104 751564
354017 76922 354017 942668 355591 34982 355591 751564
356554 76922 356554 942668 355591 34982 355591 751564
356961 76922 356961 942668 355591 34982 355591 751564
356961 76922 356961 942668 358969 34982 358969 751564
361010 76922 361010 942668 358969 34982 358969 751564
361145 76922 361145 942668 358969 34982 358969 751564
361145 76922 361145 942668 362627 34982 362627 751564
361145 76922 361145 942668 363684 34982 363684 751564
365508 76922 365508 942668 363684 34982 363684 751564
366418 76922 366418 942668 363684 34982 363684 751564
366418 76922 366418 942668 371997 34982 371997 751564
372416 76922 372416 942668 371997 34982 371997 751564
372416 76922 372416 942668 372665 34982 372665 751564
372416 76922 372416 942668 372825 34982 372825 751564
373608 76922 373608 942668 372825 34982 372825 751564
373608 76922 373608 942668 375017 34982 375017 751564
375381 76922 375381 942668 375017 34982 375017 751564
376723 76922 376723 942668 375017 34982 375017 751564
376723 76922 376723 942668 377003 34982 377003 751564
376723 76922 376723 942668 377034 34982 377034 751564
381956 76922 381956 942668 377034 34982 377034 751564
383179 76922 383179 942668 377034 34982 377034 751564
383179 76922 383179 942668 385262 34982 385262 751564
383179 76922 383179 942668 386051 34982 386051 751564
392719 76922 392719 942668 386051 34982 386051 751564
393260 76922 393260 942668 386051 34982 386051 751564
393260 76922 393260 942668 394324 34982 394324 751564
393260 76922 393260 942668 395660 34982 395660 751564
399792 76922 399792 942668 395660 34982 395660 751564
399792 76922 399792 942668 401957 34982 401957 751564
399792 76922 399792 942668 403204 34982 403204 751564
404549 76922 404549 942668 403204 34982 403204 751564
404549 76922 404549 942668 405339 34982 405339 751564
411468 76922 411468 942668 405339 34982 405339 751564
411468 76922 411468 942668 413400 34982 413400 751564
425647 76922 425647 942668 413400 34982 413400 751564
425647 76922 425647 942668 427462 34982 427462 751564
428852 76922 428852 942668 427462 34982 427462 751564
428852 76922 428852 942668 429029 34982 429029 751564
428852 76922 428852 942668 431292 34982 431292 751564
433712 76922 433712 942668 431292 34982 431292 751564
435283 76922 435283 942668 431292 34982 431292 751564
443684 76922 443684 942668 431292 34982 431292 751564
444109 76922 444109 942668 431292 34982 431292 751564
444109 76922 444109 942668 444835 34982 444835 751564
444109 76922 444109 942668 445266 34982 445266 751564
450182 76922 450182 942668 445266 34982 445266 751564
452201 76922 452201 942668 445266 34982 445266 751564
453462 76922 453462 942668 445266 34982 445266 751564
453462 76922 453462 942668 456833 34982 456833 751564
453462 76922 453462 942668 460235 34982 460235 751564
453462 76922 453462 942668 464774 34982 464774 751564
478749 76922 478749 942668 464774 34982 464774 751564
478749 76922 478749 942668 480884 34982 480884 751564
478749 76922 478749 942668 481976 34982 481976 751564
482737 76922 482737 942668 481976 34982 481976 751564
486773 76922 486773 942668 481976 34982 481976 751564
486793 76922 486793 942668 481976 34982 481976 751564
486793 76922 486793 942668 488890 34982 488890 751564
489408 76922 489408 942668 488890 34982 488890 751564
489408 76922 489408 942668 500893 34982 500893 751564
509250 76922 509250 942668 500893 34982 500893 751564
509250 76922 509250 942668 524973 34982 524973 751564
509250 76922 509250 942668 531392 34982 531392 751564
531507 76922 531507 942668 531392 34982 531392 751564
531507 76922 531507 942668 544008 34982 544008 751564
546402 76922 546402 942668 544008 34982 544008 751564
546402 76922 546402 942668 548102 34982 548102 751564
546402 76922 546402 942668 554024 34982 554024 751564
546402 76922 546402 942668 555201 34982 555201 751564
556875 76922 556875 942668 555201 34982 555201 751564
556875 76922 556875 942668 557038 34982 557038 751564
561690 76922 561690 942668 557038 34982 557038 751564
561690 76922 561690 942668 575512 34982 575512 751564
561690 76922 561690 942668 576967 34982 576967 751564
561690 76922 561690 942668 577130 34982 577130 751564
561690 76922 561690 942668 578317 34982 578317 751564
561690 76922 561690 942668 589361 34982 589361 751564
561690 76922 561690 942668 590285 34982 590285 751564
561690 76922 561690 942668 592517 34982 592517 751564
561690 76922 561690 942668 593951 34982 593951 751564
561690 76922 561690 942668 594156 34982 594156 751564
561690 76922 561690 942668 595613 34982 595613 751564
600644 76922 600644 942668 595613 34982 595613 751564
600644 76922 600644 942668 603700 34982 603700 751564
600644 76922 600644 942668 606947 34982 606947 751564
600644 76922 600644 942668 607747 34982 607747 751564
600644 76922 600644 942668 610706 34982 610706 751564
600644 76922 600644 942668 611428 34982 611428 751564
600644 76922 600644 942668 613590 34982 613590 751564
600644 76922 600644 942668 621683 34982 621683 751564
627872 76922 627872 942668 621683 34982 621683 751564
627872 76922 627872 942668 632085 34982 632085 751564
634153 76922 634153 942668 632085 34982 632085 751564
634153 76922 634153 942668 634929 34982 634929 751564
634153 76922 634153 942668 639119 34982 639119 751564
634153 76922 634153 942668 641005 34982 641005 751564
634153 76922 634153 942668 643500 34982 643500 751564
634153 76922 634153 942668 649040 34982 649040 751564
634153 76922 634153 942668 651640 34982 651640 751564
634153 76922 634153 942668 651733 34982 651733 751564
634153 76922 634153 942668 657115 34982 657115 751564
634153 76922 634153 942668 659342 34982 659342 751564
660025 76922 660025 942668 659342 34982 659342 751564
660025 76922 660025 942668 664359 34982 664359 751564
665956 76922 665956 942668 664359 34982 664359 751564
665956 76922 665956 942668 670439 34982 670439 751564
665956 76922 665956 942668 688584 34982 688584 751564
691432 76922 691432 942668 688584 34982 688584 751564
692260 76922 692260 942668 688584 34982 688584 751564
724805 76922 724805 942668 688584 34982 688584 751564
725273 76922 725273 942668 688584 34982 688584 751564
763923 76922 763923 942668 688584 34982 688584 751564
862567 76922 862567 942668 688584 34982 688584 751564
