232426 95655 232426 811810 92927 114174 92927 689764
232426 95655 232426 811810 92927 114174 92927 689764
232426 95655 232426 811810 118179 114174 118179 689764
232426 95655 232426 811810 132384 114174 132384 689764
232426 95655 232426 811810 154346 114174 154346 689764
232426 95655 232426 811810 167404 114174 167404 689764
232426 95655 232426 811810 168322 114174 168322 689764
232426 95655 232426 811810 172842 114174 172842 689764
232426 95655 232426 811810 176859 114174 176859 689764
232426 95655 232426 811810 180288 114174 180288 689764
232426 95655 232426 811810 185242 114174 185242 689764
232426 95655 232426 811810 190683 114174 190683 689764
232426 95655 232426 811810 194332 114174 194332 689764
232426 95655 232426 811810 208270 114174 208270 689764
232426 95655 232426 811810 212103 114174 212103 689764
232426 95655 232426 811810 216401 114174 216401 689764
232426 95655 232426 811810 219241 114174 219241 689764
232426 95655 232426 811810 221262 114174 221262 689764
232426 95655 232426 811810 224069 114174 224069 689764
232426 95655 232426 811810 241858 114174 241858 689764
250293 95655 250293 811810 241858 114174 241858 689764
250293 95655 250293 811810 250308 114174 250308 689764
250293 95655 250293 811810 251704 114174 251704 689764
250293 95655 250293 811810 252528 114174 252528 689764
250293 95655 250293 811810 270304 114174 270304 689764
250293 95655 250293 811810 274965 114174 274965 689764
281911 95655 281911 811810 274965 114174 274965 689764
281911 95655 281911 811810 290065 114174 290065 689764
281911 95655 281911 811810 293526 114174 293526 689764
305319 95655 305319 811810 293526 114174 293526 689764
305319 95655 305319 811810 306478 114174 306478 689764
305319 95655 305319 811810 308025 114174 308025 689764
310988 95655 310988 811810 308025 114174 308025 689764
316944 95655 316944 811810 308025 114174 308025 689764
321082 95655 321082 811810 308025 114174 308025 689764
327913 95655 327913 811810 308025 114174 308025 689764
327913 95655 327913 811810 329560 114174 329560 689764
327913 95655 327913 811810 333657 114174 333657 689764
359562 95655 359562 811810 333657 114174 333657 689764
372060 95655 372060 811810 333657 114174 333657 689764
382035 95655 382035 811810 333657 114174 333657 689764
386918 95655 386918 811810 333657 114174 333657 689764
386918 95655 386918 811810 393717 114174 393717 689764
394039 95655 394039 811810 393717 114174 393717 689764
394587 95655 394587 811810 393717 114174 393717 689764
395205 95655 395205 811810 393717 114174 393717 689764
396268 95655 396268 811810 393717 114174 393717 689764
405728 95655 405728 811810 393717 114174 393717 689764
408201 95655 408201 811810 393717 114174 393717 689764
408201 95655 408201 811810 408851 114174 408851 689764
408201 95655 408201 811810 412571 114174 412571 689764
414807 95655 414807 811810 412571 114174 412571 689764
416156 95655 416156 811810 412571 114174 412571 689764
423382 95655 423382 811810 412571 114174 412571 689764
423382 95655 423382 811810 429267 114174 429267 689764
423382 95655 423382 811810 431252 114174 431252 689764
458682 95655 458682 811810 431252 114174 431252 689764
459935 95655 459935 811810 431252 114174 431252 689764
461922 95655 461922 811810 431252 114174 431252 689764
466218 95655 466218 811810 431252 114174 431252 689764
474711 95655 474711 811810 431252 114174 431252 689764
476758 95655 476758 811810 431252 114174 431252 689764
482585 95655 482585 811810 431252 114174 431252 689764
484969 95655 484969 811810 431252 114174 431252 689764
486358 95655 486358 811810 431252 114174 431252 689764
488379 95655 488379 811810 431252 114174 431252 689764
493520 95655 493520 811810 431252 114174 431252 689764
511928 95655 511928 811810 431252 114174 431252 689764
513746 95655 513746 811810 431252 114174 431252 689764
517340 95655 517340 811810 431252 114174 431252 689764
521112 95655 521112 811810 431252 114174 431252 689764
524621 95655 524621 811810 431252 114174 431252 689764
525985 95655 525985 811810 431252 114174 431252 689764
531070 95655 531070 811810 431252 114174 431252 689764
536699 95655 536699 811810 431252 114174 431252 689764
545067 95655 545067 811810 431252 114174 431252 689764
545849 95655 545849 811810 431252 114174 431252 689764
545894 95655 545894 811810 431252 114174 431252 689764
546614 95655 546614 811810 431252 114174 431252 689764
547614 95655 547614 811810 431252 114174 431252 689764
550933 95655 550933 811810 431252 114174 431252 689764
552271 95655 552271 811810 431252 114174 431252 689764
568814 95655 568814 811810 431252 114174 431252 689764
574683 95655 574683 811810 431252 114174 431252 689764
575175 95655 575175 811810 431252 114174 431252 689764
575932 95655 575932 811810 431252 114174 431252 689764
575932 95655 575932 811810 576392 114174 576392 689764
579635 95655 579635 811810 576392 114174 576392 689764
584697 95655 584697 811810 576392 114174 576392 689764
587295 95655 587295 811810 576392 114174 576392 689764
595391 95655 595391 811810 576392 114174 576392 689764
596233 95655 596233 811810 576392 114174 576392 689764
596233 95655 596233 811810 599299 114174 599299 689764
601005 95655 601005 811810 599299 114174 599299 689764
602688 95655 602688 811810 599299 114174 599299 689764
604260 95655 604260 811810 599299 114174 599299 689764
604931 95655 604931 811810 599299 114174 599299 689764
605832 95655 605832 811810 599299 114174 599299 689764
608043 95655 608043 811810 599299 114174 599299 689764
612342 95655 612342 811810 599299 114174 599299 689764
615413 95655 615413 811810 599299 114174 599299 689764
618508 95655 618508 811810 599299 114174 599299 689764
619456 95655 619456 811810 599299 114174 599299 689764
619456 95655 619456 811810 622770 114174 622770 689764
631454 95655 631454 811810 622770 114174 622770 689764
632285 95655 632285 811810 622770 114174 622770 689764
634674 95655 634674 811810 622770 114174 622770 689764
634674 95655 634674 811810 638204 114174 638204 689764
639716 95655 639716 811810 638204 114174 638204 689764
639716 95655 639716 811810 640637 114174 640637 689764
642276 95655 642276 811810 640637 114174 640637 689764
642513 95655 642513 811810 640637 114174 640637 689764
642513 95655 642513 811810 646454 114174 646454 689764
653600 95655 653600 811810 646454 114174 646454 689764
653600 95655 653600 811810 653888 114174 653888 689764
659155 95655 659155 811810 653888 114174 653888 689764
664827 95655 664827 811810 653888 114174 653888 689764
664827 95655 664827 811810 665165 114174 665165 689764
664827 95655 664827 811810 668107 114174 668107 689764
673318 95655 673318 811810 668107 114174 668107 689764
673663 95655 673663 811810 668107 114174 668107 689764
674341 95655 674341 811810 668107 114174 668107 689764
674341 95655 674341 811810 676851 114174 676851 689764
674341 95655 674341 811810 683633 114174 683633 689764
684211 95655 684211 811810 683633 114174 683633 689764
684211 95655 684211 811810 684711 114174 684711 689764
684211 95655 684211 811810 684970 114174 684970 689764
685377 95655 685377 811810 684970 114174 684970 689764
685377 95655 685377 811810 686279 114174 686279 689764
686307 95655 686307 811810 686279 114174 686279 689764
686307 95655 686307 811810 686548 114174 686548 689764
686307 95655 686307 811810 688624 114174 688624 689764
686307 95655 686307 811810 689466 114174 689466 689764
691399 95655 691399 811810 689466 114174 689466 689764
691399 95655 691399 811810 702498 114174 702498 689764
705094 95655 705094 811810 702498 114174 702498 689764
705094 95655 705094 811810 708539 114174 708539 689764
705094 95655 705094 811810 713154 114174 713154 689764
720800 95655 720800 811810 713154 114174 713154 689764
720800 95655 720800 811810 722182 114174 722182 689764
720800 95655 720800 811810 722445 114174 722445 689764
722518 95655 722518 811810 722445 114174 722445 689764
722518 95655 722518 811810 722774 114174 722774 689764
722518 95655 722518 811810 724176 114174 724176 689764
722518 95655 722518 811810 725527 114174 725527 689764
722518 95655 722518 811810 725705 114174 725705 689764
722518 95655 722518 811810 726396 114174 726396 689764
722518 95655 722518 811810 726807 114174 726807 689764
722518 95655 722518 811810 730474 114174 730474 689764
722518 95655 722518 811810 731456 114174 731456 689764
722518 95655 722518 811810 732978 114174 732978 689764
722518 95655 722518 811810 733138 114174 733138 689764
722518 95655 722518 811810 733514 114174 733514 689764
735621 95655 735621 811810 733514 114174 733514 689764
738969 95655 738969 811810 733514 114174 733514 689764
738969 95655 738969 811810 741698 114174 741698 689764
738969 95655 738969 811810 742048 114174 742048 689764
738969 95655 738969 811810 743631 114174 743631 689764
743738 95655 743738 811810 743631 114174 743631 689764
743738 95655 743738 811810 744867 114174 744867 689764
743738 95655 743738 811810 745820 114174 745820 689764
748896 95655 748896 811810 745820 114174 745820 689764
748921 95655 748921 811810 745820 114174 745820 689764
751143 95655 751143 811810 745820 114174 745820 689764
752635 95655 752635 811810 745820 114174 745820 689764
752635 95655 752635 811810 753094 114174 753094 689764
752635 95655 752635 811810 756339 114174 756339 689764
752635 95655 752635 811810 756468 114174 756468 689764
752635 95655 752635 811810 761184 114174 761184 689764
766003 95655 766003 811810 761184 114174 761184 689764
772407 95655 772407 811810 761184 114174 761184 689764
772407 95655 772407 811810 778576 114174 778576 689764
772407 95655 772407 811810 778874 114174 778874 689764
772407 95655 772407 811810 780647 114174 780647 689764
782087 95655 782087 811810 780647 114174 780647 689764
782087 95655 782087 811810 786212 114174 786212 689764
782087 95655 782087 811810 789024 114174 789024 689764
782087 95655 782087 811810 790410 114174 790410 689764
792241 95655 792241 811810 790410 114174 790410 689764
792241 95655 792241 811810 793378 114174 793378 689764
792241 95655 792241 811810 793395 114174 793395 689764
792241 95655 792241 811810 796091 114174 796091 689764
802336 95655 802336 811810 796091 114174 796091 689764
802336 95655 802336 811810 802880 114174 802880 689764
805215 95655 805215 811810 802880 114174 802880 689764
806584 95655 806584 811810 802880 114174 802880 689764
806584 95655 806584 811810 807015 114174 807015 689764
806584 95655 806584 811810 807904 114174 807904 689764
806584 95655 806584 811810 815837 114174 815837 689764
820976 95655 820976 811810 815837 114174 815837 689764
820976 95655 820976 811810 821651 114174 821651 689764
820976 95655 820976 811810 834947 114174 834947 689764
820976 95655 820976 811810 838093 114174 838093 689764
820976 95655 820976 811810 838259 114174 838259 689764
820976 95655 820976 811810 839183 114174 839183 689764
820976 95655 820976 811810 858384 114174 858384 689764
820976 95655 820976 811810 860410 114174 860410 689764
820976 95655 820976 811810 894326 114174 894326 689764
820976 95655 820976 811810 898028 114174 898028 689764
820976 95655 820976 811810 942056 114174 942056 689764
