235925 173681 235925 836358 86437 319844 86437 835677
235925 173681 235925 836358 86437 319844 86437 835677
235925 173681 235925 836358 161097 319844 161097 835677
235925 173681 235925 836358 207379 319844 207379 835677
235925 173681 235925 836358 212065 319844 212065 835677
235925 173681 235925 836358 227501 319844 227501 835677
235925 173681 235925 836358 230817 319844 230817 835677
235925 173681 235925 836358 236287 319844 236287 835677
235925 173681 235925 836358 246199 319844 246199 835677
235925 173681 235925 836358 248196 319844 248196 835677
251710 173681 251710 836358 248196 319844 248196 835677
254723 173681 254723 836358 248196 319844 248196 835677
255101 173681 255101 836358 248196 319844 248196 835677
255101 173681 255101 836358 259797 319844 259797 835677
260355 173681 260355 836358 259797 319844 259797 835677
260355 173681 260355 836358 261263 319844 261263 835677
260355 173681 260355 836358 271709 319844 271709 835677
260355 173681 260355 836358 275904 319844 275904 835677
260355 173681 260355 836358 280510 319844 280510 835677
260355 173681 260355 836358 284413 319844 284413 835677
288589 173681 288589 836358 284413 319844 284413 835677
297135 173681 297135 836358 284413 319844 284413 835677
297369 173681 297369 836358 284413 319844 284413 835677
299742 173681 299742 836358 284413 319844 284413 835677
308831 173681 308831 836358 284413 319844 284413 835677
317678 173681 317678 836358 284413 319844 284413 835677
318995 173681 318995 836358 284413 319844 284413 835677
327965 173681 327965 836358 284413 319844 284413 835677
333209 173681 333209 836358 284413 319844 284413 835677
336595 173681 336595 836358 284413 319844 284413 835677
336595 173681 336595 836358 338141 319844 338141 835677
338202 173681 338202 836358 338141 319844 338141 835677
344883 173681 344883 836358 338141 319844 338141 835677
344994 173681 344994 836358 338141 319844 338141 835677
350965 173681 350965 836358 338141 319844 338141 835677
357311 173681 357311 836358 338141 319844 338141 835677
359745 173681 359745 836358 338141 319844 338141 835677
370149 173681 370149 836358 338141 319844 338141 835677
377090 173681 377090 836358 338141 319844 338141 835677
377174 173681 377174 836358 338141 319844 338141 835677
377174 173681 377174 836358 379705 319844 379705 835677
401633 173681 401633 836358 379705 319844 379705 835677
410267 173681 410267 836358 379705 319844 379705 835677
421186 173681 421186 836358 379705 319844 379705 835677
421816 173681 421816 836358 379705 319844 379705 835677
423850 173681 423850 836358 379705 319844 379705 835677
426594 173681 426594 836358 379705 319844 379705 835677
427322 173681 427322 836358 379705 319844 379705 835677
429741 173681 429741 836358 379705 319844 379705 835677
429741 173681 429741 836358 430883 319844 430883 835677
432691 173681 432691 836358 430883 319844 430883 835677
435582 173681 435582 836358 430883 319844 430883 835677
435697 173681 435697 836358 430883 319844 430883 835677
438502 173681 438502 836358 430883 319844 430883 835677
441384 173681 441384 836358 430883 319844 430883 835677
444596 173681 444596 836358 430883 319844 430883 835677
444596 173681 444596 836358 447085 319844 447085 835677
452145 173681 452145 836358 447085 319844 447085 835677
456160 173681 456160 836358 447085 319844 447085 835677
457750 173681 457750 836358 447085 319844 447085 835677
461312 173681 461312 836358 447085 319844 447085 835677
472559 173681 472559 836358 447085 319844 447085 835677
479294 173681 479294 836358 447085 319844 447085 835677
479294 173681 479294 836358 498975 319844 498975 835677
479294 173681 479294 836358 499112 319844 499112 835677
479294 173681 479294 836358 505621 319844 505621 835677
479294 173681 479294 836358 506045 319844 506045 835677
479294 173681 479294 836358 513769 319844 513769 835677
516009 173681 516009 836358 513769 319844 513769 835677
516009 173681 516009 836358 536242 319844 536242 835677
539229 173681 539229 836358 536242 319844 536242 835677
539229 173681 539229 836358 546232 319844 546232 835677
539229 173681 539229 836358 547136 319844 547136 835677
539229 173681 539229 836358 548905 319844 548905 835677
539229 173681 539229 836358 556753 319844 556753 835677
539229 173681 539229 836358 557094 319844 557094 835677
539229 173681 539229 836358 558076 319844 558076 835677
539229 173681 539229 836358 558747 319844 558747 835677
539229 173681 539229 836358 559684 319844 559684 835677
539229 173681 539229 836358 562071 319844 562071 835677
539229 173681 539229 836358 566365 319844 566365 835677
539229 173681 539229 836358 568550 319844 568550 835677
539229 173681 539229 836358 570578 319844 570578 835677
539229 173681 539229 836358 572627 319844 572627 835677
539229 173681 539229 836358 575639 319844 575639 835677
539229 173681 539229 836358 575813 319844 575813 835677
539229 173681 539229 836358 581120 319844 581120 835677
539229 173681 539229 836358 582520 319844 582520 835677
539229 173681 539229 836358 582851 319844 582851 835677
583524 173681 583524 836358 582851 319844 582851 835677
583524 173681 583524 836358 583884 319844 583884 835677
583524 173681 583524 836358 585688 319844 585688 835677
583524 173681 583524 836358 585755 319844 585755 835677
587037 173681 587037 836358 585755 319844 585755 835677
588430 173681 588430 836358 585755 319844 585755 835677
594533 173681 594533 836358 585755 319844 585755 835677
594533 173681 594533 836358 595737 319844 595737 835677
594533 173681 594533 836358 599004 319844 599004 835677
594533 173681 594533 836358 600508 319844 600508 835677
594533 173681 594533 836358 608631 319844 608631 835677
594533 173681 594533 836358 609915 319844 609915 835677
594533 173681 594533 836358 610823 319844 610823 835677
594533 173681 594533 836358 612801 319844 612801 835677
594533 173681 594533 836358 613197 319844 613197 835677
615532 173681 615532 836358 613197 319844 613197 835677
618461 173681 618461 836358 613197 319844 613197 835677
618461 173681 618461 836358 618734 319844 618734 835677
621484 173681 621484 836358 618734 319844 618734 835677
621484 173681 621484 836358 622704 319844 622704 835677
621484 173681 621484 836358 627318 319844 627318 835677
621484 173681 621484 836358 630096 319844 630096 835677
621484 173681 621484 836358 633436 319844 633436 835677
621484 173681 621484 836358 634478 319844 634478 835677
621484 173681 621484 836358 635071 319844 635071 835677
635375 173681 635375 836358 635071 319844 635071 835677
635375 173681 635375 836358 637386 319844 637386 835677
638172 173681 638172 836358 637386 319844 637386 835677
640491 173681 640491 836358 637386 319844 637386 835677
643556 173681 643556 836358 637386 319844 637386 835677
656166 173681 656166 836358 637386 319844 637386 835677
656166 173681 656166 836358 656649 319844 656649 835677
658457 173681 658457 836358 656649 319844 656649 835677
658748 173681 658748 836358 656649 319844 656649 835677
658748 173681 658748 836358 659862 319844 659862 835677
658748 173681 658748 836358 666984 319844 666984 835677
658748 173681 658748 836358 670348 319844 670348 835677
671148 173681 671148 836358 670348 319844 670348 835677
671148 173681 671148 836358 672387 319844 672387 835677
677573 173681 677573 836358 672387 319844 672387 835677
677573 173681 677573 836358 678554 319844 678554 835677
679260 173681 679260 836358 678554 319844 678554 835677
685276 173681 685276 836358 678554 319844 678554 835677
685276 173681 685276 836358 688340 319844 688340 835677
685276 173681 685276 836358 691262 319844 691262 835677
685276 173681 685276 836358 693018 319844 693018 835677
693444 173681 693444 836358 693018 319844 693018 835677
693444 173681 693444 836358 699492 319844 699492 835677
701638 173681 701638 836358 699492 319844 699492 835677
702619 173681 702619 836358 699492 319844 699492 835677
702619 173681 702619 836358 707901 319844 707901 835677
702619 173681 702619 836358 708144 319844 708144 835677
702619 173681 702619 836358 710808 319844 710808 835677
702619 173681 702619 836358 712077 319844 712077 835677
712335 173681 712335 836358 712077 319844 712077 835677
712335 173681 712335 836358 714674 319844 714674 835677
716293 173681 716293 836358 714674 319844 714674 835677
717050 173681 717050 836358 714674 319844 714674 835677
717050 173681 717050 836358 718346 319844 718346 835677
717050 173681 717050 836358 718890 319844 718890 835677
721159 173681 721159 836358 718890 319844 718890 835677
721159 173681 721159 836358 721752 319844 721752 835677
721159 173681 721159 836358 722296 319844 722296 835677
721159 173681 721159 836358 722961 319844 722961 835677
721159 173681 721159 836358 724780 319844 724780 835677
726132 173681 726132 836358 724780 319844 724780 835677
727601 173681 727601 836358 724780 319844 724780 835677
727719 173681 727719 836358 724780 319844 724780 835677
729240 173681 729240 836358 724780 319844 724780 835677
729315 173681 729315 836358 724780 319844 724780 835677
729315 173681 729315 836358 730804 319844 730804 835677
729315 173681 729315 836358 731012 319844 731012 835677
732159 173681 732159 836358 731012 319844 731012 835677
732206 173681 732206 836358 731012 319844 731012 835677
732206 173681 732206 836358 735361 319844 735361 835677
732206 173681 732206 836358 738461 319844 738461 835677
732206 173681 732206 836358 745570 319844 745570 835677
732206 173681 732206 836358 748059 319844 748059 835677
749709 173681 749709 836358 748059 319844 748059 835677
749796 173681 749796 836358 748059 319844 748059 835677
749796 173681 749796 836358 750302 319844 750302 835677
749796 173681 749796 836358 751495 319844 751495 835677
749796 173681 749796 836358 755645 319844 755645 835677
749796 173681 749796 836358 759002 319844 759002 835677
759278 173681 759278 836358 759002 319844 759002 835677
761856 173681 761856 836358 759002 319844 759002 835677
764198 173681 764198 836358 759002 319844 759002 835677
767296 173681 767296 836358 759002 319844 759002 835677
770649 173681 770649 836358 759002 319844 759002 835677
771666 173681 771666 836358 759002 319844 759002 835677
771666 173681 771666 836358 774240 319844 774240 835677
775032 173681 775032 836358 774240 319844 774240 835677
779970 173681 779970 836358 774240 319844 774240 835677
780190 173681 780190 836358 774240 319844 774240 835677
784388 173681 784388 836358 774240 319844 774240 835677
784388 173681 784388 836358 787679 319844 787679 835677
791348 173681 791348 836358 787679 319844 787679 835677
795939 173681 795939 836358 787679 319844 787679 835677
796627 173681 796627 836358 787679 319844 787679 835677
798587 173681 798587 836358 787679 319844 787679 835677
800554 173681 800554 836358 787679 319844 787679 835677
807589 173681 807589 836358 787679 319844 787679 835677
807589 173681 807589 836358 809820 319844 809820 835677
819041 173681 819041 836358 809820 319844 809820 835677
819041 173681 819041 836358 820405 319844 820405 835677
827395 173681 827395 836358 820405 319844 820405 835677
827395 173681 827395 836358 830893 319844 830893 835677
827395 173681 827395 836358 841570 319844 841570 835677
827395 173681 827395 836358 859405 319844 859405 835677
867092 173681 867092 836358 859405 319844 859405 835677
870060 173681 870060 836358 859405 319844 859405 835677
