95044 67185 95044 860008 179169 132746 179169 805533
95044 67185 95044 860008 179169 132746 179169 805533
155702 67185 155702 860008 179169 132746 179169 805533
155702 67185 155702 860008 186111 132746 186111 805533
199288 67185 199288 860008 186111 132746 186111 805533
213277 67185 213277 860008 186111 132746 186111 805533
213277 67185 213277 860008 235069 132746 235069 805533
235153 67185 235153 860008 235069 132746 235069 805533
264711 67185 264711 860008 235069 132746 235069 805533
272106 67185 272106 860008 235069 132746 235069 805533
277175 67185 277175 860008 235069 132746 235069 805533
279157 67185 279157 860008 235069 132746 235069 805533
279157 67185 279157 860008 281707 132746 281707 805533
279157 67185 279157 860008 314853 132746 314853 805533
319131 67185 319131 860008 314853 132746 314853 805533
320216 67185 320216 860008 314853 132746 314853 805533
321082 67185 321082 860008 314853 132746 314853 805533
321082 67185 321082 860008 322787 132746 322787 805533
325347 67185 325347 860008 322787 132746 322787 805533
337091 67185 337091 860008 322787 132746 322787 805533
337174 67185 337174 860008 322787 132746 322787 805533
337174 67185 337174 860008 338800 132746 338800 805533
342056 67185 342056 860008 338800 132746 338800 805533
378076 67185 378076 860008 338800 132746 338800 805533
391373 67185 391373 860008 338800 132746 338800 805533
392300 67185 392300 860008 338800 132746 338800 805533
392300 67185 392300 860008 397928 132746 397928 805533
392300 67185 392300 860008 417132 132746 417132 805533
392300 67185 392300 860008 418255 132746 418255 805533
432816 67185 432816 860008 418255 132746 418255 805533
448319 67185 448319 860008 418255 132746 418255 805533
448890 67185 448890 860008 418255 132746 418255 805533
452729 67185 452729 860008 418255 132746 418255 805533
452729 67185 452729 860008 460259 132746 460259 805533
462943 67185 462943 860008 460259 132746 460259 805533
466285 67185 466285 860008 460259 132746 460259 805533
467193 67185 467193 860008 460259 132746 460259 805533
467193 67185 467193 860008 471523 132746 471523 805533
467193 67185 467193 860008 482489 132746 482489 805533
467193 67185 467193 860008 490834 132746 490834 805533
467193 67185 467193 860008 493849 132746 493849 805533
467193 67185 467193 860008 507728 132746 507728 805533
508704 67185 508704 860008 507728 132746 507728 805533
508704 67185 508704 860008 513941 132746 513941 805533
508704 67185 508704 860008 514021 132746 514021 805533
508704 67185 508704 860008 520352 132746 520352 805533
508704 67185 508704 860008 521802 132746 521802 805533
522565 67185 522565 860008 521802 132746 521802 805533
522565 67185 522565 860008 525853 132746 525853 805533
527168 67185 527168 860008 525853 132746 525853 805533
527168 67185 527168 860008 529818 132746 529818 805533
530785 67185 530785 860008 529818 132746 529818 805533
530785 67185 530785 860008 531964 132746 531964 805533
530785 67185 530785 860008 532534 132746 532534 805533
534362 67185 534362 860008 532534 132746 532534 805533
534362 67185 534362 860008 535181 132746 535181 805533
534362 67185 534362 860008 535685 132746 535685 805533
534362 67185 534362 860008 541029 132746 541029 805533
534362 67185 534362 860008 542407 132746 542407 805533
534362 67185 534362 860008 543118 132746 543118 805533
534362 67185 534362 860008 544566 132746 544566 805533
534362 67185 534362 860008 545134 132746 545134 805533
534362 67185 534362 860008 545464 132746 545464 805533
534362 67185 534362 860008 547504 132746 547504 805533
534362 67185 534362 860008 548531 132746 548531 805533
534362 67185 534362 860008 548578 132746 548578 805533
534362 67185 534362 860008 548832 132746 548832 805533
534362 67185 534362 860008 549887 132746 549887 805533
534362 67185 534362 860008 551456 132746 551456 805533
534362 67185 534362 860008 552590 132746 552590 805533
534362 67185 534362 860008 554153 132746 554153 805533
556444 67185 556444 860008 554153 132746 554153 805533
556444 67185 556444 860008 558564 132746 558564 805533
556444 67185 556444 860008 559534 132746 559534 805533
556444 67185 556444 860008 560478 132746 560478 805533
562901 67185 562901 860008 560478 132746 560478 805533
562901 67185 562901 860008 563250 132746 563250 805533
562901 67185 562901 860008 563567 132746 563567 805533
562901 67185 562901 860008 564668 132746 564668 805533
568164 67185 568164 860008 564668 132746 564668 805533
568164 67185 568164 860008 568677 132746 568677 805533
568164 67185 568164 860008 569598 132746 569598 805533
568164 67185 568164 860008 573423 132746 573423 805533
576282 67185 576282 860008 573423 132746 573423 805533
576320 67185 576320 860008 573423 132746 573423 805533
576320 67185 576320 860008 578299 132746 578299 805533
576320 67185 576320 860008 579405 132746 579405 805533
576320 67185 576320 860008 580681 132746 580681 805533
576320 67185 576320 860008 581610 132746 581610 805533
576320 67185 576320 860008 581705 132746 581705 805533
584301 67185 584301 860008 581705 132746 581705 805533
584301 67185 584301 860008 585100 132746 585100 805533
587171 67185 587171 860008 585100 132746 585100 805533
587378 67185 587378 860008 585100 132746 585100 805533
587378 67185 587378 860008 588821 132746 588821 805533
587378 67185 587378 860008 590316 132746 590316 805533
587378 67185 587378 860008 593488 132746 593488 805533
587378 67185 587378 860008 593515 132746 593515 805533
593969 67185 593969 860008 593515 132746 593515 805533
594642 67185 594642 860008 593515 132746 593515 805533
594642 67185 594642 860008 594907 132746 594907 805533
594642 67185 594642 860008 595673 132746 595673 805533
594642 67185 594642 860008 596699 132746 596699 805533
594642 67185 594642 860008 598175 132746 598175 805533
594642 67185 594642 860008 601505 132746 601505 805533
603341 67185 603341 860008 601505 132746 601505 805533
607884 67185 607884 860008 601505 132746 601505 805533
608758 67185 608758 860008 601505 132746 601505 805533
609704 67185 609704 860008 601505 132746 601505 805533
611367 67185 611367 860008 601505 132746 601505 805533
614676 67185 614676 860008 601505 132746 601505 805533
614814 67185 614814 860008 601505 132746 601505 805533
616593 67185 616593 860008 601505 132746 601505 805533
616593 67185 616593 860008 616748 132746 616748 805533
616593 67185 616593 860008 617900 132746 617900 805533
618483 67185 618483 860008 617900 132746 617900 805533
618483 67185 618483 860008 621550 132746 621550 805533
625132 67185 625132 860008 621550 132746 621550 805533
625132 67185 625132 860008 626976 132746 626976 805533
628322 67185 628322 860008 626976 132746 626976 805533
628322 67185 628322 860008 628776 132746 628776 805533
628322 67185 628322 860008 629133 132746 629133 805533
629403 67185 629403 860008 629133 132746 629133 805533
630175 67185 630175 860008 629133 132746 629133 805533
630175 67185 630175 860008 630464 132746 630464 805533
632125 67185 632125 860008 630464 132746 630464 805533
634698 67185 634698 860008 630464 132746 630464 805533
635078 67185 635078 860008 630464 132746 630464 805533
635095 67185 635095 860008 630464 132746 630464 805533
635581 67185 635581 860008 630464 132746 630464 805533
636437 67185 636437 860008 630464 132746 630464 805533
641310 67185 641310 860008 630464 132746 630464 805533
641310 67185 641310 860008 641908 132746 641908 805533
642423 67185 642423 860008 641908 132746 641908 805533
642423 67185 642423 860008 643141 132746 643141 805533
645788 67185 645788 860008 643141 132746 643141 805533
646333 67185 646333 860008 643141 132746 643141 805533
647508 67185 647508 860008 643141 132746 643141 805533
648221 67185 648221 860008 643141 132746 643141 805533
649118 67185 649118 860008 643141 132746 643141 805533
649118 67185 649118 860008 650241 132746 650241 805533
650700 67185 650700 860008 650241 132746 650241 805533
650700 67185 650700 860008 651532 132746 651532 805533
650700 67185 650700 860008 653944 132746 653944 805533
654501 67185 654501 860008 653944 132746 653944 805533
657055 67185 657055 860008 653944 132746 653944 805533
657496 67185 657496 860008 653944 132746 653944 805533
664805 67185 664805 860008 653944 132746 653944 805533
664805 67185 664805 860008 665025 132746 665025 805533
665684 67185 665684 860008 665025 132746 665025 805533
666954 67185 666954 860008 665025 132746 665025 805533
666954 67185 666954 860008 669897 132746 669897 805533
666954 67185 666954 860008 671254 132746 671254 805533
679797 67185 679797 860008 671254 132746 671254 805533
681705 67185 681705 860008 671254 132746 671254 805533
684428 67185 684428 860008 671254 132746 671254 805533
684428 67185 684428 860008 684483 132746 684483 805533
685150 67185 685150 860008 684483 132746 684483 805533
686192 67185 686192 860008 684483 132746 684483 805533
686192 67185 686192 860008 686334 132746 686334 805533
686192 67185 686192 860008 686773 132746 686773 805533
688561 67185 688561 860008 686773 132746 686773 805533
689089 67185 689089 860008 686773 132746 686773 805533
689499 67185 689499 860008 686773 132746 686773 805533
692392 67185 692392 860008 686773 132746 686773 805533
692392 67185 692392 860008 692888 132746 692888 805533
692392 67185 692392 860008 697625 132746 697625 805533
703191 67185 703191 860008 697625 132746 697625 805533
703191 67185 703191 860008 703439 132746 703439 805533
703191 67185 703191 860008 705050 132746 705050 805533
705897 67185 705897 860008 705050 132746 705050 805533
707251 67185 707251 860008 705050 132746 705050 805533
710596 67185 710596 860008 705050 132746 705050 805533
711510 67185 711510 860008 705050 132746 705050 805533
715236 67185 715236 860008 705050 132746 705050 805533
715236 67185 715236 860008 715778 132746 715778 805533
718208 67185 718208 860008 715778 132746 715778 805533
718208 67185 718208 860008 720325 132746 720325 805533
718208 67185 718208 860008 721452 132746 721452 805533
724134 67185 724134 860008 721452 132746 721452 805533
728418 67185 728418 860008 721452 132746 721452 805533
731674 67185 731674 860008 721452 132746 721452 805533
742254 67185 742254 860008 721452 132746 721452 805533
742254 67185 742254 860008 746531 132746 746531 805533
753559 67185 753559 860008 746531 132746 746531 805533
755934 67185 755934 860008 746531 132746 746531 805533
755934 67185 755934 860008 756086 132746 756086 805533
756106 67185 756106 860008 756086 132746 756086 805533
756106 67185 756106 860008 761814 132746 761814 805533
756106 67185 756106 860008 767788 132746 767788 805533
756106 67185 756106 860008 767824 132746 767824 805533
756106 67185 756106 860008 777521 132746 777521 805533
782609 67185 782609 860008 777521 132746 777521 805533
782609 67185 782609 860008 785051 132746 785051 805533
787490 67185 787490 860008 785051 132746 785051 805533
787490 67185 787490 860008 802164 132746 802164 805533
802617 67185 802617 860008 802164 132746 802164 805533
802617 67185 802617 860008 803118 132746 803118 805533
802617 67185 802617 860008 841901 132746 841901 805533
802617 67185 802617 860008 856974 132746 856974 805533
