189222 210662 189222 829568 83335 154080 83335 865660
189222 210662 189222 829568 83335 154080 83335 865660
189222 210662 189222 829568 89513 154080 89513 865660
189222 210662 189222 829568 92684 154080 92684 865660
189222 210662 189222 829568 108153 154080 108153 865660
189222 210662 189222 829568 131551 154080 131551 865660
189222 210662 189222 829568 140299 154080 140299 865660
189222 210662 189222 829568 155768 154080 155768 865660
189222 210662 189222 829568 160201 154080 160201 865660
189222 210662 189222 829568 167186 154080 167186 865660
189222 210662 189222 829568 181170 154080 181170 865660
189222 210662 189222 829568 195095 154080 195095 865660
189222 210662 189222 829568 195824 154080 195824 865660
189222 210662 189222 829568 208237 154080 208237 865660
189222 210662 189222 829568 234883 154080 234883 865660
189222 210662 189222 829568 237440 154080 237440 865660
189222 210662 189222 829568 242612 154080 242612 865660
189222 210662 189222 829568 250802 154080 250802 865660
189222 210662 189222 829568 251225 154080 251225 865660
189222 210662 189222 829568 251412 154080 251412 865660
189222 210662 189222 829568 253196 154080 253196 865660
253220 210662 253220 829568 253196 154080 253196 865660
253220 210662 253220 829568 267378 154080 267378 865660
268603 210662 268603 829568 267378 154080 267378 865660
268603 210662 268603 829568 269631 154080 269631 865660
268603 210662 268603 829568 276817 154080 276817 865660
268603 210662 268603 829568 277397 154080 277397 865660
268603 210662 268603 829568 278768 154080 278768 865660
279005 210662 279005 829568 278768 154080 278768 865660
279147 210662 279147 829568 278768 154080 278768 865660
279147 210662 279147 829568 281569 154080 281569 865660
281624 210662 281624 829568 281569 154080 281569 865660
282150 210662 282150 829568 281569 154080 281569 865660
282150 210662 282150 829568 282451 154080 282451 865660
282150 210662 282150 829568 283791 154080 283791 865660
282150 210662 282150 829568 284994 154080 284994 865660
282150 210662 282150 829568 285169 154080 285169 865660
282150 210662 282150 829568 289526 154080 289526 865660
282150 210662 282150 829568 292571 154080 292571 865660
282150 210662 282150 829568 294566 154080 294566 865660
282150 210662 282150 829568 295116 154080 295116 865660
282150 210662 282150 829568 296342 154080 296342 865660
282150 210662 282150 829568 297758 154080 297758 865660
298281 210662 298281 829568 297758 154080 297758 865660
299258 210662 299258 829568 297758 154080 297758 865660
299258 210662 299258 829568 305091 154080 305091 865660
299258 210662 299258 829568 305223 154080 305223 865660
305983 210662 305983 829568 305223 154080 305223 865660
306439 210662 306439 829568 305223 154080 305223 865660
306439 210662 306439 829568 307964 154080 307964 865660
306439 210662 306439 829568 308161 154080 308161 865660
306439 210662 306439 829568 313229 154080 313229 865660
315424 210662 315424 829568 313229 154080 313229 865660
315424 210662 315424 829568 316840 154080 316840 865660
316856 210662 316856 829568 316840 154080 316840 865660
316856 210662 316856 829568 317158 154080 317158 865660
316856 210662 316856 829568 322074 154080 322074 865660
322673 210662 322673 829568 322074 154080 322074 865660
322673 210662 322673 829568 323308 154080 323308 865660
324443 210662 324443 829568 323308 154080 323308 865660
324443 210662 324443 829568 325778 154080 325778 865660
324443 210662 324443 829568 327647 154080 327647 865660
324443 210662 324443 829568 329778 154080 329778 865660
324443 210662 324443 829568 331365 154080 331365 865660
324443 210662 324443 829568 332725 154080 332725 865660
324443 210662 324443 829568 335266 154080 335266 865660
324443 210662 324443 829568 339001 154080 339001 865660
324443 210662 324443 829568 340343 154080 340343 865660
324443 210662 324443 829568 343087 154080 343087 865660
345149 210662 345149 829568 343087 154080 343087 865660
345149 210662 345149 829568 349119 154080 349119 865660
350722 210662 350722 829568 349119 154080 349119 865660
350722 210662 350722 829568 352145 154080 352145 865660
350722 210662 350722 829568 354532 154080 354532 865660
356544 210662 356544 829568 354532 154080 354532 865660
357182 210662 357182 829568 354532 154080 354532 865660
357182 210662 357182 829568 359226 154080 359226 865660
360266 210662 360266 829568 359226 154080 359226 865660
360266 210662 360266 829568 364120 154080 364120 865660
364158 210662 364158 829568 364120 154080 364120 865660
366285 210662 366285 829568 364120 154080 364120 865660
366285 210662 366285 829568 370372 154080 370372 865660
370597 210662 370597 829568 370372 154080 370372 865660
370597 210662 370597 829568 370694 154080 370694 865660
370597 210662 370597 829568 371905 154080 371905 865660
373512 210662 373512 829568 371905 154080 371905 865660
373512 210662 373512 829568 374843 154080 374843 865660
373512 210662 373512 829568 379438 154080 379438 865660
373512 210662 373512 829568 380729 154080 380729 865660
373512 210662 373512 829568 381378 154080 381378 865660
381594 210662 381594 829568 381378 154080 381378 865660
382071 210662 382071 829568 381378 154080 381378 865660
382305 210662 382305 829568 381378 154080 381378 865660
382305 210662 382305 829568 389281 154080 389281 865660
382305 210662 382305 829568 389446 154080 389446 865660
394059 210662 394059 829568 389446 154080 389446 865660
395100 210662 395100 829568 389446 154080 389446 865660
395100 210662 395100 829568 401145 154080 401145 865660
395100 210662 395100 829568 404150 154080 404150 865660
395100 210662 395100 829568 404322 154080 404322 865660
408888 210662 408888 829568 404322 154080 404322 865660
408888 210662 408888 829568 411768 154080 411768 865660
412088 210662 412088 829568 411768 154080 411768 865660
412088 210662 412088 829568 413540 154080 413540 865660
412088 210662 412088 829568 414751 154080 414751 865660
416980 210662 416980 829568 414751 154080 414751 865660
416980 210662 416980 829568 422503 154080 422503 865660
422615 210662 422615 829568 422503 154080 422503 865660
422685 210662 422685 829568 422503 154080 422503 865660
422685 210662 422685 829568 430543 154080 430543 865660
430563 210662 430563 829568 430543 154080 430543 865660
430840 210662 430840 829568 430543 154080 430543 865660
432710 210662 432710 829568 430543 154080 430543 865660
433925 210662 433925 829568 430543 154080 430543 865660
435336 210662 435336 829568 430543 154080 430543 865660
438349 210662 438349 829568 430543 154080 430543 865660
453521 210662 453521 829568 430543 154080 430543 865660
453538 210662 453538 829568 430543 154080 430543 865660
456388 210662 456388 829568 430543 154080 430543 865660
456388 210662 456388 829568 456786 154080 456786 865660
458107 210662 458107 829568 456786 154080 456786 865660
458659 210662 458659 829568 456786 154080 456786 865660
462591 210662 462591 829568 456786 154080 456786 865660
463531 210662 463531 829568 456786 154080 456786 865660
463531 210662 463531 829568 470022 154080 470022 865660
470290 210662 470290 829568 470022 154080 470022 865660
474787 210662 474787 829568 470022 154080 470022 865660
475844 210662 475844 829568 470022 154080 470022 865660
476190 210662 476190 829568 470022 154080 470022 865660
476190 210662 476190 829568 477715 154080 477715 865660
493510 210662 493510 829568 477715 154080 477715 865660
493510 210662 493510 829568 499132 154080 499132 865660
493510 210662 493510 829568 501153 154080 501153 865660
493510 210662 493510 829568 502324 154080 502324 865660
493510 210662 493510 829568 512001 154080 512001 865660
493510 210662 493510 829568 531068 154080 531068 865660
537484 210662 537484 829568 531068 154080 531068 865660
537484 210662 537484 829568 537973 154080 537973 865660
537484 210662 537484 829568 539168 154080 539168 865660
537484 210662 537484 829568 547634 154080 547634 865660
537484 210662 537484 829568 551232 154080 551232 865660
537484 210662 537484 829568 553189 154080 553189 865660
537484 210662 537484 829568 564330 154080 564330 865660
537484 210662 537484 829568 567931 154080 567931 865660
570349 210662 570349 829568 567931 154080 567931 865660
609791 210662 609791 829568 567931 154080 567931 865660
613610 210662 613610 829568 567931 154080 567931 865660
626628 210662 626628 829568 567931 154080 567931 865660
626628 210662 626628 829568 635876 154080 635876 865660
637933 210662 637933 829568 635876 154080 635876 865660
641353 210662 641353 829568 635876 154080 635876 865660
641353 210662 641353 829568 647616 154080 647616 865660
655901 210662 655901 829568 647616 154080 647616 865660
655901 210662 655901 829568 657607 154080 657607 865660
668609 210662 668609 829568 657607 154080 657607 865660
669608 210662 669608 829568 657607 154080 657607 865660
674634 210662 674634 829568 657607 154080 657607 865660
677963 210662 677963 829568 657607 154080 657607 865660
678600 210662 678600 829568 657607 154080 657607 865660
680131 210662 680131 829568 657607 154080 657607 865660
683107 210662 683107 829568 657607 154080 657607 865660
683107 210662 683107 829568 686119 154080 686119 865660
683107 210662 683107 829568 687440 154080 687440 865660
683107 210662 683107 829568 689963 154080 689963 865660
692266 210662 692266 829568 689963 154080 689963 865660
698020 210662 698020 829568 689963 154080 689963 865660
700359 210662 700359 829568 689963 154080 689963 865660
703034 210662 703034 829568 689963 154080 689963 865660
704258 210662 704258 829568 689963 154080 689963 865660
710268 210662 710268 829568 689963 154080 689963 865660
712005 210662 712005 829568 689963 154080 689963 865660
712307 210662 712307 829568 689963 154080 689963 865660
715632 210662 715632 829568 689963 154080 689963 865660
715992 210662 715992 829568 689963 154080 689963 865660
715992 210662 715992 829568 716459 154080 716459 865660
719047 210662 719047 829568 716459 154080 716459 865660
720633 210662 720633 829568 716459 154080 716459 865660
720633 210662 720633 829568 721252 154080 721252 865660
723324 210662 723324 829568 721252 154080 721252 865660
725276 210662 725276 829568 721252 154080 721252 865660
728826 210662 728826 829568 721252 154080 721252 865660
732684 210662 732684 829568 721252 154080 721252 865660
733498 210662 733498 829568 721252 154080 721252 865660
733709 210662 733709 829568 721252 154080 721252 865660
733709 210662 733709 829568 746297 154080 746297 865660
763462 210662 763462 829568 746297 154080 746297 865660
764089 210662 764089 829568 746297 154080 746297 865660
766811 210662 766811 829568 746297 154080 746297 865660
769858 210662 769858 829568 746297 154080 746297 865660
769971 210662 769971 829568 746297 154080 746297 865660
776225 210662 776225 829568 746297 154080 746297 865660
798625 210662 798625 829568 746297 154080 746297 865660
803211 210662 803211 829568 746297 154080 746297 865660
809354 210662 809354 829568 746297 154080 746297 865660
814250 210662 814250 829568 746297 154080 746297 865660
814299 210662 814299 829568 746297 154080 746297 865660
835211 210662 835211 829568 746297 154080 746297 865660
886936 210662 886936 829568 746297 154080 746297 865660
905010 210662 905010 829568 746297 154080 746297 865660
925201 210662 925201 829568 746297 154080 746297 865660
