149383 242259 149383 812269 120473 76617 120473 847536
149383 242259 149383 812269 120473 76617 120473 847536
153640 242259 153640 812269 120473 76617 120473 847536
153640 242259 153640 812269 204569 76617 204569 847536
153640 242259 153640 812269 204876 76617 204876 847536
218553 242259 218553 812269 204876 76617 204876 847536
218553 242259 218553 812269 222220 76617 222220 847536
218553 242259 218553 812269 223167 76617 223167 847536
218553 242259 218553 812269 228836 76617 228836 847536
238320 242259 238320 812269 228836 76617 228836 847536
245599 242259 245599 812269 228836 76617 228836 847536
245599 242259 245599 812269 246850 76617 246850 847536
245599 242259 245599 812269 256733 76617 256733 847536
245599 242259 245599 812269 260952 76617 260952 847536
245599 242259 245599 812269 264675 76617 264675 847536
245599 242259 245599 812269 270859 76617 270859 847536
245599 242259 245599 812269 271882 76617 271882 847536
245599 242259 245599 812269 276147 76617 276147 847536
245599 242259 245599 812269 276475 76617 276475 847536
245599 242259 245599 812269 282135 76617 282135 847536
245599 242259 245599 812269 284784 76617 284784 847536
245599 242259 245599 812269 285535 76617 285535 847536
245599 242259 245599 812269 286065 76617 286065 847536
245599 242259 245599 812269 286562 76617 286562 847536
288421 242259 288421 812269 286562 76617 286562 847536
288421 242259 288421 812269 291188 76617 291188 847536
288421 242259 288421 812269 292424 76617 292424 847536
294193 242259 294193 812269 292424 76617 292424 847536
298207 242259 298207 812269 292424 76617 292424 847536
298207 242259 298207 812269 306975 76617 306975 847536
310164 242259 310164 812269 306975 76617 306975 847536
314846 242259 314846 812269 306975 76617 306975 847536
317084 242259 317084 812269 306975 76617 306975 847536
317084 242259 317084 812269 319021 76617 319021 847536
317084 242259 317084 812269 323039 76617 323039 847536
323586 242259 323586 812269 323039 76617 323039 847536
323586 242259 323586 812269 326643 76617 326643 847536
328401 242259 328401 812269 326643 76617 326643 847536
331708 242259 331708 812269 326643 76617 326643 847536
331708 242259 331708 812269 334067 76617 334067 847536
336920 242259 336920 812269 334067 76617 334067 847536
340227 242259 340227 812269 334067 76617 334067 847536
359117 242259 359117 812269 334067 76617 334067 847536
362791 242259 362791 812269 334067 76617 334067 847536
362791 242259 362791 812269 368888 76617 368888 847536
370903 242259 370903 812269 368888 76617 368888 847536
375073 242259 375073 812269 368888 76617 368888 847536
379498 242259 379498 812269 368888 76617 368888 847536
379498 242259 379498 812269 382433 76617 382433 847536
384899 242259 384899 812269 382433 76617 382433 847536
384899 242259 384899 812269 387575 76617 387575 847536
387927 242259 387927 812269 387575 76617 387575 847536
395121 242259 395121 812269 387575 76617 387575 847536
395816 242259 395816 812269 387575 76617 387575 847536
395816 242259 395816 812269 396307 76617 396307 847536
404310 242259 404310 812269 396307 76617 396307 847536
405994 242259 405994 812269 396307 76617 396307 847536
409152 242259 409152 812269 396307 76617 396307 847536
416788 242259 416788 812269 396307 76617 396307 847536
416788 242259 416788 812269 418908 76617 418908 847536
420239 242259 420239 812269 418908 76617 418908 847536
420239 242259 420239 812269 423135 76617 423135 847536
429841 242259 429841 812269 423135 76617 423135 847536
433554 242259 433554 812269 423135 76617 423135 847536
433599 242259 433599 812269 423135 76617 423135 847536
433599 242259 433599 812269 433855 76617 433855 847536
436241 242259 436241 812269 433855 76617 433855 847536
436241 242259 436241 812269 438740 76617 438740 847536
448599 242259 448599 812269 438740 76617 438740 847536
454796 242259 454796 812269 438740 76617 438740 847536
457229 242259 457229 812269 438740 76617 438740 847536
457229 242259 457229 812269 457390 76617 457390 847536
457229 242259 457229 812269 458281 76617 458281 847536
457229 242259 457229 812269 465509 76617 465509 847536
468498 242259 468498 812269 465509 76617 465509 847536
472154 242259 472154 812269 465509 76617 465509 847536
472883 242259 472883 812269 465509 76617 465509 847536
472930 242259 472930 812269 465509 76617 465509 847536
474271 242259 474271 812269 465509 76617 465509 847536
474271 242259 474271 812269 479602 76617 479602 847536
474271 242259 474271 812269 482309 76617 482309 847536
484952 242259 484952 812269 482309 76617 482309 847536
487168 242259 487168 812269 482309 76617 482309 847536
488787 242259 488787 812269 482309 76617 482309 847536
491320 242259 491320 812269 482309 76617 482309 847536
491320 242259 491320 812269 494689 76617 494689 847536
496210 242259 496210 812269 494689 76617 494689 847536
500262 242259 500262 812269 494689 76617 494689 847536
500262 242259 500262 812269 501894 76617 501894 847536
502413 242259 502413 812269 501894 76617 501894 847536
502722 242259 502722 812269 501894 76617 501894 847536
504340 242259 504340 812269 501894 76617 501894 847536
506188 242259 506188 812269 501894 76617 501894 847536
506188 242259 506188 812269 507765 76617 507765 847536
506188 242259 506188 812269 510468 76617 510468 847536
506188 242259 506188 812269 512283 76617 512283 847536
515161 242259 515161 812269 512283 76617 512283 847536
515481 242259 515481 812269 512283 76617 512283 847536
519790 242259 519790 812269 512283 76617 512283 847536
522600 242259 522600 812269 512283 76617 512283 847536
522688 242259 522688 812269 512283 76617 512283 847536
526312 242259 526312 812269 512283 76617 512283 847536
529561 242259 529561 812269 512283 76617 512283 847536
529995 242259 529995 812269 512283 76617 512283 847536
529995 242259 529995 812269 530741 76617 530741 847536
529995 242259 529995 812269 531539 76617 531539 847536
532604 242259 532604 812269 531539 76617 531539 847536
533405 242259 533405 812269 531539 76617 531539 847536
533405 242259 533405 812269 539233 76617 539233 847536
543582 242259 543582 812269 539233 76617 539233 847536
544970 242259 544970 812269 539233 76617 539233 847536
544970 242259 544970 812269 548437 76617 548437 847536
544970 242259 544970 812269 550860 76617 550860 847536
544970 242259 544970 812269 551522 76617 551522 847536
544970 242259 544970 812269 552084 76617 552084 847536
544970 242259 544970 812269 553419 76617 553419 847536
553888 242259 553888 812269 553419 76617 553419 847536
562591 242259 562591 812269 553419 76617 553419 847536
562591 242259 562591 812269 564966 76617 564966 847536
567192 242259 567192 812269 564966 76617 564966 847536
567192 242259 567192 812269 568525 76617 568525 847536
567192 242259 567192 812269 571298 76617 571298 847536
567192 242259 567192 812269 571418 76617 571418 847536
572688 242259 572688 812269 571418 76617 571418 847536
572688 242259 572688 812269 573132 76617 573132 847536
572688 242259 572688 812269 574639 76617 574639 847536
572688 242259 572688 812269 576641 76617 576641 847536
572688 242259 572688 812269 577834 76617 577834 847536
572688 242259 572688 812269 577922 76617 577922 847536
572688 242259 572688 812269 578809 76617 578809 847536
579577 242259 579577 812269 578809 76617 578809 847536
579577 242259 579577 812269 581717 76617 581717 847536
579577 242259 579577 812269 588068 76617 588068 847536
579577 242259 579577 812269 593683 76617 593683 847536
579577 242259 579577 812269 607572 76617 607572 847536
609720 242259 609720 812269 607572 76617 607572 847536
609720 242259 609720 812269 609802 76617 609802 847536
609720 242259 609720 812269 611340 76617 611340 847536
609720 242259 609720 812269 614234 76617 614234 847536
609720 242259 609720 812269 616707 76617 616707 847536
609720 242259 609720 812269 621925 76617 621925 847536
609720 242259 609720 812269 622566 76617 622566 847536
609720 242259 609720 812269 626740 76617 626740 847536
609720 242259 609720 812269 627446 76617 627446 847536
609720 242259 609720 812269 627575 76617 627575 847536
628115 242259 628115 812269 627575 76617 627575 847536
628115 242259 628115 812269 628905 76617 628905 847536
628115 242259 628115 812269 631612 76617 631612 847536
628115 242259 628115 812269 631674 76617 631674 847536
631689 242259 631689 812269 631674 76617 631674 847536
631689 242259 631689 812269 633890 76617 633890 847536
634795 242259 634795 812269 633890 76617 633890 847536
634795 242259 634795 812269 636481 76617 636481 847536
634795 242259 634795 812269 637909 76617 637909 847536
634795 242259 634795 812269 638753 76617 638753 847536
634795 242259 634795 812269 641524 76617 641524 847536
634795 242259 634795 812269 643638 76617 643638 847536
634795 242259 634795 812269 645874 76617 645874 847536
646772 242259 646772 812269 645874 76617 645874 847536
652401 242259 652401 812269 645874 76617 645874 847536
652401 242259 652401 812269 656397 76617 656397 847536
657278 242259 657278 812269 656397 76617 656397 847536
660048 242259 660048 812269 656397 76617 656397 847536
660048 242259 660048 812269 660714 76617 660714 847536
661166 242259 661166 812269 660714 76617 660714 847536
661166 242259 661166 812269 663017 76617 663017 847536
661166 242259 661166 812269 672789 76617 672789 847536
661166 242259 661166 812269 678616 76617 678616 847536
684318 242259 684318 812269 678616 76617 678616 847536
684318 242259 684318 812269 684980 76617 684980 847536
684318 242259 684318 812269 687558 76617 687558 847536
684318 242259 684318 812269 687635 76617 687635 847536
692024 242259 692024 812269 687635 76617 687635 847536
693965 242259 693965 812269 687635 76617 687635 847536
693965 242259 693965 812269 698203 76617 698203 847536
699622 242259 699622 812269 698203 76617 698203 847536
704420 242259 704420 812269 698203 76617 698203 847536
714672 242259 714672 812269 698203 76617 698203 847536
721745 242259 721745 812269 698203 76617 698203 847536
740050 242259 740050 812269 698203 76617 698203 847536
748619 242259 748619 812269 698203 76617 698203 847536
748619 242259 748619 812269 748641 76617 748641 847536
751423 242259 751423 812269 748641 76617 748641 847536
751423 242259 751423 812269 751805 76617 751805 847536
751423 242259 751423 812269 756593 76617 756593 847536
764439 242259 764439 812269 756593 76617 756593 847536
767665 242259 767665 812269 756593 76617 756593 847536
772324 242259 772324 812269 756593 76617 756593 847536
774346 242259 774346 812269 756593 76617 756593 847536
775661 242259 775661 812269 756593 76617 756593 847536
775661 242259 775661 812269 796250 76617 796250 847536
796858 242259 796858 812269 796250 76617 796250 847536
796858 242259 796858 812269 805785 76617 805785 847536
808029 242259 808029 812269 805785 76617 805785 847536
808084 242259 808084 812269 805785 76617 805785 847536
814771 242259 814771 812269 805785 76617 805785 847536
825780 242259 825780 812269 805785 76617 805785 847536
843081 242259 843081 812269 805785 76617 805785 847536
850760 242259 850760 812269 805785 76617 805785 847536
850760 242259 850760 812269 880387 76617 880387 847536
