128664 184186 128664 871935 109514 192936 109514 839670
128664 184186 128664 871935 109514 192936 109514 839670
128664 184186 128664 871935 142400 192936 142400 839670
128664 184186 128664 871935 152654 192936 152654 839670
128664 184186 128664 871935 158622 192936 158622 839670
128664 184186 128664 871935 159133 192936 159133 839670
128664 184186 128664 871935 164187 192936 164187 839670
166724 184186 166724 871935 164187 192936 164187 839670
170475 184186 170475 871935 164187 192936 164187 839670
175648 184186 175648 871935 164187 192936 164187 839670
175648 184186 175648 871935 177571 192936 177571 839670
175648 184186 175648 871935 190623 192936 190623 839670
175648 184186 175648 871935 196264 192936 196264 839670
175648 184186 175648 871935 197375 192936 197375 839670
175648 184186 175648 871935 199552 192936 199552 839670
175648 184186 175648 871935 200620 192936 200620 839670
202331 184186 202331 871935 200620 192936 200620 839670
202331 184186 202331 871935 202791 192936 202791 839670
202331 184186 202331 871935 203886 192936 203886 839670
202331 184186 202331 871935 206170 192936 206170 839670
202331 184186 202331 871935 209122 192936 209122 839670
202331 184186 202331 871935 211056 192936 211056 839670
211856 184186 211856 871935 211056 192936 211056 839670
211856 184186 211856 871935 214305 192936 214305 839670
211856 184186 211856 871935 214825 192936 214825 839670
211856 184186 211856 871935 221833 192936 221833 839670
211856 184186 211856 871935 231001 192936 231001 839670
211856 184186 211856 871935 235988 192936 235988 839670
239306 184186 239306 871935 235988 192936 235988 839670
239306 184186 239306 871935 241546 192936 241546 839670
239306 184186 239306 871935 242184 192936 242184 839670
239306 184186 239306 871935 243163 192936 243163 839670
239306 184186 239306 871935 244719 192936 244719 839670
239306 184186 239306 871935 246582 192936 246582 839670
239306 184186 239306 871935 248022 192936 248022 839670
254990 184186 254990 871935 248022 192936 248022 839670
254990 184186 254990 871935 258198 192936 258198 839670
258244 184186 258244 871935 258198 192936 258198 839670
260216 184186 260216 871935 258198 192936 258198 839670
260216 184186 260216 871935 263073 192936 263073 839670
270142 184186 270142 871935 263073 192936 263073 839670
273715 184186 273715 871935 263073 192936 263073 839670
273715 184186 273715 871935 273988 192936 273988 839670
273715 184186 273715 871935 280902 192936 280902 839670
273715 184186 273715 871935 282888 192936 282888 839670
284836 184186 284836 871935 282888 192936 282888 839670
284836 184186 284836 871935 287271 192936 287271 839670
292213 184186 292213 871935 287271 192936 287271 839670
292213 184186 292213 871935 292835 192936 292835 839670
294139 184186 294139 871935 292835 192936 292835 839670
296015 184186 296015 871935 292835 192936 292835 839670
303664 184186 303664 871935 292835 192936 292835 839670
303664 184186 303664 871935 316165 192936 316165 839670
316685 184186 316685 871935 316165 192936 316165 839670
316685 184186 316685 871935 326815 192936 326815 839670
316685 184186 316685 871935 328416 192936 328416 839670
316685 184186 316685 871935 330043 192936 330043 839670
330146 184186 330146 871935 330043 192936 330043 839670
330847 184186 330847 871935 330043 192936 330043 839670
330847 184186 330847 871935 332946 192936 332946 839670
343906 184186 343906 871935 332946 192936 332946 839670
343940 184186 343940 871935 332946 192936 332946 839670
349988 184186 349988 871935 332946 192936 332946 839670
349988 184186 349988 871935 353290 192936 353290 839670
355841 184186 355841 871935 353290 192936 353290 839670
356694 184186 356694 871935 353290 192936 353290 839670
356694 184186 356694 871935 358500 192936 358500 839670
363544 184186 363544 871935 358500 192936 358500 839670
363544 184186 363544 871935 364907 192936 364907 839670
363544 184186 363544 871935 366144 192936 366144 839670
369244 184186 369244 871935 366144 192936 366144 839670
370928 184186 370928 871935 366144 192936 366144 839670
379872 184186 379872 871935 366144 192936 366144 839670
379903 184186 379903 871935 366144 192936 366144 839670
379903 184186 379903 871935 382484 192936 382484 839670
385953 184186 385953 871935 382484 192936 382484 839670
385953 184186 385953 871935 394491 192936 394491 839670
394898 184186 394898 871935 394491 192936 394491 839670
394898 184186 394898 871935 395481 192936 395481 839670
396631 184186 396631 871935 395481 192936 395481 839670
396754 184186 396754 871935 395481 192936 395481 839670
397180 184186 397180 871935 395481 192936 395481 839670
397180 184186 397180 871935 397718 192936 397718 839670
398237 184186 398237 871935 397718 192936 397718 839670
398237 184186 398237 871935 399039 192936 399039 839670
400754 184186 400754 871935 399039 192936 399039 839670
409761 184186 409761 871935 399039 192936 399039 839670
411470 184186 411470 871935 399039 192936 399039 839670
412992 184186 412992 871935 399039 192936 399039 839670
415985 184186 415985 871935 399039 192936 399039 839670
415985 184186 415985 871935 416393 192936 416393 839670
425709 184186 425709 871935 416393 192936 416393 839670
425709 184186 425709 871935 427764 192936 427764 839670
436085 184186 436085 871935 427764 192936 427764 839670
436181 184186 436181 871935 427764 192936 427764 839670
438711 184186 438711 871935 427764 192936 427764 839670
441500 184186 441500 871935 427764 192936 427764 839670
455336 184186 455336 871935 427764 192936 427764 839670
455336 184186 455336 871935 457699 192936 457699 839670
458711 184186 458711 871935 457699 192936 457699 839670
461211 184186 461211 871935 457699 192936 457699 839670
468348 184186 468348 871935 457699 192936 457699 839670
468348 184186 468348 871935 473335 192936 473335 839670
474377 184186 474377 871935 473335 192936 473335 839670
481419 184186 481419 871935 473335 192936 473335 839670
485305 184186 485305 871935 473335 192936 473335 839670
493320 184186 493320 871935 473335 192936 473335 839670
494258 184186 494258 871935 473335 192936 473335 839670
498390 184186 498390 871935 473335 192936 473335 839670
499971 184186 499971 871935 473335 192936 473335 839670
512205 184186 512205 871935 473335 192936 473335 839670
512945 184186 512945 871935 473335 192936 473335 839670
513045 184186 513045 871935 473335 192936 473335 839670
515098 184186 515098 871935 473335 192936 473335 839670
515098 184186 515098 871935 515500 192936 515500 839670
517829 184186 517829 871935 515500 192936 515500 839670
518387 184186 518387 871935 515500 192936 515500 839670
522111 184186 522111 871935 515500 192936 515500 839670
528039 184186 528039 871935 515500 192936 515500 839670
533490 184186 533490 871935 515500 192936 515500 839670
533902 184186 533902 871935 515500 192936 515500 839670
534206 184186 534206 871935 515500 192936 515500 839670
534206 184186 534206 871935 539166 192936 539166 839670
541696 184186 541696 871935 539166 192936 539166 839670
543587 184186 543587 871935 539166 192936 539166 839670
546408 184186 546408 871935 539166 192936 539166 839670
546408 184186 546408 871935 549191 192936 549191 839670
546408 184186 546408 871935 549570 192936 549570 839670
546408 184186 546408 871935 554884 192936 554884 839670
565981 184186 565981 871935 554884 192936 554884 839670
567966 184186 567966 871935 554884 192936 554884 839670
567966 184186 567966 871935 567972 192936 567972 839670
573016 184186 573016 871935 567972 192936 567972 839670
576103 184186 576103 871935 567972 192936 567972 839670
577849 184186 577849 871935 567972 192936 567972 839670
579394 184186 579394 871935 567972 192936 567972 839670
580923 184186 580923 871935 567972 192936 567972 839670
586724 184186 586724 871935 567972 192936 567972 839670
594701 184186 594701 871935 567972 192936 567972 839670
597805 184186 597805 871935 567972 192936 567972 839670
598672 184186 598672 871935 567972 192936 567972 839670
599790 184186 599790 871935 567972 192936 567972 839670
602957 184186 602957 871935 567972 192936 567972 839670
607305 184186 607305 871935 567972 192936 567972 839670
607305 184186 607305 871935 610092 192936 610092 839670
617695 184186 617695 871935 610092 192936 610092 839670
617695 184186 617695 871935 619398 192936 619398 839670
617695 184186 617695 871935 620087 192936 620087 839670
617695 184186 617695 871935 620329 192936 620329 839670
622200 184186 622200 871935 620329 192936 620329 839670
623744 184186 623744 871935 620329 192936 620329 839670
623744 184186 623744 871935 625672 192936 625672 839670
627735 184186 627735 871935 625672 192936 625672 839670
627735 184186 627735 871935 629217 192936 629217 839670
633850 184186 633850 871935 629217 192936 629217 839670
633891 184186 633891 871935 629217 192936 629217 839670
633891 184186 633891 871935 638206 192936 638206 839670
633891 184186 633891 871935 639364 192936 639364 839670
639385 184186 639385 871935 639364 192936 639364 839670
640485 184186 640485 871935 639364 192936 639364 839670
640485 184186 640485 871935 640776 192936 640776 839670
640485 184186 640485 871935 660976 192936 660976 839670
640485 184186 640485 871935 662133 192936 662133 839670
663106 184186 663106 871935 662133 192936 662133 839670
663106 184186 663106 871935 671674 192936 671674 839670
674683 184186 674683 871935 671674 192936 671674 839670
674683 184186 674683 871935 678977 192936 678977 839670
674683 184186 674683 871935 680824 192936 680824 839670
674683 184186 674683 871935 684914 192936 684914 839670
674683 184186 674683 871935 690285 192936 690285 839670
674683 184186 674683 871935 690492 192936 690492 839670
674683 184186 674683 871935 694600 192936 694600 839670
674683 184186 674683 871935 697495 192936 697495 839670
674683 184186 674683 871935 698621 192936 698621 839670
699538 184186 699538 871935 698621 192936 698621 839670
699538 184186 699538 871935 700187 192936 700187 839670
699538 184186 699538 871935 705259 192936 705259 839670
699538 184186 699538 871935 711094 192936 711094 839670
699538 184186 699538 871935 711707 192936 711707 839670
699538 184186 699538 871935 712981 192936 712981 839670
715694 184186 715694 871935 712981 192936 712981 839670
715694 184186 715694 871935 715989 192936 715989 839670
715694 184186 715694 871935 723846 192936 723846 839670
715694 184186 715694 871935 724866 192936 724866 839670
715694 184186 715694 871935 726956 192936 726956 839670
715694 184186 715694 871935 727427 192936 727427 839670
731611 184186 731611 871935 727427 192936 727427 839670
731611 184186 731611 871935 732889 192936 732889 839670
731611 184186 731611 871935 739032 192936 739032 839670
741384 184186 741384 871935 739032 192936 739032 839670
741384 184186 741384 871935 742693 192936 742693 839670
741384 184186 741384 871935 751556 192936 751556 839670
753412 184186 753412 871935 751556 192936 751556 839670
753412 184186 753412 871935 755321 192936 755321 839670
753412 184186 753412 871935 755565 192936 755565 839670
753412 184186 753412 871935 755577 192936 755577 839670
753412 184186 753412 871935 759771 192936 759771 839670
753412 184186 753412 871935 766706 192936 766706 839670
753412 184186 753412 871935 770162 192936 770162 839670
753412 184186 753412 871935 779933 192936 779933 839670
