107929 240101 107929 901937 138930 242979 138930 838565
107929 240101 107929 901937 138930 242979 138930 838565
114492 240101 114492 901937 138930 242979 138930 838565
128564 240101 128564 901937 138930 242979 138930 838565
159896 240101 159896 901937 138930 242979 138930 838565
164688 240101 164688 901937 138930 242979 138930 838565
166216 240101 166216 901937 138930 242979 138930 838565
166264 240101 166264 901937 138930 242979 138930 838565
166264 240101 166264 901937 170776 242979 170776 838565
166264 240101 166264 901937 175977 242979 175977 838565
193831 240101 193831 901937 175977 242979 175977 838565
208867 240101 208867 901937 175977 242979 175977 838565
222457 240101 222457 901937 175977 242979 175977 838565
223251 240101 223251 901937 175977 242979 175977 838565
224539 240101 224539 901937 175977 242979 175977 838565
224896 240101 224896 901937 175977 242979 175977 838565
230718 240101 230718 901937 175977 242979 175977 838565
231849 240101 231849 901937 175977 242979 175977 838565
238277 240101 238277 901937 175977 242979 175977 838565
246606 240101 246606 901937 175977 242979 175977 838565
259535 240101 259535 901937 175977 242979 175977 838565
261157 240101 261157 901937 175977 242979 175977 838565
261157 240101 261157 901937 276224 242979 276224 838565
283019 240101 283019 901937 276224 242979 276224 838565
283346 240101 283346 901937 276224 242979 276224 838565
283346 240101 283346 901937 290069 242979 290069 838565
290575 240101 290575 901937 290069 242979 290069 838565
290575 240101 290575 901937 293237 242979 293237 838565
290575 240101 290575 901937 298820 242979 298820 838565
315310 240101 315310 901937 298820 242979 298820 838565
320780 240101 320780 901937 298820 242979 298820 838565
320780 240101 320780 901937 326074 242979 326074 838565
335668 240101 335668 901937 326074 242979 326074 838565
335668 240101 335668 901937 338045 242979 338045 838565
343870 240101 343870 901937 338045 242979 338045 838565
343870 240101 343870 901937 348185 242979 348185 838565
349658 240101 349658 901937 348185 242979 348185 838565
350099 240101 350099 901937 348185 242979 348185 838565
353213 240101 353213 901937 348185 242979 348185 838565
353213 240101 353213 901937 354579 242979 354579 838565
354700 240101 354700 901937 354579 242979 354579 838565
354700 240101 354700 901937 358294 242979 358294 838565
354700 240101 354700 901937 368183 242979 368183 838565
354700 240101 354700 901937 369014 242979 369014 838565
369462 240101 369462 901937 369014 242979 369014 838565
370253 240101 370253 901937 369014 242979 369014 838565
371457 240101 371457 901937 369014 242979 369014 838565
376853 240101 376853 901937 369014 242979 369014 838565
379118 240101 379118 901937 369014 242979 369014 838565
379118 240101 379118 901937 380012 242979 380012 838565
382922 240101 382922 901937 380012 242979 380012 838565
383287 240101 383287 901937 380012 242979 380012 838565
384381 240101 384381 901937 380012 242979 380012 838565
384381 240101 384381 901937 389469 242979 389469 838565
384381 240101 384381 901937 392445 242979 392445 838565
384381 240101 384381 901937 395061 242979 395061 838565
384381 240101 384381 901937 397362 242979 397362 838565
384381 240101 384381 901937 397413 242979 397413 838565
384381 240101 384381 901937 398056 242979 398056 838565
398121 240101 398121 901937 398056 242979 398056 838565
398121 240101 398121 901937 398793 242979 398793 838565
401441 240101 401441 901937 398793 242979 398793 838565
401441 240101 401441 901937 401988 242979 401988 838565
401441 240101 401441 901937 402644 242979 402644 838565
401441 240101 401441 901937 417208 242979 417208 838565
417317 240101 417317 901937 417208 242979 417208 838565
418800 240101 418800 901937 417208 242979 417208 838565
419089 240101 419089 901937 417208 242979 417208 838565
419089 240101 419089 901937 420989 242979 420989 838565
421197 240101 421197 901937 420989 242979 420989 838565
421197 240101 421197 901937 421962 242979 421962 838565
421197 240101 421197 901937 424837 242979 424837 838565
426984 240101 426984 901937 424837 242979 424837 838565
426984 240101 426984 901937 430490 242979 430490 838565
426984 240101 426984 901937 431327 242979 431327 838565
432273 240101 432273 901937 431327 242979 431327 838565
433230 240101 433230 901937 431327 242979 431327 838565
435775 240101 435775 901937 431327 242979 431327 838565
438084 240101 438084 901937 431327 242979 431327 838565
440195 240101 440195 901937 431327 242979 431327 838565
440195 240101 440195 901937 442026 242979 442026 838565
440195 240101 440195 901937 447266 242979 447266 838565
440195 240101 440195 901937 449015 242979 449015 838565
440195 240101 440195 901937 450638 242979 450638 838565
451286 240101 451286 901937 450638 242979 450638 838565
451286 240101 451286 901937 460819 242979 460819 838565
451286 240101 451286 901937 461553 242979 461553 838565
466637 240101 466637 901937 461553 242979 461553 838565
466637 240101 466637 901937 469195 242979 469195 838565
470274 240101 470274 901937 469195 242979 469195 838565
474501 240101 474501 901937 469195 242979 469195 838565
479597 240101 479597 901937 469195 242979 469195 838565
481052 240101 481052 901937 469195 242979 469195 838565
481052 240101 481052 901937 482403 242979 482403 838565
484672 240101 484672 901937 482403 242979 482403 838565
484672 240101 484672 901937 485074 242979 485074 838565
484672 240101 484672 901937 489167 242979 489167 838565
484672 240101 484672 901937 492895 242979 492895 838565
484672 240101 484672 901937 493821 242979 493821 838565
484672 240101 484672 901937 494993 242979 494993 838565
499408 240101 499408 901937 494993 242979 494993 838565
507556 240101 507556 901937 494993 242979 494993 838565
507556 240101 507556 901937 508464 242979 508464 838565
507556 240101 507556 901937 511283 242979 511283 838565
507556 240101 507556 901937 511338 242979 511338 838565
507556 240101 507556 901937 512565 242979 512565 838565
516501 240101 516501 901937 512565 242979 512565 838565
517393 240101 517393 901937 512565 242979 512565 838565
517393 240101 517393 901937 520253 242979 520253 838565
524724 240101 524724 901937 520253 242979 520253 838565
524724 240101 524724 901937 526295 242979 526295 838565
528782 240101 528782 901937 526295 242979 526295 838565
528782 240101 528782 901937 533160 242979 533160 838565
533262 240101 533262 901937 533160 242979 533160 838565
534485 240101 534485 901937 533160 242979 533160 838565
534485 240101 534485 901937 546579 242979 546579 838565
534485 240101 534485 901937 548443 242979 548443 838565
534485 240101 534485 901937 557897 242979 557897 838565
534485 240101 534485 901937 560031 242979 560031 838565
561445 240101 561445 901937 560031 242979 560031 838565
561445 240101 561445 901937 565427 242979 565427 838565
566717 240101 566717 901937 565427 242979 565427 838565
566717 240101 566717 901937 570696 242979 570696 838565
570855 240101 570855 901937 570696 242979 570696 838565
570855 240101 570855 901937 571378 242979 571378 838565
570855 240101 570855 901937 573459 242979 573459 838565
570855 240101 570855 901937 582932 242979 582932 838565
583087 240101 583087 901937 582932 242979 582932 838565
583087 240101 583087 901937 587283 242979 587283 838565
583087 240101 583087 901937 592600 242979 592600 838565
598989 240101 598989 901937 592600 242979 592600 838565
598989 240101 598989 901937 602187 242979 602187 838565
598989 240101 598989 901937 609065 242979 609065 838565
598989 240101 598989 901937 611021 242979 611021 838565
613823 240101 613823 901937 611021 242979 611021 838565
613823 240101 613823 901937 620659 242979 620659 838565
628486 240101 628486 901937 620659 242979 620659 838565
643457 240101 643457 901937 620659 242979 620659 838565
643457 240101 643457 901937 645234 242979 645234 838565
643457 240101 643457 901937 651069 242979 651069 838565
658710 240101 658710 901937 651069 242979 651069 838565
658915 240101 658915 901937 651069 242979 651069 838565
658915 240101 658915 901937 662726 242979 662726 838565
658915 240101 658915 901937 665598 242979 665598 838565
658915 240101 658915 901937 672737 242979 672737 838565
674486 240101 674486 901937 672737 242979 672737 838565
676451 240101 676451 901937 672737 242979 672737 838565
677024 240101 677024 901937 672737 242979 672737 838565
677024 240101 677024 901937 679391 242979 679391 838565
681779 240101 681779 901937 679391 242979 679391 838565
683134 240101 683134 901937 679391 242979 679391 838565
683134 240101 683134 901937 683837 242979 683837 838565
684123 240101 684123 901937 683837 242979 683837 838565
686713 240101 686713 901937 683837 242979 683837 838565
686713 240101 686713 901937 689832 242979 689832 838565
690458 240101 690458 901937 689832 242979 689832 838565
694090 240101 694090 901937 689832 242979 689832 838565
696972 240101 696972 901937 689832 242979 689832 838565
696972 240101 696972 901937 697938 242979 697938 838565
696972 240101 696972 901937 698468 242979 698468 838565
701477 240101 701477 901937 698468 242979 698468 838565
703601 240101 703601 901937 698468 242979 698468 838565
703601 240101 703601 901937 703686 242979 703686 838565
703601 240101 703601 901937 703753 242979 703753 838565
703834 240101 703834 901937 703753 242979 703753 838565
704985 240101 704985 901937 703753 242979 703753 838565
707024 240101 707024 901937 703753 242979 703753 838565
707024 240101 707024 901937 709448 242979 709448 838565
707024 240101 707024 901937 710701 242979 710701 838565
715405 240101 715405 901937 710701 242979 710701 838565
721398 240101 721398 901937 710701 242979 710701 838565
724845 240101 724845 901937 710701 242979 710701 838565
724845 240101 724845 901937 725126 242979 725126 838565
726026 240101 726026 901937 725126 242979 725126 838565
726026 240101 726026 901937 726347 242979 726347 838565
726026 240101 726026 901937 730224 242979 730224 838565
726026 240101 726026 901937 731521 242979 731521 838565
731726 240101 731726 901937 731521 242979 731521 838565
737452 240101 737452 901937 731521 242979 731521 838565
741889 240101 741889 901937 731521 242979 731521 838565
741889 240101 741889 901937 744192 242979 744192 838565
741889 240101 741889 901937 746214 242979 746214 838565
741889 240101 741889 901937 748182 242979 748182 838565
753187 240101 753187 901937 748182 242979 748182 838565
753187 240101 753187 901937 754738 242979 754738 838565
753187 240101 753187 901937 760250 242979 760250 838565
764504 240101 764504 901937 760250 242979 760250 838565
764504 240101 764504 901937 770706 242979 770706 838565
764504 240101 764504 901937 774485 242979 774485 838565
775742 240101 775742 901937 774485 242979 774485 838565
775742 240101 775742 901937 782332 242979 782332 838565
775742 240101 775742 901937 783868 242979 783868 838565
775742 240101 775742 901937 790240 242979 790240 838565
775742 240101 775742 901937 794521 242979 794521 838565
775742 240101 775742 901937 795987 242979 795987 838565
775742 240101 775742 901937 801453 242979 801453 838565
775742 240101 775742 901937 813629 242979 813629 838565
775742 240101 775742 901937 835782 242979 835782 838565
775742 240101 775742 901937 839963 242979 839963 838565
775742 240101 775742 901937 864262 242979 864262 838565
