201404 175001 201404 785208 192144 59659 192144 722781
201404 175001 201404 785208 192144 59659 192144 722781
201404 175001 201404 785208 207042 59659 207042 722781
201404 175001 201404 785208 220058 59659 220058 722781
201404 175001 201404 785208 225056 59659 225056 722781
201404 175001 201404 785208 230880 59659 230880 722781
201404 175001 201404 785208 236451 59659 236451 722781
201404 175001 201404 785208 240804 59659 240804 722781
201404 175001 201404 785208 241062 59659 241062 722781
201404 175001 201404 785208 241548 59659 241548 722781
201404 175001 201404 785208 241571 59659 241571 722781
201404 175001 201404 785208 245113 59659 245113 722781
201404 175001 201404 785208 245903 59659 245903 722781
201404 175001 201404 785208 246650 59659 246650 722781
201404 175001 201404 785208 258555 59659 258555 722781
201404 175001 201404 785208 258672 59659 258672 722781
201404 175001 201404 785208 259836 59659 259836 722781
201404 175001 201404 785208 260644 59659 260644 722781
201404 175001 201404 785208 270307 59659 270307 722781
201404 175001 201404 785208 272644 59659 272644 722781
201404 175001 201404 785208 275062 59659 275062 722781
201404 175001 201404 785208 275557 59659 275557 722781
201404 175001 201404 785208 277384 59659 277384 722781
201404 175001 201404 785208 282795 59659 282795 722781
201404 175001 201404 785208 283226 59659 283226 722781
201404 175001 201404 785208 286823 59659 286823 722781
201404 175001 201404 785208 289189 59659 289189 722781
291721 175001 291721 785208 289189 59659 289189 722781
291721 175001 291721 785208 294420 59659 294420 722781
291721 175001 291721 785208 295390 59659 295390 722781
291721 175001 291721 785208 297020 59659 297020 722781
309307 175001 309307 785208 297020 59659 297020 722781
309307 175001 309307 785208 309995 59659 309995 722781
309307 175001 309307 785208 323932 59659 323932 722781
309307 175001 309307 785208 343258 59659 343258 722781
347937 175001 347937 785208 343258 59659 343258 722781
347937 175001 347937 785208 351791 59659 351791 722781
352342 175001 352342 785208 351791 59659 351791 722781
352342 175001 352342 785208 360383 59659 360383 722781
366641 175001 366641 785208 360383 59659 360383 722781
366641 175001 366641 785208 366913 59659 366913 722781
369944 175001 369944 785208 366913 59659 366913 722781
372878 175001 372878 785208 366913 59659 366913 722781
372878 175001 372878 785208 374962 59659 374962 722781
372878 175001 372878 785208 393654 59659 393654 722781
394506 175001 394506 785208 393654 59659 393654 722781
394788 175001 394788 785208 393654 59659 393654 722781
395478 175001 395478 785208 393654 59659 393654 722781
395478 175001 395478 785208 398899 59659 398899 722781
395478 175001 395478 785208 399456 59659 399456 722781
402088 175001 402088 785208 399456 59659 399456 722781
402088 175001 402088 785208 406941 59659 406941 722781
407292 175001 407292 785208 406941 59659 406941 722781
407292 175001 407292 785208 412132 59659 412132 722781
407292 175001 407292 785208 413592 59659 413592 722781
407292 175001 407292 785208 416955 59659 416955 722781
407292 175001 407292 785208 421186 59659 421186 722781
407292 175001 407292 785208 421564 59659 421564 722781
407292 175001 407292 785208 424765 59659 424765 722781
407292 175001 407292 785208 424780 59659 424780 722781
430327 175001 430327 785208 424780 59659 424780 722781
435895 175001 435895 785208 424780 59659 424780 722781
439424 175001 439424 785208 424780 59659 424780 722781
439424 175001 439424 785208 446692 59659 446692 722781
459970 175001 459970 785208 446692 59659 446692 722781
459970 175001 459970 785208 461895 59659 461895 722781
459970 175001 459970 785208 462465 59659 462465 722781
462596 175001 462596 785208 462465 59659 462465 722781
462596 175001 462596 785208 462808 59659 462808 722781
469636 175001 469636 785208 462808 59659 462808 722781
475543 175001 475543 785208 462808 59659 462808 722781
475543 175001 475543 785208 475749 59659 475749 722781
477131 175001 477131 785208 475749 59659 475749 722781
479957 175001 479957 785208 475749 59659 475749 722781
480236 175001 480236 785208 475749 59659 475749 722781
480236 175001 480236 785208 482458 59659 482458 722781
480236 175001 480236 785208 483177 59659 483177 722781
480236 175001 480236 785208 483373 59659 483373 722781
480236 175001 480236 785208 483884 59659 483884 722781
480236 175001 480236 785208 485833 59659 485833 722781
480236 175001 480236 785208 488914 59659 488914 722781
491068 175001 491068 785208 488914 59659 488914 722781
491068 175001 491068 785208 491844 59659 491844 722781
492583 175001 492583 785208 491844 59659 491844 722781
492583 175001 492583 785208 494801 59659 494801 722781
492583 175001 492583 785208 495619 59659 495619 722781
495711 175001 495711 785208 495619 59659 495619 722781
495711 175001 495711 785208 496539 59659 496539 722781
497114 175001 497114 785208 496539 59659 496539 722781
500074 175001 500074 785208 496539 59659 496539 722781
503191 175001 503191 785208 496539 59659 496539 722781
503191 175001 503191 785208 507388 59659 507388 722781
509277 175001 509277 785208 507388 59659 507388 722781
509277 175001 509277 785208 510430 59659 510430 722781
509277 175001 509277 785208 513124 59659 513124 722781
513179 175001 513179 785208 513124 59659 513124 722781
513179 175001 513179 785208 513715 59659 513715 722781
513179 175001 513179 785208 515934 59659 515934 722781
513179 175001 513179 785208 519753 59659 519753 722781
513179 175001 513179 785208 520026 59659 520026 722781
513179 175001 513179 785208 520401 59659 520401 722781
513179 175001 513179 785208 521663 59659 521663 722781
513179 175001 513179 785208 525653 59659 525653 722781
526504 175001 526504 785208 525653 59659 525653 722781
526504 175001 526504 785208 528580 59659 528580 722781
526504 175001 526504 785208 530797 59659 530797 722781
533797 175001 533797 785208 530797 59659 530797 722781
533797 175001 533797 785208 534981 59659 534981 722781
533797 175001 533797 785208 536751 59659 536751 722781
533797 175001 533797 785208 538301 59659 538301 722781
540481 175001 540481 785208 538301 59659 538301 722781
546074 175001 546074 785208 538301 59659 538301 722781
546074 175001 546074 785208 547752 59659 547752 722781
546074 175001 546074 785208 550905 59659 550905 722781
546074 175001 546074 785208 551332 59659 551332 722781
546074 175001 546074 785208 551533 59659 551533 722781
546074 175001 546074 785208 551831 59659 551831 722781
552465 175001 552465 785208 551831 59659 551831 722781
552465 175001 552465 785208 554581 59659 554581 722781
556512 175001 556512 785208 554581 59659 554581 722781
564391 175001 564391 785208 554581 59659 554581 722781
564391 175001 564391 785208 564475 59659 564475 722781
568194 175001 568194 785208 564475 59659 564475 722781
568422 175001 568422 785208 564475 59659 564475 722781
572171 175001 572171 785208 564475 59659 564475 722781
572171 175001 572171 785208 572194 59659 572194 722781
572171 175001 572171 785208 572378 59659 572378 722781
572171 175001 572171 785208 575389 59659 575389 722781
572171 175001 572171 785208 576212 59659 576212 722781
577092 175001 577092 785208 576212 59659 576212 722781
577092 175001 577092 785208 577891 59659 577891 722781
577092 175001 577092 785208 584360 59659 584360 722781
585599 175001 585599 785208 584360 59659 584360 722781
587067 175001 587067 785208 584360 59659 584360 722781
587067 175001 587067 785208 589858 59659 589858 722781
593030 175001 593030 785208 589858 59659 589858 722781
594877 175001 594877 785208 589858 59659 589858 722781
602210 175001 602210 785208 589858 59659 589858 722781
604165 175001 604165 785208 589858 59659 589858 722781
604892 175001 604892 785208 589858 59659 589858 722781
605022 175001 605022 785208 589858 59659 589858 722781
608852 175001 608852 785208 589858 59659 589858 722781
613165 175001 613165 785208 589858 59659 589858 722781
619153 175001 619153 785208 589858 59659 589858 722781
619350 175001 619350 785208 589858 59659 589858 722781
620457 175001 620457 785208 589858 59659 589858 722781
621314 175001 621314 785208 589858 59659 589858 722781
622989 175001 622989 785208 589858 59659 589858 722781
622989 175001 622989 785208 623704 59659 623704 722781
631971 175001 631971 785208 623704 59659 623704 722781
632614 175001 632614 785208 623704 59659 623704 722781
632904 175001 632904 785208 623704 59659 623704 722781
633175 175001 633175 785208 623704 59659 623704 722781
633175 175001 633175 785208 633708 59659 633708 722781
638604 175001 638604 785208 633708 59659 633708 722781
639053 175001 639053 785208 633708 59659 633708 722781
639232 175001 639232 785208 633708 59659 633708 722781
639431 175001 639431 785208 633708 59659 633708 722781
642506 175001 642506 785208 633708 59659 633708 722781
647460 175001 647460 785208 633708 59659 633708 722781
653044 175001 653044 785208 633708 59659 633708 722781
657634 175001 657634 785208 633708 59659 633708 722781
659923 175001 659923 785208 633708 59659 633708 722781
661044 175001 661044 785208 633708 59659 633708 722781
662766 175001 662766 785208 633708 59659 633708 722781
665683 175001 665683 785208 633708 59659 633708 722781
667464 175001 667464 785208 633708 59659 633708 722781
670153 175001 670153 785208 633708 59659 633708 722781
670153 175001 670153 785208 674153 59659 674153 722781
674634 175001 674634 785208 674153 59659 674153 722781
674957 175001 674957 785208 674153 59659 674153 722781
680273 175001 680273 785208 674153 59659 674153 722781
680273 175001 680273 785208 682218 59659 682218 722781
680273 175001 680273 785208 682761 59659 682761 722781
686655 175001 686655 785208 682761 59659 682761 722781
692328 175001 692328 785208 682761 59659 682761 722781
694846 175001 694846 785208 682761 59659 682761 722781
696158 175001 696158 785208 682761 59659 682761 722781
697159 175001 697159 785208 682761 59659 682761 722781
697159 175001 697159 785208 699811 59659 699811 722781
700987 175001 700987 785208 699811 59659 699811 722781
710541 175001 710541 785208 699811 59659 699811 722781
710541 175001 710541 785208 715342 59659 715342 722781
717290 175001 717290 785208 715342 59659 715342 722781
718763 175001 718763 785208 715342 59659 715342 722781
718763 175001 718763 785208 719297 59659 719297 722781
727208 175001 727208 785208 719297 59659 719297 722781
728473 175001 728473 785208 719297 59659 719297 722781
729348 175001 729348 785208 719297 59659 719297 722781
731521 175001 731521 785208 719297 59659 719297 722781
739471 175001 739471 785208 719297 59659 719297 722781
747790 175001 747790 785208 719297 59659 719297 722781
754917 175001 754917 785208 719297 59659 719297 722781
767995 175001 767995 785208 719297 59659 719297 722781
783940 175001 783940 785208 719297 59659 719297 722781
784015 175001 784015 785208 719297 59659 719297 722781
784015 175001 784015 785208 806033 59659 806033 722781
833862 175001 833862 785208 806033 59659 806033 722781
837857 175001 837857 785208 806033 59659 806033 722781
930946 175001 930946 785208 806033 59659 806033 722781
