83892 147718 83892 911957 203045 314533 203045 854594
83892 147718 83892 911957 203045 314533 203045 854594
138468 147718 138468 911957 203045 314533 203045 854594
138495 147718 138495 911957 203045 314533 203045 854594
148770 147718 148770 911957 203045 314533 203045 854594
150493 147718 150493 911957 203045 314533 203045 854594
153016 147718 153016 911957 203045 314533 203045 854594
161575 147718 161575 911957 203045 314533 203045 854594
183139 147718 183139 911957 203045 314533 203045 854594
186316 147718 186316 911957 203045 314533 203045 854594
193763 147718 193763 911957 203045 314533 203045 854594
205704 147718 205704 911957 203045 314533 203045 854594
212038 147718 212038 911957 203045 314533 203045 854594
216952 147718 216952 911957 203045 314533 203045 854594
231547 147718 231547 911957 203045 314533 203045 854594
231547 147718 231547 911957 233175 314533 233175 854594
231547 147718 231547 911957 236411 314533 236411 854594
231547 147718 231547 911957 239888 314533 239888 854594
231547 147718 231547 911957 240000 314533 240000 854594
231547 147718 231547 911957 243367 314533 243367 854594
231547 147718 231547 911957 243719 314533 243719 854594
231547 147718 231547 911957 244672 314533 244672 854594
231547 147718 231547 911957 245501 314533 245501 854594
231547 147718 231547 911957 260055 314533 260055 854594
260658 147718 260658 911957 260055 314533 260055 854594
262126 147718 262126 911957 260055 314533 260055 854594
265790 147718 265790 911957 260055 314533 260055 854594
267162 147718 267162 911957 260055 314533 260055 854594
270545 147718 270545 911957 260055 314533 260055 854594
270545 147718 270545 911957 271928 314533 271928 854594
274881 147718 274881 911957 271928 314533 271928 854594
282791 147718 282791 911957 271928 314533 271928 854594
282791 147718 282791 911957 283672 314533 283672 854594
282791 147718 282791 911957 283885 314533 283885 854594
284082 147718 284082 911957 283885 314533 283885 854594
285610 147718 285610 911957 283885 314533 283885 854594
285610 147718 285610 911957 286286 314533 286286 854594
285610 147718 285610 911957 286895 314533 286895 854594
285610 147718 285610 911957 286975 314533 286975 854594
289353 147718 289353 911957 286975 314533 286975 854594
289353 147718 289353 911957 290063 314533 290063 854594
291339 147718 291339 911957 290063 314533 290063 854594
296323 147718 296323 911957 290063 314533 290063 854594
296323 147718 296323 911957 298467 314533 298467 854594
299598 147718 299598 911957 298467 314533 298467 854594
299598 147718 299598 911957 303819 314533 303819 854594
299598 147718 299598 911957 307341 314533 307341 854594
308077 147718 308077 911957 307341 314533 307341 854594
308717 147718 308717 911957 307341 314533 307341 854594
308717 147718 308717 911957 309060 314533 309060 854594
309685 147718 309685 911957 309060 314533 309060 854594
309888 147718 309888 911957 309060 314533 309060 854594
310434 147718 310434 911957 309060 314533 309060 854594
310434 147718 310434 911957 310676 314533 310676 854594
310434 147718 310434 911957 311330 314533 311330 854594
312968 147718 312968 911957 311330 314533 311330 854594
313603 147718 313603 911957 311330 314533 311330 854594
315323 147718 315323 911957 311330 314533 311330 854594
315323 147718 315323 911957 315918 314533 315918 854594
315323 147718 315323 911957 316746 314533 316746 854594
322648 147718 322648 911957 316746 314533 316746 854594
322648 147718 322648 911957 325694 314533 325694 854594
322648 147718 322648 911957 327640 314533 327640 854594
330061 147718 330061 911957 327640 314533 327640 854594
330061 147718 330061 911957 331466 314533 331466 854594
330061 147718 330061 911957 335254 314533 335254 854594
330061 147718 330061 911957 335299 314533 335299 854594
335745 147718 335745 911957 335299 314533 335299 854594
335745 147718 335745 911957 335892 314533 335892 854594
337963 147718 337963 911957 335892 314533 335892 854594
339762 147718 339762 911957 335892 314533 335892 854594
341184 147718 341184 911957 335892 314533 335892 854594
345196 147718 345196 911957 335892 314533 335892 854594
346347 147718 346347 911957 335892 314533 335892 854594
346347 147718 346347 911957 347295 314533 347295 854594
349822 147718 349822 911957 347295 314533 347295 854594
349994 147718 349994 911957 347295 314533 347295 854594
351673 147718 351673 911957 347295 314533 347295 854594
354815 147718 354815 911957 347295 314533 347295 854594
355441 147718 355441 911957 347295 314533 347295 854594
355631 147718 355631 911957 347295 314533 347295 854594
355631 147718 355631 911957 355889 314533 355889 854594
357420 147718 357420 911957 355889 314533 355889 854594
357420 147718 357420 911957 357650 314533 357650 854594
358525 147718 358525 911957 357650 314533 357650 854594
363757 147718 363757 911957 357650 314533 357650 854594
363757 147718 363757 911957 364156 314533 364156 854594
363757 147718 363757 911957 365687 314533 365687 854594
363757 147718 363757 911957 369941 314533 369941 854594
374262 147718 374262 911957 369941 314533 369941 854594
375325 147718 375325 911957 369941 314533 369941 854594
376679 147718 376679 911957 369941 314533 369941 854594
376679 147718 376679 911957 381709 314533 381709 854594
376679 147718 376679 911957 382912 314533 382912 854594
388465 147718 388465 911957 382912 314533 382912 854594
395374 147718 395374 911957 382912 314533 382912 854594
395374 147718 395374 911957 403888 314533 403888 854594
395374 147718 395374 911957 409660 314533 409660 854594
395374 147718 395374 911957 411119 314533 411119 854594
415531 147718 415531 911957 411119 314533 411119 854594
415531 147718 415531 911957 416010 314533 416010 854594
416276 147718 416276 911957 416010 314533 416010 854594
416276 147718 416276 911957 418419 314533 418419 854594
416276 147718 416276 911957 425276 314533 425276 854594
425631 147718 425631 911957 425276 314533 425276 854594
441332 147718 441332 911957 425276 314533 425276 854594
446310 147718 446310 911957 425276 314533 425276 854594
446310 147718 446310 911957 448408 314533 448408 854594
454113 147718 454113 911957 448408 314533 448408 854594
456432 147718 456432 911957 448408 314533 448408 854594
456432 147718 456432 911957 457275 314533 457275 854594
456432 147718 456432 911957 458500 314533 458500 854594
456432 147718 456432 911957 460175 314533 460175 854594
456432 147718 456432 911957 463384 314533 463384 854594
456432 147718 456432 911957 464439 314533 464439 854594
466654 147718 466654 911957 464439 314533 464439 854594
469572 147718 469572 911957 464439 314533 464439 854594
469781 147718 469781 911957 464439 314533 464439 854594
469781 147718 469781 911957 478236 314533 478236 854594
479160 147718 479160 911957 478236 314533 478236 854594
479160 147718 479160 911957 479781 314533 479781 854594
483165 147718 483165 911957 479781 314533 479781 854594
483165 147718 483165 911957 483375 314533 483375 854594
483165 147718 483165 911957 485741 314533 485741 854594
486342 147718 486342 911957 485741 314533 485741 854594
488201 147718 488201 911957 485741 314533 485741 854594
490470 147718 490470 911957 485741 314533 485741 854594
493131 147718 493131 911957 485741 314533 485741 854594
493131 147718 493131 911957 495237 314533 495237 854594
493131 147718 493131 911957 495383 314533 495383 854594
497749 147718 497749 911957 495383 314533 495383 854594
503794 147718 503794 911957 495383 314533 495383 854594
503794 147718 503794 911957 504086 314533 504086 854594
503794 147718 503794 911957 504480 314533 504480 854594
503794 147718 503794 911957 513278 314533 513278 854594
518315 147718 518315 911957 513278 314533 513278 854594
518315 147718 518315 911957 521945 314533 521945 854594
518315 147718 518315 911957 523395 314533 523395 854594
524198 147718 524198 911957 523395 314533 523395 854594
524198 147718 524198 911957 525009 314533 525009 854594
524198 147718 524198 911957 525326 314533 525326 854594
524198 147718 524198 911957 529917 314533 529917 854594
524198 147718 524198 911957 530350 314533 530350 854594
524198 147718 524198 911957 538297 314533 538297 854594
524198 147718 524198 911957 540590 314533 540590 854594
524198 147718 524198 911957 543139 314533 543139 854594
524198 147718 524198 911957 551698 314533 551698 854594
524198 147718 524198 911957 564722 314533 564722 854594
524198 147718 524198 911957 566251 314533 566251 854594
524198 147718 524198 911957 566958 314533 566958 854594
524198 147718 524198 911957 568138 314533 568138 854594
524198 147718 524198 911957 570286 314533 570286 854594
524198 147718 524198 911957 571426 314533 571426 854594
524198 147718 524198 911957 572902 314533 572902 854594
579007 147718 579007 911957 572902 314533 572902 854594
579007 147718 579007 911957 584561 314533 584561 854594
579007 147718 579007 911957 587292 314533 587292 854594
579007 147718 579007 911957 605551 314533 605551 854594
579007 147718 579007 911957 614183 314533 614183 854594
579007 147718 579007 911957 634395 314533 634395 854594
579007 147718 579007 911957 637339 314533 637339 854594
579007 147718 579007 911957 641798 314533 641798 854594
579007 147718 579007 911957 647675 314533 647675 854594
651791 147718 651791 911957 647675 314533 647675 854594
651791 147718 651791 911957 668791 314533 668791 854594
651791 147718 651791 911957 671367 314533 671367 854594
651791 147718 651791 911957 672874 314533 672874 854594
651791 147718 651791 911957 685983 314533 685983 854594
687494 147718 687494 911957 685983 314533 685983 854594
687494 147718 687494 911957 693606 314533 693606 854594
695620 147718 695620 911957 693606 314533 693606 854594
703246 147718 703246 911957 693606 314533 693606 854594
703246 147718 703246 911957 709003 314533 709003 854594
703246 147718 703246 911957 709199 314533 709199 854594
703246 147718 703246 911957 713071 314533 713071 854594
703246 147718 703246 911957 713118 314533 713118 854594
714473 147718 714473 911957 713118 314533 713118 854594
714473 147718 714473 911957 716197 314533 716197 854594
714473 147718 714473 911957 717096 314533 717096 854594
714473 147718 714473 911957 722748 314533 722748 854594
728876 147718 728876 911957 722748 314533 722748 854594
735118 147718 735118 911957 722748 314533 722748 854594
740214 147718 740214 911957 722748 314533 722748 854594
740214 147718 740214 911957 742109 314533 742109 854594
745887 147718 745887 911957 742109 314533 742109 854594
745887 147718 745887 911957 746619 314533 746619 854594
751348 147718 751348 911957 746619 314533 746619 854594
752562 147718 752562 911957 746619 314533 746619 854594
752562 147718 752562 911957 753118 314533 753118 854594
765955 147718 765955 911957 753118 314533 753118 854594
767320 147718 767320 911957 753118 314533 753118 854594
768548 147718 768548 911957 753118 314533 753118 854594
774464 147718 774464 911957 753118 314533 753118 854594
782181 147718 782181 911957 753118 314533 753118 854594
791466 147718 791466 911957 753118 314533 753118 854594
793628 147718 793628 911957 753118 314533 753118 854594
795660 147718 795660 911957 753118 314533 753118 854594
817504 147718 817504 911957 753118 314533 753118 854594
834505 147718 834505 911957 753118 314533 753118 854594
874006 147718 874006 911957 753118 314533 753118 854594
