96927 125178 96927 829240 100512 240547 100512 984024
96927 125178 96927 829240 100512 240547 100512 984024
96927 125178 96927 829240 123461 240547 123461 984024
96927 125178 96927 829240 124659 240547 124659 984024
96927 125178 96927 829240 144035 240547 144035 984024
96927 125178 96927 829240 157650 240547 157650 984024
167099 125178 167099 829240 157650 240547 157650 984024
167099 125178 167099 829240 171514 240547 171514 984024
174847 125178 174847 829240 171514 240547 171514 984024
174847 125178 174847 829240 176838 240547 176838 984024
180926 125178 180926 829240 176838 240547 176838 984024
180926 125178 180926 829240 188833 240547 188833 984024
191221 125178 191221 829240 188833 240547 188833 984024
193147 125178 193147 829240 188833 240547 188833 984024
194547 125178 194547 829240 188833 240547 188833 984024
194547 125178 194547 829240 194958 240547 194958 984024
211672 125178 211672 829240 194958 240547 194958 984024
220021 125178 220021 829240 194958 240547 194958 984024
220021 125178 220021 829240 228561 240547 228561 984024
220021 125178 220021 829240 230711 240547 230711 984024
230972 125178 230972 829240 230711 240547 230711 984024
234949 125178 234949 829240 230711 240547 230711 984024
238997 125178 238997 829240 230711 240547 230711 984024
239635 125178 239635 829240 230711 240547 230711 984024
245780 125178 245780 829240 230711 240547 230711 984024
250662 125178 250662 829240 230711 240547 230711 984024
254496 125178 254496 829240 230711 240547 230711 984024
254496 125178 254496 829240 255425 240547 255425 984024
254496 125178 254496 829240 258819 240547 258819 984024
254496 125178 254496 829240 262486 240547 262486 984024
267160 125178 267160 829240 262486 240547 262486 984024
267160 125178 267160 829240 273300 240547 273300 984024
267160 125178 267160 829240 276832 240547 276832 984024
267160 125178 267160 829240 278797 240547 278797 984024
278929 125178 278929 829240 278797 240547 278797 984024
278929 125178 278929 829240 280308 240547 280308 984024
281344 125178 281344 829240 280308 240547 280308 984024
281344 125178 281344 829240 285475 240547 285475 984024
281344 125178 281344 829240 287212 240547 287212 984024
289177 125178 289177 829240 287212 240547 287212 984024
290036 125178 290036 829240 287212 240547 287212 984024
291071 125178 291071 829240 287212 240547 287212 984024
291071 125178 291071 829240 292623 240547 292623 984024
291071 125178 291071 829240 296172 240547 296172 984024
297555 125178 297555 829240 296172 240547 296172 984024
297555 125178 297555 829240 300118 240547 300118 984024
306789 125178 306789 829240 300118 240547 300118 984024
314722 125178 314722 829240 300118 240547 300118 984024
317735 125178 317735 829240 300118 240547 300118 984024
317735 125178 317735 829240 320094 240547 320094 984024
322287 125178 322287 829240 320094 240547 320094 984024
322690 125178 322690 829240 320094 240547 320094 984024
324371 125178 324371 829240 320094 240547 320094 984024
326428 125178 326428 829240 320094 240547 320094 984024
330208 125178 330208 829240 320094 240547 320094 984024
331158 125178 331158 829240 320094 240547 320094 984024
338101 125178 338101 829240 320094 240547 320094 984024
338181 125178 338181 829240 320094 240547 320094 984024
340911 125178 340911 829240 320094 240547 320094 984024
346602 125178 346602 829240 320094 240547 320094 984024
351571 125178 351571 829240 320094 240547 320094 984024
359354 125178 359354 829240 320094 240547 320094 984024
362171 125178 362171 829240 320094 240547 320094 984024
368062 125178 368062 829240 320094 240547 320094 984024
378823 125178 378823 829240 320094 240547 320094 984024
388161 125178 388161 829240 320094 240547 320094 984024
388319 125178 388319 829240 320094 240547 320094 984024
391850 125178 391850 829240 320094 240547 320094 984024
392040 125178 392040 829240 320094 240547 320094 984024
402837 125178 402837 829240 320094 240547 320094 984024
402957 125178 402957 829240 320094 240547 320094 984024
413828 125178 413828 829240 320094 240547 320094 984024
415356 125178 415356 829240 320094 240547 320094 984024
416735 125178 416735 829240 320094 240547 320094 984024
429302 125178 429302 829240 320094 240547 320094 984024
439384 125178 439384 829240 320094 240547 320094 984024
439902 125178 439902 829240 320094 240547 320094 984024
440580 125178 440580 829240 320094 240547 320094 984024
440580 125178 440580 829240 441585 240547 441585 984024
445456 125178 445456 829240 441585 240547 441585 984024
448561 125178 448561 829240 441585 240547 441585 984024
457926 125178 457926 829240 441585 240547 441585 984024
460428 125178 460428 829240 441585 240547 441585 984024
462837 125178 462837 829240 441585 240547 441585 984024
463756 125178 463756 829240 441585 240547 441585 984024
478036 125178 478036 829240 441585 240547 441585 984024
480112 125178 480112 829240 441585 240547 441585 984024
481115 125178 481115 829240 441585 240547 441585 984024
483399 125178 483399 829240 441585 240547 441585 984024
486216 125178 486216 829240 441585 240547 441585 984024
488795 125178 488795 829240 441585 240547 441585 984024
488795 125178 488795 829240 489351 240547 489351 984024
493391 125178 493391 829240 489351 240547 489351 984024
499277 125178 499277 829240 489351 240547 489351 984024
502628 125178 502628 829240 489351 240547 489351 984024
502628 125178 502628 829240 504053 240547 504053 984024
502628 125178 502628 829240 505088 240547 505088 984024
505142 125178 505142 829240 505088 240547 505088 984024
505142 125178 505142 829240 507685 240547 507685 984024
511206 125178 511206 829240 507685 240547 507685 984024
512362 125178 512362 829240 507685 240547 507685 984024
512362 125178 512362 829240 514412 240547 514412 984024
516992 125178 516992 829240 514412 240547 514412 984024
516992 125178 516992 829240 518033 240547 518033 984024
516992 125178 516992 829240 519095 240547 519095 984024
522306 125178 522306 829240 519095 240547 519095 984024
522466 125178 522466 829240 519095 240547 519095 984024
523785 125178 523785 829240 519095 240547 519095 984024
523785 125178 523785 829240 525605 240547 525605 984024
528084 125178 528084 829240 525605 240547 525605 984024
528084 125178 528084 829240 529422 240547 529422 984024
528084 125178 528084 829240 536011 240547 536011 984024
528084 125178 528084 829240 537879 240547 537879 984024
528084 125178 528084 829240 548902 240547 548902 984024
528084 125178 528084 829240 549568 240547 549568 984024
549920 125178 549920 829240 549568 240547 549568 984024
549920 125178 549920 829240 552515 240547 552515 984024
554635 125178 554635 829240 552515 240547 552515 984024
555143 125178 555143 829240 552515 240547 552515 984024
555143 125178 555143 829240 557528 240547 557528 984024
555143 125178 555143 829240 562537 240547 562537 984024
555143 125178 555143 829240 564765 240547 564765 984024
555143 125178 555143 829240 565963 240547 565963 984024
555143 125178 555143 829240 566174 240547 566174 984024
555143 125178 555143 829240 572184 240547 572184 984024
555143 125178 555143 829240 572421 240547 572421 984024
555143 125178 555143 829240 573242 240547 573242 984024
555143 125178 555143 829240 574226 240547 574226 984024
555143 125178 555143 829240 574728 240547 574728 984024
555143 125178 555143 829240 576769 240547 576769 984024
578714 125178 578714 829240 576769 240547 576769 984024
578714 125178 578714 829240 590153 240547 590153 984024
578714 125178 578714 829240 590412 240547 590412 984024
578714 125178 578714 829240 593053 240547 593053 984024
578714 125178 578714 829240 598256 240547 598256 984024
578714 125178 578714 829240 598859 240547 598859 984024
578714 125178 578714 829240 601183 240547 601183 984024
578714 125178 578714 829240 602774 240547 602774 984024
578714 125178 578714 829240 606363 240547 606363 984024
578714 125178 578714 829240 608290 240547 608290 984024
578714 125178 578714 829240 611084 240547 611084 984024
578714 125178 578714 829240 611878 240547 611878 984024
578714 125178 578714 829240 617207 240547 617207 984024
578714 125178 578714 829240 617645 240547 617645 984024
578714 125178 578714 829240 619993 240547 619993 984024
623921 125178 623921 829240 619993 240547 619993 984024
623921 125178 623921 829240 624063 240547 624063 984024
623921 125178 623921 829240 624385 240547 624385 984024
623921 125178 623921 829240 625375 240547 625375 984024
623921 125178 623921 829240 628337 240547 628337 984024
623921 125178 623921 829240 630041 240547 630041 984024
623921 125178 623921 829240 630048 240547 630048 984024
623921 125178 623921 829240 630247 240547 630247 984024
623921 125178 623921 829240 630889 240547 630889 984024
623921 125178 623921 829240 631860 240547 631860 984024
623921 125178 623921 829240 634796 240547 634796 984024
623921 125178 623921 829240 635843 240547 635843 984024
623921 125178 623921 829240 638811 240547 638811 984024
623921 125178 623921 829240 641032 240547 641032 984024
623921 125178 623921 829240 642680 240547 642680 984024
623921 125178 623921 829240 644107 240547 644107 984024
623921 125178 623921 829240 648759 240547 648759 984024
623921 125178 623921 829240 649216 240547 649216 984024
623921 125178 623921 829240 651805 240547 651805 984024
654260 125178 654260 829240 651805 240547 651805 984024
654260 125178 654260 829240 655640 240547 655640 984024
654260 125178 654260 829240 658623 240547 658623 984024
654260 125178 654260 829240 660423 240547 660423 984024
654260 125178 654260 829240 661410 240547 661410 984024
654260 125178 654260 829240 664074 240547 664074 984024
654260 125178 654260 829240 669366 240547 669366 984024
654260 125178 654260 829240 671866 240547 671866 984024
675074 125178 675074 829240 671866 240547 671866 984024
682312 125178 682312 829240 671866 240547 671866 984024
682312 125178 682312 829240 682970 240547 682970 984024
684538 125178 684538 829240 682970 240547 682970 984024
686276 125178 686276 829240 682970 240547 682970 984024
686276 125178 686276 829240 691102 240547 691102 984024
686276 125178 686276 829240 692520 240547 692520 984024
686276 125178 686276 829240 694556 240547 694556 984024
686276 125178 686276 829240 695864 240547 695864 984024
686276 125178 686276 829240 699742 240547 699742 984024
686276 125178 686276 829240 702317 240547 702317 984024
686276 125178 686276 829240 714457 240547 714457 984024
686276 125178 686276 829240 722698 240547 722698 984024
686276 125178 686276 829240 733213 240547 733213 984024
734616 125178 734616 829240 733213 240547 733213 984024
736596 125178 736596 829240 733213 240547 733213 984024
766817 125178 766817 829240 733213 240547 733213 984024
770667 125178 770667 829240 733213 240547 733213 984024
773499 125178 773499 829240 733213 240547 733213 984024
779172 125178 779172 829240 733213 240547 733213 984024
781138 125178 781138 829240 733213 240547 733213 984024
790539 125178 790539 829240 733213 240547 733213 984024
793080 125178 793080 829240 733213 240547 733213 984024
796252 125178 796252 829240 733213 240547 733213 984024
796252 125178 796252 829240 813861 240547 813861 984024
834222 125178 834222 829240 813861 240547 813861 984024
837894 125178 837894 829240 813861 240547 813861 984024
890406 125178 890406 829240 813861 240547 813861 984024
