134602 177428 134602 865868 165591 166894 165591 964632
134602 177428 134602 865868 165591 166894 165591 964632
134602 177428 134602 865868 192025 166894 192025 964632
134602 177428 134602 865868 192917 166894 192917 964632
134602 177428 134602 865868 216248 166894 216248 964632
134602 177428 134602 865868 230529 166894 230529 964632
134602 177428 134602 865868 258828 166894 258828 964632
134602 177428 134602 865868 306122 166894 306122 964632
313109 177428 313109 865868 306122 166894 306122 964632
313109 177428 313109 865868 323167 166894 323167 964632
323893 177428 323893 865868 323167 166894 323167 964632
323893 177428 323893 865868 327991 166894 327991 964632
334743 177428 334743 865868 327991 166894 327991 964632
334743 177428 334743 865868 340267 166894 340267 964632
334743 177428 334743 865868 347645 166894 347645 964632
358883 177428 358883 865868 347645 166894 347645 964632
358883 177428 358883 865868 360603 166894 360603 964632
364070 177428 364070 865868 360603 166894 360603 964632
374362 177428 374362 865868 360603 166894 360603 964632
374362 177428 374362 865868 376163 166894 376163 964632
380101 177428 380101 865868 376163 166894 376163 964632
382542 177428 382542 865868 376163 166894 376163 964632
383503 177428 383503 865868 376163 166894 376163 964632
383503 177428 383503 865868 383914 166894 383914 964632
384518 177428 384518 865868 383914 166894 383914 964632
384518 177428 384518 865868 385243 166894 385243 964632
384518 177428 384518 865868 395672 166894 395672 964632
384518 177428 384518 865868 398493 166894 398493 964632
384518 177428 384518 865868 400370 166894 400370 964632
384518 177428 384518 865868 406264 166894 406264 964632
407135 177428 407135 865868 406264 166894 406264 964632
408648 177428 408648 865868 406264 166894 406264 964632
408648 177428 408648 865868 410083 166894 410083 964632
408648 177428 408648 865868 430517 166894 430517 964632
408648 177428 408648 865868 432963 166894 432963 964632
436113 177428 436113 865868 432963 166894 432963 964632
437387 177428 437387 865868 432963 166894 432963 964632
437387 177428 437387 865868 441023 166894 441023 964632
437387 177428 437387 865868 450706 166894 450706 964632
451340 177428 451340 865868 450706 166894 450706 964632
452029 177428 452029 865868 450706 166894 450706 964632
452278 177428 452278 865868 450706 166894 450706 964632
452474 177428 452474 865868 450706 166894 450706 964632
457278 177428 457278 865868 450706 166894 450706 964632
468040 177428 468040 865868 450706 166894 450706 964632
468055 177428 468055 865868 450706 166894 450706 964632
469971 177428 469971 865868 450706 166894 450706 964632
469971 177428 469971 865868 480155 166894 480155 964632
469971 177428 469971 865868 482671 166894 482671 964632
469971 177428 469971 865868 483924 166894 483924 964632
485414 177428 485414 865868 483924 166894 483924 964632
485675 177428 485675 865868 483924 166894 483924 964632
486766 177428 486766 865868 483924 166894 483924 964632
487353 177428 487353 865868 483924 166894 483924 964632
488502 177428 488502 865868 483924 166894 483924 964632
488502 177428 488502 865868 491328 166894 491328 964632
496164 177428 496164 865868 491328 166894 491328 964632
496452 177428 496452 865868 491328 166894 491328 964632
498338 177428 498338 865868 491328 166894 491328 964632
513360 177428 513360 865868 491328 166894 491328 964632
514645 177428 514645 865868 491328 166894 491328 964632
516733 177428 516733 865868 491328 166894 491328 964632
518274 177428 518274 865868 491328 166894 491328 964632
518442 177428 518442 865868 491328 166894 491328 964632
518809 177428 518809 865868 491328 166894 491328 964632
519886 177428 519886 865868 491328 166894 491328 964632
523206 177428 523206 865868 491328 166894 491328 964632
523206 177428 523206 865868 524342 166894 524342 964632
525558 177428 525558 865868 524342 166894 524342 964632
525558 177428 525558 865868 530005 166894 530005 964632
525558 177428 525558 865868 532544 166894 532544 964632
535001 177428 535001 865868 532544 166894 532544 964632
536147 177428 536147 865868 532544 166894 532544 964632
537284 177428 537284 865868 532544 166894 532544 964632
537284 177428 537284 865868 537325 166894 537325 964632
537284 177428 537284 865868 542398 166894 542398 964632
537284 177428 537284 865868 543605 166894 543605 964632
544191 177428 544191 865868 543605 166894 543605 964632
549244 177428 549244 865868 543605 166894 543605 964632
550481 177428 550481 865868 543605 166894 543605 964632
550812 177428 550812 865868 543605 166894 543605 964632
556546 177428 556546 865868 543605 166894 543605 964632
557578 177428 557578 865868 543605 166894 543605 964632
559052 177428 559052 865868 543605 166894 543605 964632
563703 177428 563703 865868 543605 166894 543605 964632
565025 177428 565025 865868 543605 166894 543605 964632
565025 177428 565025 865868 567819 166894 567819 964632
571458 177428 571458 865868 567819 166894 567819 964632
571458 177428 571458 865868 572385 166894 572385 964632
572680 177428 572680 865868 572385 166894 572385 964632
572680 177428 572680 865868 573671 166894 573671 964632
574569 177428 574569 865868 573671 166894 573671 964632
574569 177428 574569 865868 578467 166894 578467 964632
574569 177428 574569 865868 581628 166894 581628 964632
582448 177428 582448 865868 581628 166894 581628 964632
583234 177428 583234 865868 581628 166894 581628 964632
583234 177428 583234 865868 583873 166894 583873 964632
584321 177428 584321 865868 583873 166894 583873 964632
584777 177428 584777 865868 583873 166894 583873 964632
584777 177428 584777 865868 586906 166894 586906 964632
586916 177428 586916 865868 586906 166894 586906 964632
586916 177428 586916 865868 588227 166894 588227 964632
586916 177428 586916 865868 588815 166894 588815 964632
595605 177428 595605 865868 588815 166894 588815 964632
595605 177428 595605 865868 596335 166894 596335 964632
595605 177428 595605 865868 596628 166894 596628 964632
599618 177428 599618 865868 596628 166894 596628 964632
599618 177428 599618 865868 601538 166894 601538 964632
599618 177428 599618 865868 602866 166894 602866 964632
599618 177428 599618 865868 606223 166894 606223 964632
599618 177428 599618 865868 606477 166894 606477 964632
611566 177428 611566 865868 606477 166894 606477 964632
611566 177428 611566 865868 613388 166894 613388 964632
611566 177428 611566 865868 614554 166894 614554 964632
615690 177428 615690 865868 614554 166894 614554 964632
615690 177428 615690 865868 615744 166894 615744 964632
615690 177428 615690 865868 615784 166894 615784 964632
615690 177428 615690 865868 622537 166894 622537 964632
625487 177428 625487 865868 622537 166894 622537 964632
627152 177428 627152 865868 622537 166894 622537 964632
627586 177428 627586 865868 622537 166894 622537 964632
627586 177428 627586 865868 628007 166894 628007 964632
628222 177428 628222 865868 628007 166894 628007 964632
629269 177428 629269 865868 628007 166894 628007 964632
637478 177428 637478 865868 628007 166894 628007 964632
637478 177428 637478 865868 642000 166894 642000 964632
642039 177428 642039 865868 642000 166894 642000 964632
642039 177428 642039 865868 644601 166894 644601 964632
642039 177428 642039 865868 647726 166894 647726 964632
648210 177428 648210 865868 647726 166894 647726 964632
648210 177428 648210 865868 650771 166894 650771 964632
648210 177428 648210 865868 651990 166894 651990 964632
648210 177428 648210 865868 653084 166894 653084 964632
648210 177428 648210 865868 656778 166894 656778 964632
648210 177428 648210 865868 658033 166894 658033 964632
648210 177428 648210 865868 659970 166894 659970 964632
648210 177428 648210 865868 660866 166894 660866 964632
662048 177428 662048 865868 660866 166894 660866 964632
663298 177428 663298 865868 660866 166894 660866 964632
663298 177428 663298 865868 664622 166894 664622 964632
663298 177428 663298 865868 666778 166894 666778 964632
663298 177428 663298 865868 667143 166894 667143 964632
663298 177428 663298 865868 670851 166894 670851 964632
671016 177428 671016 865868 670851 166894 670851 964632
672240 177428 672240 865868 670851 166894 670851 964632
676712 177428 676712 865868 670851 166894 670851 964632
676712 177428 676712 865868 678005 166894 678005 964632
678828 177428 678828 865868 678005 166894 678005 964632
678828 177428 678828 865868 680839 166894 680839 964632
678828 177428 678828 865868 683483 166894 683483 964632
678828 177428 678828 865868 687557 166894 687557 964632
687752 177428 687752 865868 687557 166894 687557 964632
687752 177428 687752 865868 690505 166894 690505 964632
700647 177428 700647 865868 690505 166894 690505 964632
700647 177428 700647 865868 701238 166894 701238 964632
700647 177428 700647 865868 701612 166894 701612 964632
703423 177428 703423 865868 701612 166894 701612 964632
703423 177428 703423 865868 704811 166894 704811 964632
703423 177428 703423 865868 705491 166894 705491 964632
710609 177428 710609 865868 705491 166894 705491 964632
715022 177428 715022 865868 705491 166894 705491 964632
715022 177428 715022 865868 716135 166894 716135 964632
715022 177428 715022 865868 717273 166894 717273 964632
715022 177428 715022 865868 720378 166894 720378 964632
721355 177428 721355 865868 720378 166894 720378 964632
721355 177428 721355 865868 721546 166894 721546 964632
725891 177428 725891 865868 721546 166894 721546 964632
726806 177428 726806 865868 721546 166894 721546 964632
726806 177428 726806 865868 726983 166894 726983 964632
726806 177428 726806 865868 729212 166894 729212 964632
726806 177428 726806 865868 729583 166894 729583 964632
734311 177428 734311 865868 729583 166894 729583 964632
737144 177428 737144 865868 729583 166894 729583 964632
737144 177428 737144 865868 743390 166894 743390 964632
737144 177428 737144 865868 744269 166894 744269 964632
745083 177428 745083 865868 744269 166894 744269 964632
745083 177428 745083 865868 747223 166894 747223 964632
745083 177428 745083 865868 748038 166894 748038 964632
745083 177428 745083 865868 749328 166894 749328 964632
751795 177428 751795 865868 749328 166894 749328 964632
751795 177428 751795 865868 755216 166894 755216 964632
751795 177428 751795 865868 768642 166894 768642 964632
771317 177428 771317 865868 768642 166894 768642 964632
780476 177428 780476 865868 768642 166894 768642 964632
782262 177428 782262 865868 768642 166894 768642 964632
782262 177428 782262 865868 786894 166894 786894 964632
782262 177428 782262 865868 787962 166894 787962 964632
782262 177428 782262 865868 788499 166894 788499 964632
796430 177428 796430 865868 788499 166894 788499 964632
799615 177428 799615 865868 788499 166894 788499 964632
801285 177428 801285 865868 788499 166894 788499 964632
801285 177428 801285 865868 803720 166894 803720 964632
807627 177428 807627 865868 803720 166894 803720 964632
811389 177428 811389 865868 803720 166894 803720 964632
811389 177428 811389 865868 818421 166894 818421 964632
828668 177428 828668 865868 818421 166894 818421 964632
834561 177428 834561 865868 818421 166894 818421 964632
834561 177428 834561 865868 870861 166894 870861 964632
834561 177428 834561 865868 871365 166894 871365 964632
834561 177428 834561 865868 904079 166894 904079 964632
