162817 167885 162817 828657 149091 79509 149091 940300
162817 167885 162817 828657 149091 79509 149091 940300
162817 167885 162817 828657 155411 79509 155411 940300
178202 167885 178202 828657 155411 79509 155411 940300
183226 167885 183226 828657 155411 79509 155411 940300
197307 167885 197307 828657 155411 79509 155411 940300
202981 167885 202981 828657 155411 79509 155411 940300
212947 167885 212947 828657 155411 79509 155411 940300
212947 167885 212947 828657 225208 79509 225208 940300
233399 167885 233399 828657 225208 79509 225208 940300
240871 167885 240871 828657 225208 79509 225208 940300
241380 167885 241380 828657 225208 79509 225208 940300
251334 167885 251334 828657 225208 79509 225208 940300
253802 167885 253802 828657 225208 79509 225208 940300
255770 167885 255770 828657 225208 79509 225208 940300
264713 167885 264713 828657 225208 79509 225208 940300
264713 167885 264713 828657 268192 79509 268192 940300
278084 167885 278084 828657 268192 79509 268192 940300
282238 167885 282238 828657 268192 79509 268192 940300
286653 167885 286653 828657 268192 79509 268192 940300
288656 167885 288656 828657 268192 79509 268192 940300
288656 167885 288656 828657 292929 79509 292929 940300
288656 167885 288656 828657 295535 79509 295535 940300
288656 167885 288656 828657 301143 79509 301143 940300
305249 167885 305249 828657 301143 79509 301143 940300
309216 167885 309216 828657 301143 79509 301143 940300
309216 167885 309216 828657 309349 79509 309349 940300
309216 167885 309216 828657 309846 79509 309846 940300
311187 167885 311187 828657 309846 79509 309846 940300
311187 167885 311187 828657 312955 79509 312955 940300
315070 167885 315070 828657 312955 79509 312955 940300
319606 167885 319606 828657 312955 79509 312955 940300
319606 167885 319606 828657 321504 79509 321504 940300
319606 167885 319606 828657 323831 79509 323831 940300
330085 167885 330085 828657 323831 79509 323831 940300
335542 167885 335542 828657 323831 79509 323831 940300
336647 167885 336647 828657 323831 79509 323831 940300
336647 167885 336647 828657 340933 79509 340933 940300
346349 167885 346349 828657 340933 79509 340933 940300
346349 167885 346349 828657 354594 79509 354594 940300
346349 167885 346349 828657 359212 79509 359212 940300
346349 167885 346349 828657 360999 79509 360999 940300
346349 167885 346349 828657 363730 79509 363730 940300
363913 167885 363913 828657 363730 79509 363730 940300
363913 167885 363913 828657 371718 79509 371718 940300
372172 167885 372172 828657 371718 79509 371718 940300
376215 167885 376215 828657 371718 79509 371718 940300
377516 167885 377516 828657 371718 79509 371718 940300
377516 167885 377516 828657 379577 79509 379577 940300
382722 167885 382722 828657 379577 79509 379577 940300
398392 167885 398392 828657 379577 79509 379577 940300
398392 167885 398392 828657 413730 79509 413730 940300
398392 167885 398392 828657 414471 79509 414471 940300
414899 167885 414899 828657 414471 79509 414471 940300
414899 167885 414899 828657 415621 79509 415621 940300
414899 167885 414899 828657 416968 79509 416968 940300
414899 167885 414899 828657 426583 79509 426583 940300
426847 167885 426847 828657 426583 79509 426583 940300
428273 167885 428273 828657 426583 79509 426583 940300
428273 167885 428273 828657 430357 79509 430357 940300
428273 167885 428273 828657 431854 79509 431854 940300
433135 167885 433135 828657 431854 79509 431854 940300
438710 167885 438710 828657 431854 79509 431854 940300
438710 167885 438710 828657 441625 79509 441625 940300
443412 167885 443412 828657 441625 79509 441625 940300
444109 167885 444109 828657 441625 79509 441625 940300
444109 167885 444109 828657 444320 79509 444320 940300
447019 167885 447019 828657 444320 79509 444320 940300
451176 167885 451176 828657 444320 79509 444320 940300
451176 167885 451176 828657 452139 79509 452139 940300
453600 167885 453600 828657 452139 79509 452139 940300
453600 167885 453600 828657 456066 79509 456066 940300
456745 167885 456745 828657 456066 79509 456066 940300
456745 167885 456745 828657 457162 79509 457162 940300
456745 167885 456745 828657 459879 79509 459879 940300
456745 167885 456745 828657 460007 79509 460007 940300
456745 167885 456745 828657 460960 79509 460960 940300
456745 167885 456745 828657 463183 79509 463183 940300
456745 167885 456745 828657 463874 79509 463874 940300
456745 167885 456745 828657 464455 79509 464455 940300
465177 167885 465177 828657 464455 79509 464455 940300
465177 167885 465177 828657 468549 79509 468549 940300
465177 167885 465177 828657 468815 79509 468815 940300
465177 167885 465177 828657 472632 79509 472632 940300
474673 167885 474673 828657 472632 79509 472632 940300
474673 167885 474673 828657 476474 79509 476474 940300
474673 167885 474673 828657 480556 79509 480556 940300
474673 167885 474673 828657 481278 79509 481278 940300
482345 167885 482345 828657 481278 79509 481278 940300
483279 167885 483279 828657 481278 79509 481278 940300
483657 167885 483657 828657 481278 79509 481278 940300
483657 167885 483657 828657 486326 79509 486326 940300
489439 167885 489439 828657 486326 79509 486326 940300
489439 167885 489439 828657 492900 79509 492900 940300
494138 167885 494138 828657 492900 79509 492900 940300
494138 167885 494138 828657 501693 79509 501693 940300
494138 167885 494138 828657 502727 79509 502727 940300
509617 167885 509617 828657 502727 79509 502727 940300
509617 167885 509617 828657 514001 79509 514001 940300
519207 167885 519207 828657 514001 79509 514001 940300
519207 167885 519207 828657 525125 79509 525125 940300
526077 167885 526077 828657 525125 79509 525125 940300
527040 167885 527040 828657 525125 79509 525125 940300
527545 167885 527545 828657 525125 79509 525125 940300
527545 167885 527545 828657 528892 79509 528892 940300
529137 167885 529137 828657 528892 79509 528892 940300
532298 167885 532298 828657 528892 79509 528892 940300
534162 167885 534162 828657 528892 79509 528892 940300
538022 167885 538022 828657 528892 79509 528892 940300
546896 167885 546896 828657 528892 79509 528892 940300
547520 167885 547520 828657 528892 79509 528892 940300
548457 167885 548457 828657 528892 79509 528892 940300
550506 167885 550506 828657 528892 79509 528892 940300
551529 167885 551529 828657 528892 79509 528892 940300
558370 167885 558370 828657 528892 79509 528892 940300
559536 167885 559536 828657 528892 79509 528892 940300
561201 167885 561201 828657 528892 79509 528892 940300
568093 167885 568093 828657 528892 79509 528892 940300
575942 167885 575942 828657 528892 79509 528892 940300
576718 167885 576718 828657 528892 79509 528892 940300
576718 167885 576718 828657 588729 79509 588729 940300
590261 167885 590261 828657 588729 79509 588729 940300
598833 167885 598833 828657 588729 79509 588729 940300
601864 167885 601864 828657 588729 79509 588729 940300
601864 167885 601864 828657 603202 79509 603202 940300
601864 167885 601864 828657 607704 79509 607704 940300
601864 167885 601864 828657 608769 79509 608769 940300
609563 167885 609563 828657 608769 79509 608769 940300
609563 167885 609563 828657 614998 79509 614998 940300
609563 167885 609563 828657 615417 79509 615417 940300
618127 167885 618127 828657 615417 79509 615417 940300
618127 167885 618127 828657 618292 79509 618292 940300
619061 167885 619061 828657 618292 79509 618292 940300
619061 167885 619061 828657 621300 79509 621300 940300
619061 167885 619061 828657 622554 79509 622554 940300
619061 167885 619061 828657 627018 79509 627018 940300
619061 167885 619061 828657 636902 79509 636902 940300
640938 167885 640938 828657 636902 79509 636902 940300
642434 167885 642434 828657 636902 79509 636902 940300
642434 167885 642434 828657 646063 79509 646063 940300
642434 167885 642434 828657 646072 79509 646072 940300
646328 167885 646328 828657 646072 79509 646072 940300
646328 167885 646328 828657 652085 79509 652085 940300
652511 167885 652511 828657 652085 79509 652085 940300
652511 167885 652511 828657 653168 79509 653168 940300
652511 167885 652511 828657 658040 79509 658040 940300
652511 167885 652511 828657 660508 79509 660508 940300
652511 167885 652511 828657 661741 79509 661741 940300
652511 167885 652511 828657 664067 79509 664067 940300
652511 167885 652511 828657 676540 79509 676540 940300
652511 167885 652511 828657 699514 79509 699514 940300
652511 167885 652511 828657 704166 79509 704166 940300
652511 167885 652511 828657 705228 79509 705228 940300
652511 167885 652511 828657 707756 79509 707756 940300
652511 167885 652511 828657 708970 79509 708970 940300
652511 167885 652511 828657 709367 79509 709367 940300
652511 167885 652511 828657 710806 79509 710806 940300
652511 167885 652511 828657 715814 79509 715814 940300
652511 167885 652511 828657 718389 79509 718389 940300
652511 167885 652511 828657 719856 79509 719856 940300
652511 167885 652511 828657 720019 79509 720019 940300
721646 167885 721646 828657 720019 79509 720019 940300
724022 167885 724022 828657 720019 79509 720019 940300
724022 167885 724022 828657 725623 79509 725623 940300
724022 167885 724022 828657 726861 79509 726861 940300
724022 167885 724022 828657 727872 79509 727872 940300
724022 167885 724022 828657 732945 79509 732945 940300
724022 167885 724022 828657 736838 79509 736838 940300
724022 167885 724022 828657 738099 79509 738099 940300
743123 167885 743123 828657 738099 79509 738099 940300
744672 167885 744672 828657 738099 79509 738099 940300
744672 167885 744672 828657 745692 79509 745692 940300
746551 167885 746551 828657 745692 79509 745692 940300
750009 167885 750009 828657 745692 79509 745692 940300
750009 167885 750009 828657 753680 79509 753680 940300
755028 167885 755028 828657 753680 79509 753680 940300
759542 167885 759542 828657 753680 79509 753680 940300
760485 167885 760485 828657 753680 79509 753680 940300
760966 167885 760966 828657 753680 79509 753680 940300
760966 167885 760966 828657 762400 79509 762400 940300
760966 167885 760966 828657 765013 79509 765013 940300
760966 167885 760966 828657 767005 79509 767005 940300
768859 167885 768859 828657 767005 79509 767005 940300
768859 167885 768859 828657 769469 79509 769469 940300
768859 167885 768859 828657 779250 79509 779250 940300
768859 167885 768859 828657 783671 79509 783671 940300
768859 167885 768859 828657 783805 79509 783805 940300
787936 167885 787936 828657 783805 79509 783805 940300
791353 167885 791353 828657 783805 79509 783805 940300
791353 167885 791353 828657 796362 79509 796362 940300
791353 167885 791353 828657 796398 79509 796398 940300
801009 167885 801009 828657 796398 79509 796398 940300
801009 167885 801009 828657 824288 79509 824288 940300
829118 167885 829118 828657 824288 79509 824288 940300
834632 167885 834632 828657 824288 79509 824288 940300
837977 167885 837977 828657 824288 79509 824288 940300
837977 167885 837977 828657 869645 79509 869645 940300
869697 167885 869697 828657 869645 79509 869645 940300
903819 167885 903819 828657 869645 79509 869645 940300
907740 167885 907740 828657 869645 79509 869645 940300
