121148 110322 121148 804553 260512 139732 260512 897834
121148 110322 121148 804553 260512 139732 260512 897834
143724 110322 143724 804553 260512 139732 260512 897834
164393 110322 164393 804553 260512 139732 260512 897834
203251 110322 203251 804553 260512 139732 260512 897834
205115 110322 205115 804553 260512 139732 260512 897834
206339 110322 206339 804553 260512 139732 260512 897834
238522 110322 238522 804553 260512 139732 260512 897834
243112 110322 243112 804553 260512 139732 260512 897834
253288 110322 253288 804553 260512 139732 260512 897834
254167 110322 254167 804553 260512 139732 260512 897834
257973 110322 257973 804553 260512 139732 260512 897834
263667 110322 263667 804553 260512 139732 260512 897834
272725 110322 272725 804553 260512 139732 260512 897834
274357 110322 274357 804553 260512 139732 260512 897834
279835 110322 279835 804553 260512 139732 260512 897834
288998 110322 288998 804553 260512 139732 260512 897834
288998 110322 288998 804553 289785 139732 289785 897834
288998 110322 288998 804553 295254 139732 295254 897834
299966 110322 299966 804553 295254 139732 295254 897834
300678 110322 300678 804553 295254 139732 295254 897834
303164 110322 303164 804553 295254 139732 295254 897834
303164 110322 303164 804553 307811 139732 307811 897834
316868 110322 316868 804553 307811 139732 307811 897834
316868 110322 316868 804553 319230 139732 319230 897834
319505 110322 319505 804553 319230 139732 319230 897834
319505 110322 319505 804553 320946 139732 320946 897834
319505 110322 319505 804553 325163 139732 325163 897834
319505 110322 319505 804553 326232 139732 326232 897834
319505 110322 319505 804553 331521 139732 331521 897834
319505 110322 319505 804553 334186 139732 334186 897834
319505 110322 319505 804553 336569 139732 336569 897834
319505 110322 319505 804553 336881 139732 336881 897834
338268 110322 338268 804553 336881 139732 336881 897834
340204 110322 340204 804553 336881 139732 336881 897834
342636 110322 342636 804553 336881 139732 336881 897834
342636 110322 342636 804553 345133 139732 345133 897834
345490 110322 345490 804553 345133 139732 345133 897834
346123 110322 346123 804553 345133 139732 345133 897834
347858 110322 347858 804553 345133 139732 345133 897834
353928 110322 353928 804553 345133 139732 345133 897834
353928 110322 353928 804553 354582 139732 354582 897834
353928 110322 353928 804553 356514 139732 356514 897834
353928 110322 353928 804553 361416 139732 361416 897834
361841 110322 361841 804553 361416 139732 361416 897834
363390 110322 363390 804553 361416 139732 361416 897834
368504 110322 368504 804553 361416 139732 361416 897834
368504 110322 368504 804553 368570 139732 368570 897834
368504 110322 368504 804553 374986 139732 374986 897834
376573 110322 376573 804553 374986 139732 374986 897834
378657 110322 378657 804553 374986 139732 374986 897834
378657 110322 378657 804553 382209 139732 382209 897834
378657 110322 378657 804553 382678 139732 382678 897834
383544 110322 383544 804553 382678 139732 382678 897834
383544 110322 383544 804553 392569 139732 392569 897834
399002 110322 399002 804553 392569 139732 392569 897834
399002 110322 399002 804553 399936 139732 399936 897834
401471 110322 401471 804553 399936 139732 399936 897834
403188 110322 403188 804553 399936 139732 399936 897834
406751 110322 406751 804553 399936 139732 399936 897834
407431 110322 407431 804553 399936 139732 399936 897834
407952 110322 407952 804553 399936 139732 399936 897834
408501 110322 408501 804553 399936 139732 399936 897834
408501 110322 408501 804553 409239 139732 409239 897834
409491 110322 409491 804553 409239 139732 409239 897834
410836 110322 410836 804553 409239 139732 409239 897834
416812 110322 416812 804553 409239 139732 409239 897834
417138 110322 417138 804553 409239 139732 409239 897834
417138 110322 417138 804553 417256 139732 417256 897834
419993 110322 419993 804553 417256 139732 417256 897834
420072 110322 420072 804553 417256 139732 417256 897834
421966 110322 421966 804553 417256 139732 417256 897834
421966 110322 421966 804553 422389 139732 422389 897834
423360 110322 423360 804553 422389 139732 422389 897834
423483 110322 423483 804553 422389 139732 422389 897834
423483 110322 423483 804553 424367 139732 424367 897834
423483 110322 423483 804553 426582 139732 426582 897834
430459 110322 430459 804553 426582 139732 426582 897834
433784 110322 433784 804553 426582 139732 426582 897834
433784 110322 433784 804553 436949 139732 436949 897834
433784 110322 433784 804553 439211 139732 439211 897834
440822 110322 440822 804553 439211 139732 439211 897834
440822 110322 440822 804553 441026 139732 441026 897834
457430 110322 457430 804553 441026 139732 441026 897834
458067 110322 458067 804553 441026 139732 441026 897834
462172 110322 462172 804553 441026 139732 441026 897834
462172 110322 462172 804553 466724 139732 466724 897834
462172 110322 462172 804553 471199 139732 471199 897834
472358 110322 472358 804553 471199 139732 471199 897834
482335 110322 482335 804553 471199 139732 471199 897834
487787 110322 487787 804553 471199 139732 471199 897834
494116 110322 494116 804553 471199 139732 471199 897834
500909 110322 500909 804553 471199 139732 471199 897834
505953 110322 505953 804553 471199 139732 471199 897834
505953 110322 505953 804553 515621 139732 515621 897834
528784 110322 528784 804553 515621 139732 515621 897834
528784 110322 528784 804553 528996 139732 528996 897834
532193 110322 532193 804553 528996 139732 528996 897834
532193 110322 532193 804553 533306 139732 533306 897834
532193 110322 532193 804553 535934 139732 535934 897834
536658 110322 536658 804553 535934 139732 535934 897834
536658 110322 536658 804553 538032 139732 538032 897834
536658 110322 536658 804553 541474 139732 541474 897834
542785 110322 542785 804553 541474 139732 541474 897834
543673 110322 543673 804553 541474 139732 541474 897834
543673 110322 543673 804553 544551 139732 544551 897834
543673 110322 543673 804553 546152 139732 546152 897834
551247 110322 551247 804553 546152 139732 546152 897834
551247 110322 551247 804553 553234 139732 553234 897834
551247 110322 551247 804553 555951 139732 555951 897834
557332 110322 557332 804553 555951 139732 555951 897834
557332 110322 557332 804553 557415 139732 557415 897834
559306 110322 559306 804553 557415 139732 557415 897834
559306 110322 559306 804553 561750 139732 561750 897834
559306 110322 559306 804553 562188 139732 562188 897834
571222 110322 571222 804553 562188 139732 562188 897834
574285 110322 574285 804553 562188 139732 562188 897834
574285 110322 574285 804553 577067 139732 577067 897834
574285 110322 574285 804553 577430 139732 577430 897834
574285 110322 574285 804553 579812 139732 579812 897834
580894 110322 580894 804553 579812 139732 579812 897834
581045 110322 581045 804553 579812 139732 579812 897834
581045 110322 581045 804553 581192 139732 581192 897834
581449 110322 581449 804553 581192 139732 581192 897834
581449 110322 581449 804553 583062 139732 583062 897834
581449 110322 581449 804553 583677 139732 583677 897834
581449 110322 581449 804553 584436 139732 584436 897834
584462 110322 584462 804553 584436 139732 584436 897834
584462 110322 584462 804553 584616 139732 584616 897834
586410 110322 586410 804553 584616 139732 584616 897834
586410 110322 586410 804553 591037 139732 591037 897834
597422 110322 597422 804553 591037 139732 591037 897834
598326 110322 598326 804553 591037 139732 591037 897834
598326 110322 598326 804553 600120 139732 600120 897834
598326 110322 598326 804553 604772 139732 604772 897834
605966 110322 605966 804553 604772 139732 604772 897834
606370 110322 606370 804553 604772 139732 604772 897834
610001 110322 610001 804553 604772 139732 604772 897834
610001 110322 610001 804553 611455 139732 611455 897834
612354 110322 612354 804553 611455 139732 611455 897834
612354 110322 612354 804553 615588 139732 615588 897834
612354 110322 612354 804553 615893 139732 615893 897834
617314 110322 617314 804553 615893 139732 615893 897834
618238 110322 618238 804553 615893 139732 615893 897834
618238 110322 618238 804553 624357 139732 624357 897834
618238 110322 618238 804553 626037 139732 626037 897834
618238 110322 618238 804553 626310 139732 626310 897834
618238 110322 618238 804553 629373 139732 629373 897834
618238 110322 618238 804553 629872 139732 629872 897834
631459 110322 631459 804553 629872 139732 629872 897834
631459 110322 631459 804553 641288 139732 641288 897834
631459 110322 631459 804553 642773 139732 642773 897834
644488 110322 644488 804553 642773 139732 642773 897834
644488 110322 644488 804553 646037 139732 646037 897834
644488 110322 644488 804553 657455 139732 657455 897834
659247 110322 659247 804553 657455 139732 657455 897834
659247 110322 659247 804553 659968 139732 659968 897834
659247 110322 659247 804553 660847 139732 660847 897834
659247 110322 659247 804553 661708 139732 661708 897834
659247 110322 659247 804553 662099 139732 662099 897834
659247 110322 659247 804553 666215 139732 666215 897834
659247 110322 659247 804553 666808 139732 666808 897834
668490 110322 668490 804553 666808 139732 666808 897834
668490 110322 668490 804553 673036 139732 673036 897834
668490 110322 668490 804553 675284 139732 675284 897834
668490 110322 668490 804553 676184 139732 676184 897834
668490 110322 668490 804553 676489 139732 676489 897834
668490 110322 668490 804553 680621 139732 680621 897834
682414 110322 682414 804553 680621 139732 680621 897834
683832 110322 683832 804553 680621 139732 680621 897834
683832 110322 683832 804553 683929 139732 683929 897834
688785 110322 688785 804553 683929 139732 683929 897834
688785 110322 688785 804553 689360 139732 689360 897834
688785 110322 688785 804553 692230 139732 692230 897834
701805 110322 701805 804553 692230 139732 692230 897834
702928 110322 702928 804553 692230 139732 692230 897834
702928 110322 702928 804553 707865 139732 707865 897834
702928 110322 702928 804553 709130 139732 709130 897834
702928 110322 702928 804553 711206 139732 711206 897834
702928 110322 702928 804553 725528 139732 725528 897834
702928 110322 702928 804553 727441 139732 727441 897834
702928 110322 702928 804553 731454 139732 731454 897834
702928 110322 702928 804553 734022 139732 734022 897834
702928 110322 702928 804553 735413 139732 735413 897834
702928 110322 702928 804553 737914 139732 737914 897834
737978 110322 737978 804553 737914 139732 737914 897834
737978 110322 737978 804553 750887 139732 750887 897834
737978 110322 737978 804553 753157 139732 753157 897834
737978 110322 737978 804553 755099 139732 755099 897834
737978 110322 737978 804553 759603 139732 759603 897834
737978 110322 737978 804553 765741 139732 765741 897834
737978 110322 737978 804553 776099 139732 776099 897834
777677 110322 777677 804553 776099 139732 776099 897834
777677 110322 777677 804553 779102 139732 779102 897834
803218 110322 803218 804553 779102 139732 779102 897834
803218 110322 803218 804553 804274 139732 804274 897834
803218 110322 803218 804553 810594 139732 810594 897834
868533 110322 868533 804553 810594 139732 810594 897834
885938 110322 885938 804553 810594 139732 810594 897834
906151 110322 906151 804553 810594 139732 810594 897834
