327045 171710 327045 798448 163074 196926 163074 860009
327045 171710 327045 798448 163074 196926 163074 860009
327045 171710 327045 798448 178742 196926 178742 860009
327045 171710 327045 798448 203514 196926 203514 860009
327045 171710 327045 798448 230128 196926 230128 860009
327045 171710 327045 798448 250023 196926 250023 860009
327045 171710 327045 798448 258086 196926 258086 860009
327045 171710 327045 798448 269026 196926 269026 860009
327045 171710 327045 798448 274631 196926 274631 860009
327045 171710 327045 798448 290053 196926 290053 860009
327045 171710 327045 798448 292930 196926 292930 860009
327045 171710 327045 798448 302233 196926 302233 860009
327045 171710 327045 798448 307724 196926 307724 860009
327045 171710 327045 798448 313822 196926 313822 860009
327045 171710 327045 798448 322019 196926 322019 860009
327045 171710 327045 798448 324881 196926 324881 860009
327045 171710 327045 798448 327681 196926 327681 860009
327045 171710 327045 798448 329223 196926 329223 860009
327045 171710 327045 798448 329260 196926 329260 860009
327045 171710 327045 798448 341256 196926 341256 860009
344060 171710 344060 798448 341256 196926 341256 860009
344060 171710 344060 798448 344206 196926 344206 860009
344060 171710 344060 798448 345223 196926 345223 860009
344060 171710 344060 798448 345496 196926 345496 860009
345528 171710 345528 798448 345496 196926 345496 860009
345528 171710 345528 798448 347555 196926 347555 860009
345528 171710 345528 798448 347833 196926 347833 860009
345528 171710 345528 798448 349188 196926 349188 860009
345528 171710 345528 798448 353234 196926 353234 860009
355191 171710 355191 798448 353234 196926 353234 860009
355191 171710 355191 798448 355382 196926 355382 860009
355191 171710 355191 798448 355769 196926 355769 860009
355191 171710 355191 798448 358033 196926 358033 860009
355191 171710 355191 798448 361846 196926 361846 860009
362025 171710 362025 798448 361846 196926 361846 860009
362025 171710 362025 798448 363059 196926 363059 860009
362025 171710 362025 798448 363274 196926 363274 860009
362025 171710 362025 798448 365186 196926 365186 860009
362025 171710 362025 798448 367505 196926 367505 860009
368992 171710 368992 798448 367505 196926 367505 860009
373733 171710 373733 798448 367505 196926 367505 860009
375902 171710 375902 798448 367505 196926 367505 860009
378177 171710 378177 798448 367505 196926 367505 860009
378177 171710 378177 798448 383952 196926 383952 860009
378177 171710 378177 798448 385084 196926 385084 860009
386550 171710 386550 798448 385084 196926 385084 860009
386550 171710 386550 798448 389428 196926 389428 860009
392429 171710 392429 798448 389428 196926 389428 860009
392429 171710 392429 798448 392612 196926 392612 860009
393356 171710 393356 798448 392612 196926 392612 860009
393513 171710 393513 798448 392612 196926 392612 860009
393513 171710 393513 798448 395678 196926 395678 860009
397280 171710 397280 798448 395678 196926 395678 860009
399047 171710 399047 798448 395678 196926 395678 860009
399373 171710 399373 798448 395678 196926 395678 860009
399567 171710 399567 798448 395678 196926 395678 860009
399567 171710 399567 798448 400079 196926 400079 860009
400485 171710 400485 798448 400079 196926 400079 860009
400485 171710 400485 798448 401679 196926 401679 860009
400485 171710 400485 798448 401829 196926 401829 860009
400485 171710 400485 798448 402794 196926 402794 860009
404528 171710 404528 798448 402794 196926 402794 860009
406432 171710 406432 798448 402794 196926 402794 860009
406432 171710 406432 798448 407114 196926 407114 860009
406432 171710 406432 798448 407618 196926 407618 860009
407633 171710 407633 798448 407618 196926 407618 860009
407633 171710 407633 798448 408593 196926 408593 860009
410986 171710 410986 798448 408593 196926 408593 860009
412810 171710 412810 798448 408593 196926 408593 860009
412810 171710 412810 798448 419202 196926 419202 860009
412810 171710 412810 798448 422304 196926 422304 860009
422653 171710 422653 798448 422304 196926 422304 860009
428494 171710 428494 798448 422304 196926 422304 860009
428494 171710 428494 798448 429451 196926 429451 860009
428494 171710 428494 798448 429598 196926 429598 860009
434336 171710 434336 798448 429598 196926 429598 860009
435718 171710 435718 798448 429598 196926 429598 860009
436724 171710 436724 798448 429598 196926 429598 860009
437785 171710 437785 798448 429598 196926 429598 860009
437785 171710 437785 798448 440750 196926 440750 860009
437785 171710 437785 798448 441282 196926 441282 860009
437785 171710 437785 798448 442998 196926 442998 860009
444187 171710 444187 798448 442998 196926 442998 860009
444187 171710 444187 798448 446408 196926 446408 860009
446416 171710 446416 798448 446408 196926 446408 860009
446416 171710 446416 798448 446772 196926 446772 860009
446416 171710 446416 798448 448797 196926 448797 860009
446416 171710 446416 798448 450331 196926 450331 860009
451505 171710 451505 798448 450331 196926 450331 860009
452809 171710 452809 798448 450331 196926 450331 860009
452809 171710 452809 798448 453863 196926 453863 860009
456504 171710 456504 798448 453863 196926 453863 860009
456809 171710 456809 798448 453863 196926 453863 860009
457392 171710 457392 798448 453863 196926 453863 860009
457392 171710 457392 798448 457421 196926 457421 860009
457392 171710 457392 798448 459083 196926 459083 860009
457392 171710 457392 798448 462588 196926 462588 860009
464690 171710 464690 798448 462588 196926 462588 860009
465417 171710 465417 798448 462588 196926 462588 860009
466122 171710 466122 798448 462588 196926 462588 860009
466534 171710 466534 798448 462588 196926 462588 860009
469961 171710 469961 798448 462588 196926 462588 860009
469961 171710 469961 798448 470821 196926 470821 860009
469961 171710 469961 798448 473297 196926 473297 860009
474940 171710 474940 798448 473297 196926 473297 860009
475063 171710 475063 798448 473297 196926 473297 860009
476335 171710 476335 798448 473297 196926 473297 860009
476335 171710 476335 798448 478217 196926 478217 860009
476335 171710 476335 798448 480970 196926 480970 860009
476335 171710 476335 798448 482178 196926 482178 860009
482220 171710 482220 798448 482178 196926 482178 860009
482334 171710 482334 798448 482178 196926 482178 860009
482591 171710 482591 798448 482178 196926 482178 860009
482815 171710 482815 798448 482178 196926 482178 860009
483457 171710 483457 798448 482178 196926 482178 860009
483457 171710 483457 798448 484263 196926 484263 860009
484600 171710 484600 798448 484263 196926 484263 860009
486272 171710 486272 798448 484263 196926 484263 860009
486272 171710 486272 798448 486685 196926 486685 860009
486272 171710 486272 798448 487404 196926 487404 860009
486272 171710 486272 798448 488790 196926 488790 860009
489828 171710 489828 798448 488790 196926 488790 860009
489828 171710 489828 798448 490966 196926 490966 860009
491806 171710 491806 798448 490966 196926 490966 860009
492190 171710 492190 798448 490966 196926 490966 860009
492502 171710 492502 798448 490966 196926 490966 860009
492502 171710 492502 798448 493879 196926 493879 860009
494934 171710 494934 798448 493879 196926 493879 860009
494975 171710 494975 798448 493879 196926 493879 860009
495428 171710 495428 798448 493879 196926 493879 860009
495428 171710 495428 798448 497360 196926 497360 860009
495428 171710 495428 798448 497642 196926 497642 860009
500341 171710 500341 798448 497642 196926 497642 860009
501470 171710 501470 798448 497642 196926 497642 860009
502181 171710 502181 798448 497642 196926 497642 860009
502181 171710 502181 798448 503126 196926 503126 860009
507009 171710 507009 798448 503126 196926 503126 860009
507009 171710 507009 798448 507205 196926 507205 860009
507009 171710 507009 798448 507274 196926 507274 860009
510595 171710 510595 798448 507274 196926 507274 860009
510595 171710 510595 798448 512462 196926 512462 860009
512782 171710 512782 798448 512462 196926 512462 860009
512782 171710 512782 798448 514265 196926 514265 860009
515055 171710 515055 798448 514265 196926 514265 860009
515116 171710 515116 798448 514265 196926 514265 860009
515172 171710 515172 798448 514265 196926 514265 860009
515946 171710 515946 798448 514265 196926 514265 860009
516019 171710 516019 798448 514265 196926 514265 860009
516717 171710 516717 798448 514265 196926 514265 860009
516743 171710 516743 798448 514265 196926 514265 860009
517802 171710 517802 798448 514265 196926 514265 860009
519519 171710 519519 798448 514265 196926 514265 860009
519519 171710 519519 798448 520582 196926 520582 860009
521714 171710 521714 798448 520582 196926 520582 860009
522214 171710 522214 798448 520582 196926 520582 860009
522214 171710 522214 798448 522433 196926 522433 860009
522214 171710 522214 798448 522749 196926 522749 860009
522214 171710 522214 798448 523649 196926 523649 860009
524858 171710 524858 798448 523649 196926 523649 860009
524858 171710 524858 798448 529979 196926 529979 860009
524858 171710 524858 798448 530022 196926 530022 860009
530283 171710 530283 798448 530022 196926 530022 860009
530283 171710 530283 798448 530397 196926 530397 860009
532283 171710 532283 798448 530397 196926 530397 860009
532283 171710 532283 798448 532945 196926 532945 860009
536868 171710 536868 798448 532945 196926 532945 860009
539658 171710 539658 798448 532945 196926 532945 860009
540804 171710 540804 798448 532945 196926 532945 860009
542904 171710 542904 798448 532945 196926 532945 860009
543803 171710 543803 798448 532945 196926 532945 860009
543803 171710 543803 798448 545541 196926 545541 860009
549014 171710 549014 798448 545541 196926 545541 860009
550422 171710 550422 798448 545541 196926 545541 860009
553555 171710 553555 798448 545541 196926 545541 860009
568269 171710 568269 798448 545541 196926 545541 860009
569257 171710 569257 798448 545541 196926 545541 860009
569257 171710 569257 798448 571726 196926 571726 860009
569257 171710 569257 798448 572298 196926 572298 860009
577926 171710 577926 798448 572298 196926 572298 860009
579140 171710 579140 798448 572298 196926 572298 860009
581673 171710 581673 798448 572298 196926 572298 860009
594512 171710 594512 798448 572298 196926 572298 860009
613305 171710 613305 798448 572298 196926 572298 860009
613305 171710 613305 798448 638635 196926 638635 860009
613305 171710 613305 798448 667338 196926 667338 860009
673763 171710 673763 798448 667338 196926 667338 860009
673763 171710 673763 798448 706040 196926 706040 860009
673763 171710 673763 798448 706512 196926 706512 860009
717016 171710 717016 798448 706512 196926 706512 860009
717016 171710 717016 798448 740789 196926 740789 860009
745359 171710 745359 798448 740789 196926 740789 860009
745359 171710 745359 798448 752080 196926 752080 860009
745359 171710 745359 798448 756454 196926 756454 860009
745359 171710 745359 798448 760309 196926 760309 860009
764879 171710 764879 798448 760309 196926 760309 860009
764879 171710 764879 798448 774165 196926 774165 860009
774367 171710 774367 798448 774165 196926 774165 860009
790087 171710 790087 798448 774165 196926 774165 860009
836922 171710 836922 798448 774165 196926 774165 860009
836922 171710 836922 798448 872713 196926 872713 860009
