65871 177712 65871 895101 261497 238578 261497 958773
65871 177712 65871 895101 261497 238578 261497 958773
93601 177712 93601 895101 261497 238578 261497 958773
100991 177712 100991 895101 261497 238578 261497 958773
135059 177712 135059 895101 261497 238578 261497 958773
212617 177712 212617 895101 261497 238578 261497 958773
221890 177712 221890 895101 261497 238578 261497 958773
229498 177712 229498 895101 261497 238578 261497 958773
229557 177712 229557 895101 261497 238578 261497 958773
266337 177712 266337 895101 261497 238578 261497 958773
268117 177712 268117 895101 261497 238578 261497 958773
274984 177712 274984 895101 261497 238578 261497 958773
274984 177712 274984 895101 280891 238578 280891 958773
274984 177712 274984 895101 283132 238578 283132 958773
274984 177712 274984 895101 284011 238578 284011 958773
274984 177712 274984 895101 289314 238578 289314 958773
290351 177712 290351 895101 289314 238578 289314 958773
290351 177712 290351 895101 290803 238578 290803 958773
291621 177712 291621 895101 290803 238578 290803 958773
298888 177712 298888 895101 290803 238578 290803 958773
298888 177712 298888 895101 314937 238578 314937 958773
320573 177712 320573 895101 314937 238578 314937 958773
320573 177712 320573 895101 324264 238578 324264 958773
329499 177712 329499 895101 324264 238578 324264 958773
329499 177712 329499 895101 331727 238578 331727 958773
337547 177712 337547 895101 331727 238578 331727 958773
339749 177712 339749 895101 331727 238578 331727 958773
340145 177712 340145 895101 331727 238578 331727 958773
340145 177712 340145 895101 343261 238578 343261 958773
346709 177712 346709 895101 343261 238578 343261 958773
346709 177712 346709 895101 349282 238578 349282 958773
346709 177712 346709 895101 351494 238578 351494 958773
346709 177712 346709 895101 357608 238578 357608 958773
357820 177712 357820 895101 357608 238578 357608 958773
358026 177712 358026 895101 357608 238578 357608 958773
358026 177712 358026 895101 360457 238578 360457 958773
360947 177712 360947 895101 360457 238578 360457 958773
360947 177712 360947 895101 364179 238578 364179 958773
360947 177712 360947 895101 368559 238578 368559 958773
360947 177712 360947 895101 377234 238578 377234 958773
377827 177712 377827 895101 377234 238578 377234 958773
378124 177712 378124 895101 377234 238578 377234 958773
378124 177712 378124 895101 378861 238578 378861 958773
379607 177712 379607 895101 378861 238578 378861 958773
379607 177712 379607 895101 380251 238578 380251 958773
383495 177712 383495 895101 380251 238578 380251 958773
383854 177712 383854 895101 380251 238578 380251 958773
384791 177712 384791 895101 380251 238578 380251 958773
384791 177712 384791 895101 386124 238578 386124 958773
386773 177712 386773 895101 386124 238578 386124 958773
387119 177712 387119 895101 386124 238578 386124 958773
387200 177712 387200 895101 386124 238578 386124 958773
388808 177712 388808 895101 386124 238578 386124 958773
388808 177712 388808 895101 390133 238578 390133 958773
388808 177712 388808 895101 391967 238578 391967 958773
388808 177712 388808 895101 394339 238578 394339 958773
388808 177712 388808 895101 395572 238578 395572 958773
395706 177712 395706 895101 395572 238578 395572 958773
397829 177712 397829 895101 395572 238578 395572 958773
397829 177712 397829 895101 397830 238578 397830 958773
397829 177712 397829 895101 402200 238578 402200 958773
404123 177712 404123 895101 402200 238578 402200 958773
404185 177712 404185 895101 402200 238578 402200 958773
404185 177712 404185 895101 404251 238578 404251 958773
404185 177712 404185 895101 404565 238578 404565 958773
406171 177712 406171 895101 404565 238578 404565 958773
406796 177712 406796 895101 404565 238578 404565 958773
408373 177712 408373 895101 404565 238578 404565 958773
409565 177712 409565 895101 404565 238578 404565 958773
411096 177712 411096 895101 404565 238578 404565 958773
411932 177712 411932 895101 404565 238578 404565 958773
411932 177712 411932 895101 412255 238578 412255 958773
415418 177712 415418 895101 412255 238578 412255 958773
415601 177712 415601 895101 412255 238578 412255 958773
420998 177712 420998 895101 412255 238578 412255 958773
421808 177712 421808 895101 412255 238578 412255 958773
421808 177712 421808 895101 426387 238578 426387 958773
426553 177712 426553 895101 426387 238578 426387 958773
426553 177712 426553 895101 426824 238578 426824 958773
426553 177712 426553 895101 427393 238578 427393 958773
428688 177712 428688 895101 427393 238578 427393 958773
428688 177712 428688 895101 429241 238578 429241 958773
430092 177712 430092 895101 429241 238578 429241 958773
430953 177712 430953 895101 429241 238578 429241 958773
431984 177712 431984 895101 429241 238578 429241 958773
431984 177712 431984 895101 434432 238578 434432 958773
431984 177712 431984 895101 434571 238578 434571 958773
431984 177712 431984 895101 437554 238578 437554 958773
441096 177712 441096 895101 437554 238578 437554 958773
441874 177712 441874 895101 437554 238578 437554 958773
441874 177712 441874 895101 443092 238578 443092 958773
441874 177712 441874 895101 443802 238578 443802 958773
441874 177712 441874 895101 444491 238578 444491 958773
445870 177712 445870 895101 444491 238578 444491 958773
447720 177712 447720 895101 444491 238578 444491 958773
447720 177712 447720 895101 448139 238578 448139 958773
449937 177712 449937 895101 448139 238578 448139 958773
450090 177712 450090 895101 448139 238578 448139 958773
453126 177712 453126 895101 448139 238578 448139 958773
453126 177712 453126 895101 453681 238578 453681 958773
453126 177712 453126 895101 455138 238578 455138 958773
455534 177712 455534 895101 455138 238578 455138 958773
455534 177712 455534 895101 456193 238578 456193 958773
456419 177712 456419 895101 456193 238578 456193 958773
458151 177712 458151 895101 456193 238578 456193 958773
459465 177712 459465 895101 456193 238578 456193 958773
459465 177712 459465 895101 460980 238578 460980 958773
464444 177712 464444 895101 460980 238578 460980 958773
464444 177712 464444 895101 464760 238578 464760 958773
467380 177712 467380 895101 464760 238578 464760 958773
467380 177712 467380 895101 469464 238578 469464 958773
469468 177712 469468 895101 469464 238578 469464 958773
470942 177712 470942 895101 469464 238578 469464 958773
471105 177712 471105 895101 469464 238578 469464 958773
473411 177712 473411 895101 469464 238578 469464 958773
474173 177712 474173 895101 469464 238578 469464 958773
474173 177712 474173 895101 475309 238578 475309 958773
474173 177712 474173 895101 477881 238578 477881 958773
478341 177712 478341 895101 477881 238578 477881 958773
482308 177712 482308 895101 477881 238578 477881 958773
482308 177712 482308 895101 486787 238578 486787 958773
488659 177712 488659 895101 486787 238578 486787 958773
488871 177712 488871 895101 486787 238578 486787 958773
488871 177712 488871 895101 492601 238578 492601 958773
488871 177712 488871 895101 496955 238578 496955 958773
488871 177712 488871 895101 497238 238578 497238 958773
488871 177712 488871 895101 497896 238578 497896 958773
488871 177712 488871 895101 498231 238578 498231 958773
488871 177712 488871 895101 500848 238578 500848 958773
488871 177712 488871 895101 519579 238578 519579 958773
488871 177712 488871 895101 522192 238578 522192 958773
523951 177712 523951 895101 522192 238578 522192 958773
525033 177712 525033 895101 522192 238578 522192 958773
525033 177712 525033 895101 525119 238578 525119 958773
525033 177712 525033 895101 527983 238578 527983 958773
530564 177712 530564 895101 527983 238578 527983 958773
530564 177712 530564 895101 533211 238578 533211 958773
530564 177712 530564 895101 535014 238578 535014 958773
530564 177712 530564 895101 536162 238578 536162 958773
530564 177712 530564 895101 536457 238578 536457 958773
530564 177712 530564 895101 537167 238578 537167 958773
530564 177712 530564 895101 537232 238578 537232 958773
530564 177712 530564 895101 538418 238578 538418 958773
530564 177712 530564 895101 540252 238578 540252 958773
544262 177712 544262 895101 540252 238578 540252 958773
544262 177712 544262 895101 545354 238578 545354 958773
544262 177712 544262 895101 549794 238578 549794 958773
544262 177712 544262 895101 551627 238578 551627 958773
544262 177712 544262 895101 554682 238578 554682 958773
544262 177712 544262 895101 561588 238578 561588 958773
544262 177712 544262 895101 561588 238578 561588 958773
544262 177712 544262 895101 563480 238578 563480 958773
544262 177712 544262 895101 573180 238578 573180 958773
580015 177712 580015 895101 573180 238578 573180 958773
582993 177712 582993 895101 573180 238578 573180 958773
582993 177712 582993 895101 583655 238578 583655 958773
582993 177712 582993 895101 583970 238578 583970 958773
582993 177712 582993 895101 586173 238578 586173 958773
582993 177712 582993 895101 587743 238578 587743 958773
582993 177712 582993 895101 589504 238578 589504 958773
598497 177712 598497 895101 589504 238578 589504 958773
613810 177712 613810 895101 589504 238578 589504 958773
619541 177712 619541 895101 589504 238578 589504 958773
620144 177712 620144 895101 589504 238578 589504 958773
620144 177712 620144 895101 637935 238578 637935 958773
620144 177712 620144 895101 646504 238578 646504 958773
620144 177712 620144 895101 647323 238578 647323 958773
620144 177712 620144 895101 659146 238578 659146 958773
620144 177712 620144 895101 677881 238578 677881 958773
620144 177712 620144 895101 681920 238578 681920 958773
620144 177712 620144 895101 682770 238578 682770 958773
620144 177712 620144 895101 683772 238578 683772 958773
620144 177712 620144 895101 697975 238578 697975 958773
620144 177712 620144 895101 702391 238578 702391 958773
620144 177712 620144 895101 703461 238578 703461 958773
620144 177712 620144 895101 710103 238578 710103 958773
620144 177712 620144 895101 716957 238578 716957 958773
620144 177712 620144 895101 719704 238578 719704 958773
736204 177712 736204 895101 719704 238578 719704 958773
737098 177712 737098 895101 719704 238578 719704 958773
746579 177712 746579 895101 719704 238578 719704 958773
747619 177712 747619 895101 719704 238578 719704 958773
757878 177712 757878 895101 719704 238578 719704 958773
757878 177712 757878 895101 770963 238578 770963 958773
757878 177712 757878 895101 775627 238578 775627 958773
775694 177712 775694 895101 775627 238578 775627 958773
778294 177712 778294 895101 775627 238578 775627 958773
778294 177712 778294 895101 782028 238578 782028 958773
785209 177712 785209 895101 782028 238578 782028 958773
809470 177712 809470 895101 782028 238578 782028 958773
809470 177712 809470 895101 814224 238578 814224 958773
825240 177712 825240 895101 814224 238578 814224 958773
828207 177712 828207 895101 814224 238578 814224 958773
836092 177712 836092 895101 814224 238578 814224 958773
836092 177712 836092 895101 852837 238578 852837 958773
836092 177712 836092 895101 853372 238578 853372 958773
854778 177712 854778 895101 853372 238578 853372 958773
864223 177712 864223 895101 853372 238578 853372 958773
933836 177712 933836 895101 853372 238578 853372 958773
952402 177712 952402 895101 853372 238578 853372 958773
