12525 149337 12525 855567 211353 117914 211353 834891
12525 149337 12525 855567 211353 117914 211353 834891
102131 149337 102131 855567 211353 117914 211353 834891
117163 149337 117163 855567 211353 117914 211353 834891
136083 149337 136083 855567 211353 117914 211353 834891
141902 149337 141902 855567 211353 117914 211353 834891
152872 149337 152872 855567 211353 117914 211353 834891
152958 149337 152958 855567 211353 117914 211353 834891
154484 149337 154484 855567 211353 117914 211353 834891
162264 149337 162264 855567 211353 117914 211353 834891
166838 149337 166838 855567 211353 117914 211353 834891
184670 149337 184670 855567 211353 117914 211353 834891
201728 149337 201728 855567 211353 117914 211353 834891
208150 149337 208150 855567 211353 117914 211353 834891
214444 149337 214444 855567 211353 117914 211353 834891
232065 149337 232065 855567 211353 117914 211353 834891
232137 149337 232137 855567 211353 117914 211353 834891
232141 149337 232141 855567 211353 117914 211353 834891
232141 149337 232141 855567 235834 117914 235834 834891
236465 149337 236465 855567 235834 117914 235834 834891
254273 149337 254273 855567 235834 117914 235834 834891
259830 149337 259830 855567 235834 117914 235834 834891
263506 149337 263506 855567 235834 117914 235834 834891
271682 149337 271682 855567 235834 117914 235834 834891
271682 149337 271682 855567 274413 117914 274413 834891
277954 149337 277954 855567 274413 117914 274413 834891
278350 149337 278350 855567 274413 117914 274413 834891
279260 149337 279260 855567 274413 117914 274413 834891
280765 149337 280765 855567 274413 117914 274413 834891
283727 149337 283727 855567 274413 117914 274413 834891
292564 149337 292564 855567 274413 117914 274413 834891
293019 149337 293019 855567 274413 117914 274413 834891
294903 149337 294903 855567 274413 117914 274413 834891
294903 149337 294903 855567 297262 117914 297262 834891
294903 149337 294903 855567 300236 117914 300236 834891
294903 149337 294903 855567 304401 117914 304401 834891
294903 149337 294903 855567 312089 117914 312089 834891
315184 149337 315184 855567 312089 117914 312089 834891
315386 149337 315386 855567 312089 117914 312089 834891
315386 149337 315386 855567 318599 117914 318599 834891
315386 149337 315386 855567 325339 117914 325339 834891
326514 149337 326514 855567 325339 117914 325339 834891
327094 149337 327094 855567 325339 117914 325339 834891
327094 149337 327094 855567 328878 117914 328878 834891
329803 149337 329803 855567 328878 117914 328878 834891
329803 149337 329803 855567 333154 117914 333154 834891
329803 149337 329803 855567 336607 117914 336607 834891
329803 149337 329803 855567 337581 117914 337581 834891
329803 149337 329803 855567 340497 117914 340497 834891
329803 149337 329803 855567 343368 117914 343368 834891
343958 149337 343958 855567 343368 117914 343368 834891
344722 149337 344722 855567 343368 117914 343368 834891
345632 149337 345632 855567 343368 117914 343368 834891
347433 149337 347433 855567 343368 117914 343368 834891
347433 149337 347433 855567 349558 117914 349558 834891
347433 149337 347433 855567 354997 117914 354997 834891
347433 149337 347433 855567 355955 117914 355955 834891
360555 149337 360555 855567 355955 117914 355955 834891
360555 149337 360555 855567 364547 117914 364547 834891
360555 149337 360555 855567 368566 117914 368566 834891
370164 149337 370164 855567 368566 117914 368566 834891
370213 149337 370213 855567 368566 117914 368566 834891
370765 149337 370765 855567 368566 117914 368566 834891
374731 149337 374731 855567 368566 117914 368566 834891
374731 149337 374731 855567 378627 117914 378627 834891
374731 149337 374731 855567 379353 117914 379353 834891
385330 149337 385330 855567 379353 117914 379353 834891
388974 149337 388974 855567 379353 117914 379353 834891
389703 149337 389703 855567 379353 117914 379353 834891
390080 149337 390080 855567 379353 117914 379353 834891
390080 149337 390080 855567 390205 117914 390205 834891
393482 149337 393482 855567 390205 117914 390205 834891
393482 149337 393482 855567 401404 117914 401404 834891
393482 149337 393482 855567 401721 117914 401721 834891
402819 149337 402819 855567 401721 117914 401721 834891
402819 149337 402819 855567 409345 117914 409345 834891
402819 149337 402819 855567 411068 117914 411068 834891
418554 149337 418554 855567 411068 117914 411068 834891
418554 149337 418554 855567 418589 117914 418589 834891
422099 149337 422099 855567 418589 117914 418589 834891
422099 149337 422099 855567 422460 117914 422460 834891
426703 149337 426703 855567 422460 117914 422460 834891
433485 149337 433485 855567 422460 117914 422460 834891
435594 149337 435594 855567 422460 117914 422460 834891
444747 149337 444747 855567 422460 117914 422460 834891
444757 149337 444757 855567 422460 117914 422460 834891
444882 149337 444882 855567 422460 117914 422460 834891
445499 149337 445499 855567 422460 117914 422460 834891
446287 149337 446287 855567 422460 117914 422460 834891
446287 149337 446287 855567 451518 117914 451518 834891
459172 149337 459172 855567 451518 117914 451518 834891
463860 149337 463860 855567 451518 117914 451518 834891
463903 149337 463903 855567 451518 117914 451518 834891
463903 149337 463903 855567 465492 117914 465492 834891
471459 149337 471459 855567 465492 117914 465492 834891
477702 149337 477702 855567 465492 117914 465492 834891
483096 149337 483096 855567 465492 117914 465492 834891
483959 149337 483959 855567 465492 117914 465492 834891
483959 149337 483959 855567 496400 117914 496400 834891
500133 149337 500133 855567 496400 117914 496400 834891
501838 149337 501838 855567 496400 117914 496400 834891
510466 149337 510466 855567 496400 117914 496400 834891
510466 149337 510466 855567 514104 117914 514104 834891
522709 149337 522709 855567 514104 117914 514104 834891
526585 149337 526585 855567 514104 117914 514104 834891
526585 149337 526585 855567 536201 117914 536201 834891
526585 149337 526585 855567 540121 117914 540121 834891
541242 149337 541242 855567 540121 117914 540121 834891
546406 149337 546406 855567 540121 117914 540121 834891
546406 149337 546406 855567 549252 117914 549252 834891
546406 149337 546406 855567 569612 117914 569612 834891
546406 149337 546406 855567 591546 117914 591546 834891
546406 149337 546406 855567 594367 117914 594367 834891
598463 149337 598463 855567 594367 117914 594367 834891
598463 149337 598463 855567 607430 117914 607430 834891
598463 149337 598463 855567 614901 117914 614901 834891
598463 149337 598463 855567 626936 117914 626936 834891
627607 149337 627607 855567 626936 117914 626936 834891
627607 149337 627607 855567 631313 117914 631313 834891
627607 149337 627607 855567 634620 117914 634620 834891
627607 149337 627607 855567 635532 117914 635532 834891
627607 149337 627607 855567 635900 117914 635900 834891
627607 149337 627607 855567 646428 117914 646428 834891
627607 149337 627607 855567 651633 117914 651633 834891
627607 149337 627607 855567 664699 117914 664699 834891
627607 149337 627607 855567 667659 117914 667659 834891
627607 149337 627607 855567 668079 117914 668079 834891
627607 149337 627607 855567 669767 117914 669767 834891
627607 149337 627607 855567 674399 117914 674399 834891
627607 149337 627607 855567 675344 117914 675344 834891
627607 149337 627607 855567 676020 117914 676020 834891
627607 149337 627607 855567 679429 117914 679429 834891
627607 149337 627607 855567 685136 117914 685136 834891
627607 149337 627607 855567 687808 117914 687808 834891
688264 149337 688264 855567 687808 117914 687808 834891
688566 149337 688566 855567 687808 117914 687808 834891
688566 149337 688566 855567 688747 117914 688747 834891
688566 149337 688566 855567 688794 117914 688794 834891
688566 149337 688566 855567 690131 117914 690131 834891
688566 149337 688566 855567 697117 117914 697117 834891
688566 149337 688566 855567 699722 117914 699722 834891
704446 149337 704446 855567 699722 117914 699722 834891
707196 149337 707196 855567 699722 117914 699722 834891
707196 149337 707196 855567 708573 117914 708573 834891
710429 149337 710429 855567 708573 117914 708573 834891
712591 149337 712591 855567 708573 117914 708573 834891
712591 149337 712591 855567 713379 117914 713379 834891
712591 149337 712591 855567 714111 117914 714111 834891
712591 149337 712591 855567 714156 117914 714156 834891
712591 149337 712591 855567 714162 117914 714162 834891
712591 149337 712591 855567 715672 117914 715672 834891
712591 149337 712591 855567 717189 117914 717189 834891
712591 149337 712591 855567 717355 117914 717355 834891
727942 149337 727942 855567 717355 117914 717355 834891
728647 149337 728647 855567 717355 117914 717355 834891
728647 149337 728647 855567 732148 117914 732148 834891
728647 149337 728647 855567 734254 117914 734254 834891
728647 149337 728647 855567 735125 117914 735125 834891
728647 149337 728647 855567 735187 117914 735187 834891
728647 149337 728647 855567 737153 117914 737153 834891
728647 149337 728647 855567 742287 117914 742287 834891
743300 149337 743300 855567 742287 117914 742287 834891
744236 149337 744236 855567 742287 117914 742287 834891
744236 149337 744236 855567 745047 117914 745047 834891
744236 149337 744236 855567 747468 117914 747468 834891
749421 149337 749421 855567 747468 117914 747468 834891
749686 149337 749686 855567 747468 117914 747468 834891
750754 149337 750754 855567 747468 117914 747468 834891
751262 149337 751262 855567 747468 117914 747468 834891
751262 149337 751262 855567 754120 117914 754120 834891
754442 149337 754442 855567 754120 117914 754120 834891
754442 149337 754442 855567 758719 117914 758719 834891
754442 149337 754442 855567 759217 117914 759217 834891
754442 149337 754442 855567 760151 117914 760151 834891
760296 149337 760296 855567 760151 117914 760151 834891
760296 149337 760296 855567 762367 117914 762367 834891
760296 149337 760296 855567 763451 117914 763451 834891
760296 149337 760296 855567 764534 117914 764534 834891
760296 149337 760296 855567 773321 117914 773321 834891
778271 149337 778271 855567 773321 117914 773321 834891
785020 149337 785020 855567 773321 117914 773321 834891
785020 149337 785020 855567 789033 117914 789033 834891
790008 149337 790008 855567 789033 117914 789033 834891
790008 149337 790008 855567 791588 117914 791588 834891
790008 149337 790008 855567 792783 117914 792783 834891
794814 149337 794814 855567 792783 117914 792783 834891
794814 149337 794814 855567 799702 117914 799702 834891
794814 149337 794814 855567 803438 117914 803438 834891
794814 149337 794814 855567 817391 117914 817391 834891
817500 149337 817500 855567 817391 117914 817391 834891
817500 149337 817500 855567 824212 117914 824212 834891
833405 149337 833405 855567 824212 117914 824212 834891
835991 149337 835991 855567 824212 117914 824212 834891
835991 149337 835991 855567 842085 117914 842085 834891
835991 149337 835991 855567 842371 117914 842371 834891
845848 149337 845848 855567 842371 117914 842371 834891
845848 149337 845848 855567 847369 117914 847369 834891
845848 149337 845848 855567 848908 117914 848908 834891
845848 149337 845848 855567 854430 117914 854430 834891
845848 149337 845848 855567 861168 117914 861168 834891
