163790 168386 163790 710535 109911 181610 109911 729166
163790 168386 163790 710535 109911 181610 109911 729166
163790 168386 163790 710535 110912 181610 110912 729166
163790 168386 163790 710535 117353 181610 117353 729166
163790 168386 163790 710535 117389 181610 117389 729166
163790 168386 163790 710535 146181 181610 146181 729166
163790 168386 163790 710535 148695 181610 148695 729166
163790 168386 163790 710535 171996 181610 171996 729166
177285 168386 177285 710535 171996 181610 171996 729166
178698 168386 178698 710535 171996 181610 171996 729166
178698 168386 178698 710535 178750 181610 178750 729166
179103 168386 179103 710535 178750 181610 178750 729166
186085 168386 186085 710535 178750 181610 178750 729166
186085 168386 186085 710535 188297 181610 188297 729166
192044 168386 192044 710535 188297 181610 188297 729166
192570 168386 192570 710535 188297 181610 188297 729166
194279 168386 194279 710535 188297 181610 188297 729166
194452 168386 194452 710535 188297 181610 188297 729166
198218 168386 198218 710535 188297 181610 188297 729166
198369 168386 198369 710535 188297 181610 188297 729166
199921 168386 199921 710535 188297 181610 188297 729166
202444 168386 202444 710535 188297 181610 188297 729166
202760 168386 202760 710535 188297 181610 188297 729166
203916 168386 203916 710535 188297 181610 188297 729166
206309 168386 206309 710535 188297 181610 188297 729166
206309 168386 206309 710535 208856 181610 208856 729166
217333 168386 217333 710535 208856 181610 208856 729166
218606 168386 218606 710535 208856 181610 208856 729166
221089 168386 221089 710535 208856 181610 208856 729166
223089 168386 223089 710535 208856 181610 208856 729166
230225 168386 230225 710535 208856 181610 208856 729166
232814 168386 232814 710535 208856 181610 208856 729166
234672 168386 234672 710535 208856 181610 208856 729166
239971 168386 239971 710535 208856 181610 208856 729166
241575 168386 241575 710535 208856 181610 208856 729166
243069 168386 243069 710535 208856 181610 208856 729166
243423 168386 243423 710535 208856 181610 208856 729166
244555 168386 244555 710535 208856 181610 208856 729166
245207 168386 245207 710535 208856 181610 208856 729166
245207 168386 245207 710535 245509 181610 245509 729166
251121 168386 251121 710535 245509 181610 245509 729166
251121 168386 251121 710535 256640 181610 256640 729166
251121 168386 251121 710535 259530 181610 259530 729166
251121 168386 251121 710535 259850 181610 259850 729166
251121 168386 251121 710535 260168 181610 260168 729166
251121 168386 251121 710535 260913 181610 260913 729166
262547 168386 262547 710535 260913 181610 260913 729166
266970 168386 266970 710535 260913 181610 260913 729166
267449 168386 267449 710535 260913 181610 260913 729166
267449 168386 267449 710535 269783 181610 269783 729166
271523 168386 271523 710535 269783 181610 269783 729166
271523 168386 271523 710535 278220 181610 278220 729166
279525 168386 279525 710535 278220 181610 278220 729166
290123 168386 290123 710535 278220 181610 278220 729166
291182 168386 291182 710535 278220 181610 278220 729166
297562 168386 297562 710535 278220 181610 278220 729166
301038 168386 301038 710535 278220 181610 278220 729166
305374 168386 305374 710535 278220 181610 278220 729166
306480 168386 306480 710535 278220 181610 278220 729166
306990 168386 306990 710535 278220 181610 278220 729166
307109 168386 307109 710535 278220 181610 278220 729166
311232 168386 311232 710535 278220 181610 278220 729166
311232 168386 311232 710535 312228 181610 312228 729166
313060 168386 313060 710535 312228 181610 312228 729166
313060 168386 313060 710535 314242 181610 314242 729166
318018 168386 318018 710535 314242 181610 314242 729166
318018 168386 318018 710535 318676 181610 318676 729166
318018 168386 318018 710535 321880 181610 321880 729166
328371 168386 328371 710535 321880 181610 321880 729166
330546 168386 330546 710535 321880 181610 321880 729166
331759 168386 331759 710535 321880 181610 321880 729166
331759 168386 331759 710535 333864 181610 333864 729166
331759 168386 331759 710535 336228 181610 336228 729166
331759 168386 331759 710535 339488 181610 339488 729166
331759 168386 331759 710535 343925 181610 343925 729166
331759 168386 331759 710535 346081 181610 346081 729166
350767 168386 350767 710535 346081 181610 346081 729166
352288 168386 352288 710535 346081 181610 346081 729166
352288 168386 352288 710535 359286 181610 359286 729166
352288 168386 352288 710535 361541 181610 361541 729166
352288 168386 352288 710535 365569 181610 365569 729166
371577 168386 371577 710535 365569 181610 365569 729166
371951 168386 371951 710535 365569 181610 365569 729166
377881 168386 377881 710535 365569 181610 365569 729166
383971 168386 383971 710535 365569 181610 365569 729166
388810 168386 388810 710535 365569 181610 365569 729166
391332 168386 391332 710535 365569 181610 365569 729166
391332 168386 391332 710535 394512 181610 394512 729166
391332 168386 391332 710535 397071 181610 397071 729166
391332 168386 391332 710535 397530 181610 397530 729166
410911 168386 410911 710535 397530 181610 397530 729166
411015 168386 411015 710535 397530 181610 397530 729166
411015 168386 411015 710535 411365 181610 411365 729166
411015 168386 411015 710535 415626 181610 415626 729166
418323 168386 418323 710535 415626 181610 415626 729166
419771 168386 419771 710535 415626 181610 415626 729166
419771 168386 419771 710535 420393 181610 420393 729166
432067 168386 432067 710535 420393 181610 420393 729166
436096 168386 436096 710535 420393 181610 420393 729166
436096 168386 436096 710535 437080 181610 437080 729166
436096 168386 436096 710535 439825 181610 439825 729166
436096 168386 436096 710535 440361 181610 440361 729166
436096 168386 436096 710535 441710 181610 441710 729166
442081 168386 442081 710535 441710 181610 441710 729166
443688 168386 443688 710535 441710 181610 441710 729166
443688 168386 443688 710535 444745 181610 444745 729166
443688 168386 443688 710535 448216 181610 448216 729166
449218 168386 449218 710535 448216 181610 448216 729166
449218 168386 449218 710535 451003 181610 451003 729166
454897 168386 454897 710535 451003 181610 451003 729166
454897 168386 454897 710535 455080 181610 455080 729166
454897 168386 454897 710535 455544 181610 455544 729166
454897 168386 454897 710535 458384 181610 458384 729166
454897 168386 454897 710535 459200 181610 459200 729166
454897 168386 454897 710535 459450 181610 459450 729166
454897 168386 454897 710535 470380 181610 470380 729166
472769 168386 472769 710535 470380 181610 470380 729166
472769 168386 472769 710535 473501 181610 473501 729166
476408 168386 476408 710535 473501 181610 473501 729166
476408 168386 476408 710535 481814 181610 481814 729166
483508 168386 483508 710535 481814 181610 481814 729166
483508 168386 483508 710535 484425 181610 484425 729166
483508 168386 483508 710535 485154 181610 485154 729166
483508 168386 483508 710535 487174 181610 487174 729166
483508 168386 483508 710535 487611 181610 487611 729166
483508 168386 483508 710535 487699 181610 487699 729166
492350 168386 492350 710535 487699 181610 487699 729166
492350 168386 492350 710535 493188 181610 493188 729166
492350 168386 492350 710535 497918 181610 497918 729166
503740 168386 503740 710535 497918 181610 497918 729166
503740 168386 503740 710535 507751 181610 507751 729166
503740 168386 503740 710535 508409 181610 508409 729166
503740 168386 503740 710535 510600 181610 510600 729166
513242 168386 513242 710535 510600 181610 510600 729166
513242 168386 513242 710535 514911 181610 514911 729166
513242 168386 513242 710535 516867 181610 516867 729166
526328 168386 526328 710535 516867 181610 516867 729166
526328 168386 526328 710535 528618 181610 528618 729166
534854 168386 534854 710535 528618 181610 528618 729166
537363 168386 537363 710535 528618 181610 528618 729166
537363 168386 537363 710535 546093 181610 546093 729166
553026 168386 553026 710535 546093 181610 546093 729166
558451 168386 558451 710535 546093 181610 546093 729166
559381 168386 559381 710535 546093 181610 546093 729166
559381 168386 559381 710535 564193 181610 564193 729166
559381 168386 559381 710535 571311 181610 571311 729166
577494 168386 577494 710535 571311 181610 571311 729166
577494 168386 577494 710535 579634 181610 579634 729166
577494 168386 577494 710535 586660 181610 586660 729166
587516 168386 587516 710535 586660 181610 586660 729166
588346 168386 588346 710535 586660 181610 586660 729166
593109 168386 593109 710535 586660 181610 586660 729166
600831 168386 600831 710535 586660 181610 586660 729166
603912 168386 603912 710535 586660 181610 586660 729166
606350 168386 606350 710535 586660 181610 586660 729166
606350 168386 606350 710535 610497 181610 610497 729166
606350 168386 606350 710535 612597 181610 612597 729166
623224 168386 623224 710535 612597 181610 612597 729166
625692 168386 625692 710535 612597 181610 612597 729166
626382 168386 626382 710535 612597 181610 612597 729166
627214 168386 627214 710535 612597 181610 612597 729166
627214 168386 627214 710535 631815 181610 631815 729166
635385 168386 635385 710535 631815 181610 631815 729166
636238 168386 636238 710535 631815 181610 631815 729166
650837 168386 650837 710535 631815 181610 631815 729166
650837 168386 650837 710535 665706 181610 665706 729166
650837 168386 650837 710535 666694 181610 666694 729166
650837 168386 650837 710535 669275 181610 669275 729166
671038 168386 671038 710535 669275 181610 669275 729166
671038 168386 671038 710535 672541 181610 672541 729166
671038 168386 671038 710535 677186 181610 677186 729166
671038 168386 671038 710535 677824 181610 677824 729166
671038 168386 671038 710535 680189 181610 680189 729166
671038 168386 671038 710535 685598 181610 685598 729166
671038 168386 671038 710535 687539 181610 687539 729166
671038 168386 671038 710535 688203 181610 688203 729166
689888 168386 689888 710535 688203 181610 688203 729166
689888 168386 689888 710535 690741 181610 690741 729166
689888 168386 689888 710535 692085 181610 692085 729166
689888 168386 689888 710535 696557 181610 696557 729166
689888 168386 689888 710535 699059 181610 699059 729166
689888 168386 689888 710535 699851 181610 699851 729166
689888 168386 689888 710535 710386 181610 710386 729166
689888 168386 689888 710535 712681 181610 712681 729166
689888 168386 689888 710535 712843 181610 712843 729166
689888 168386 689888 710535 713761 181610 713761 729166
715376 168386 715376 710535 713761 181610 713761 729166
715376 168386 715376 710535 716631 181610 716631 729166
715376 168386 715376 710535 716972 181610 716972 729166
715376 168386 715376 710535 720526 181610 720526 729166
724183 168386 724183 710535 720526 181610 720526 729166
731469 168386 731469 710535 720526 181610 720526 729166
731469 168386 731469 710535 746530 181610 746530 729166
731469 168386 731469 710535 748105 181610 748105 729166
731469 168386 731469 710535 758459 181610 758459 729166
731469 168386 731469 710535 771704 181610 771704 729166
731469 168386 731469 710535 773892 181610 773892 729166
731469 168386 731469 710535 775602 181610 775602 729166
803385 168386 803385 710535 775602 181610 775602 729166
848406 168386 848406 710535 775602 181610 775602 729166
