68612 105286 68612 865830 177903 158176 177903 857796
68612 105286 68612 865830 177903 158176 177903 857796
101801 105286 101801 865830 177903 158176 177903 857796
103559 105286 103559 865830 177903 158176 177903 857796
120799 105286 120799 865830 177903 158176 177903 857796
136722 105286 136722 865830 177903 158176 177903 857796
149014 105286 149014 865830 177903 158176 177903 857796
161247 105286 161247 865830 177903 158176 177903 857796
172318 105286 172318 865830 177903 158176 177903 857796
174582 105286 174582 865830 177903 158176 177903 857796
174582 105286 174582 865830 187594 158176 187594 857796
174582 105286 174582 865830 188415 158176 188415 857796
190359 105286 190359 865830 188415 158176 188415 857796
195330 105286 195330 865830 188415 158176 188415 857796
199019 105286 199019 865830 188415 158176 188415 857796
199019 105286 199019 865830 201558 158176 201558 857796
199019 105286 199019 865830 206591 158176 206591 857796
206595 105286 206595 865830 206591 158176 206591 857796
206595 105286 206595 865830 207466 158176 207466 857796
209164 105286 209164 865830 207466 158176 207466 857796
209164 105286 209164 865830 210605 158176 210605 857796
215272 105286 215272 865830 210605 158176 210605 857796
215272 105286 215272 865830 215754 158176 215754 857796
215272 105286 215272 865830 216331 158176 216331 857796
215272 105286 215272 865830 218743 158176 218743 857796
215272 105286 215272 865830 219497 158176 219497 857796
215272 105286 215272 865830 220912 158176 220912 857796
222572 105286 222572 865830 220912 158176 220912 857796
222572 105286 222572 865830 234543 158176 234543 857796
222572 105286 222572 865830 234998 158176 234998 857796
235261 105286 235261 865830 234998 158176 234998 857796
235930 105286 235930 865830 234998 158176 234998 857796
235930 105286 235930 865830 239809 158176 239809 857796
239893 105286 239893 865830 239809 158176 239809 857796
239893 105286 239893 865830 240102 158176 240102 857796
241376 105286 241376 865830 240102 158176 240102 857796
242546 105286 242546 865830 240102 158176 240102 857796
242546 105286 242546 865830 242825 158176 242825 857796
246661 105286 246661 865830 242825 158176 242825 857796
248049 105286 248049 865830 242825 158176 242825 857796
248049 105286 248049 865830 248052 158176 248052 857796
248049 105286 248049 865830 252662 158176 252662 857796
248049 105286 248049 865830 254954 158176 254954 857796
257681 105286 257681 865830 254954 158176 254954 857796
257681 105286 257681 865830 258757 158176 258757 857796
257681 105286 257681 865830 259743 158176 259743 857796
257681 105286 257681 865830 259940 158176 259940 857796
262305 105286 262305 865830 259940 158176 259940 857796
262715 105286 262715 865830 259940 158176 259940 857796
262715 105286 262715 865830 268282 158176 268282 857796
268503 105286 268503 865830 268282 158176 268282 857796
270608 105286 270608 865830 268282 158176 268282 857796
270737 105286 270737 865830 268282 158176 268282 857796
270737 105286 270737 865830 270920 158176 270920 857796
270737 105286 270737 865830 272519 158176 272519 857796
273643 105286 273643 865830 272519 158176 272519 857796
273643 105286 273643 865830 273992 158176 273992 857796
276452 105286 276452 865830 273992 158176 273992 857796
276452 105286 276452 865830 277340 158176 277340 857796
276452 105286 276452 865830 278180 158176 278180 857796
276452 105286 276452 865830 282167 158176 282167 857796
283091 105286 283091 865830 282167 158176 282167 857796
283091 105286 283091 865830 283533 158176 283533 857796
284169 105286 284169 865830 283533 158176 283533 857796
284955 105286 284955 865830 283533 158176 283533 857796
284955 105286 284955 865830 287045 158176 287045 857796
288728 105286 288728 865830 287045 158176 287045 857796
289801 105286 289801 865830 287045 158176 287045 857796
295175 105286 295175 865830 287045 158176 287045 857796
295175 105286 295175 865830 299927 158176 299927 857796
295175 105286 295175 865830 303333 158176 303333 857796
295175 105286 295175 865830 306183 158176 306183 857796
295175 105286 295175 865830 308581 158176 308581 857796
295175 105286 295175 865830 310092 158176 310092 857796
311925 105286 311925 865830 310092 158176 310092 857796
311925 105286 311925 865830 314451 158176 314451 857796
318519 105286 318519 865830 314451 158176 314451 857796
322403 105286 322403 865830 314451 158176 314451 857796
322403 105286 322403 865830 323646 158176 323646 857796
322403 105286 322403 865830 328097 158176 328097 857796
328599 105286 328599 865830 328097 158176 328097 857796
328599 105286 328599 865830 329322 158176 329322 857796
328599 105286 328599 865830 329989 158176 329989 857796
328599 105286 328599 865830 331965 158176 331965 857796
328599 105286 328599 865830 334354 158176 334354 857796
337221 105286 337221 865830 334354 158176 334354 857796
337221 105286 337221 865830 340567 158176 340567 857796
337221 105286 337221 865830 341915 158176 341915 857796
343000 105286 343000 865830 341915 158176 341915 857796
343000 105286 343000 865830 344690 158176 344690 857796
343000 105286 343000 865830 345221 158176 345221 857796
346100 105286 346100 865830 345221 158176 345221 857796
346100 105286 346100 865830 346369 158176 346369 857796
346530 105286 346530 865830 346369 158176 346369 857796
346530 105286 346530 865830 346871 158176 346871 857796
347423 105286 347423 865830 346871 158176 346871 857796
352116 105286 352116 865830 346871 158176 346871 857796
353769 105286 353769 865830 346871 158176 346871 857796
354961 105286 354961 865830 346871 158176 346871 857796
354961 105286 354961 865830 358117 158176 358117 857796
354961 105286 354961 865830 360727 158176 360727 857796
354961 105286 354961 865830 367259 158176 367259 857796
354961 105286 354961 865830 369607 158176 369607 857796
354961 105286 354961 865830 374191 158176 374191 857796
354961 105286 354961 865830 376372 158176 376372 857796
378088 105286 378088 865830 376372 158176 376372 857796
383476 105286 383476 865830 376372 158176 376372 857796
383476 105286 383476 865830 393737 158176 393737 857796
383476 105286 383476 865830 393908 158176 393908 857796
383476 105286 383476 865830 397034 158176 397034 857796
397750 105286 397750 865830 397034 158176 397034 857796
397750 105286 397750 865830 399235 158176 399235 857796
397750 105286 397750 865830 399874 158176 399874 857796
401381 105286 401381 865830 399874 158176 399874 857796
401381 105286 401381 865830 403397 158176 403397 857796
405912 105286 405912 865830 403397 158176 403397 857796
405912 105286 405912 865830 407756 158176 407756 857796
410346 105286 410346 865830 407756 158176 407756 857796
413823 105286 413823 865830 407756 158176 407756 857796
413823 105286 413823 865830 413951 158176 413951 857796
414841 105286 414841 865830 413951 158176 413951 857796
415061 105286 415061 865830 413951 158176 413951 857796
418216 105286 418216 865830 413951 158176 413951 857796
420349 105286 420349 865830 413951 158176 413951 857796
420349 105286 420349 865830 421484 158176 421484 857796
439615 105286 439615 865830 421484 158176 421484 857796
439615 105286 439615 865830 474825 158176 474825 857796
439615 105286 439615 865830 476577 158176 476577 857796
478475 105286 478475 865830 476577 158176 476577 857796
478475 105286 478475 865830 489010 158176 489010 857796
478475 105286 478475 865830 504851 158176 504851 857796
478475 105286 478475 865830 505238 158176 505238 857796
478475 105286 478475 865830 518985 158176 518985 857796
478475 105286 478475 865830 519136 158176 519136 857796
478475 105286 478475 865830 524685 158176 524685 857796
525248 105286 525248 865830 524685 158176 524685 857796
525248 105286 525248 865830 530802 158176 530802 857796
525248 105286 525248 865830 532949 158176 532949 857796
525248 105286 525248 865830 538616 158176 538616 857796
525248 105286 525248 865830 540293 158176 540293 857796
525248 105286 525248 865830 540845 158176 540845 857796
525248 105286 525248 865830 540895 158176 540895 857796
525248 105286 525248 865830 544741 158176 544741 857796
525248 105286 525248 865830 552150 158176 552150 857796
525248 105286 525248 865830 554085 158176 554085 857796
562224 105286 562224 865830 554085 158176 554085 857796
562224 105286 562224 865830 563522 158176 563522 857796
562224 105286 562224 865830 565595 158176 565595 857796
569241 105286 569241 865830 565595 158176 565595 857796
569241 105286 569241 865830 580017 158176 580017 857796
585840 105286 585840 865830 580017 158176 580017 857796
585840 105286 585840 865830 592153 158176 592153 857796
585840 105286 585840 865830 594516 158176 594516 857796
595195 105286 595195 865830 594516 158176 594516 857796
595195 105286 595195 865830 596152 158176 596152 857796
595195 105286 595195 865830 598370 158176 598370 857796
595195 105286 595195 865830 598852 158176 598852 857796
609350 105286 609350 865830 598852 158176 598852 857796
619091 105286 619091 865830 598852 158176 598852 857796
626550 105286 626550 865830 598852 158176 598852 857796
626550 105286 626550 865830 637157 158176 637157 857796
626550 105286 626550 865830 637392 158176 637392 857796
637943 105286 637943 865830 637392 158176 637392 857796
637943 105286 637943 865830 645721 158176 645721 857796
637943 105286 637943 865830 647275 158176 647275 857796
647470 105286 647470 865830 647275 158176 647275 857796
648410 105286 648410 865830 647275 158176 647275 857796
651212 105286 651212 865830 647275 158176 647275 857796
651212 105286 651212 865830 651444 158176 651444 857796
656434 105286 656434 865830 651444 158176 651444 857796
657447 105286 657447 865830 651444 158176 651444 857796
659076 105286 659076 865830 651444 158176 651444 857796
660850 105286 660850 865830 651444 158176 651444 857796
667895 105286 667895 865830 651444 158176 651444 857796
672009 105286 672009 865830 651444 158176 651444 857796
673515 105286 673515 865830 651444 158176 651444 857796
673653 105286 673653 865830 651444 158176 651444 857796
673653 105286 673653 865830 675501 158176 675501 857796
677166 105286 677166 865830 675501 158176 675501 857796
677722 105286 677722 865830 675501 158176 675501 857796
677722 105286 677722 865830 678707 158176 678707 857796
681546 105286 681546 865830 678707 158176 678707 857796
681546 105286 681546 865830 685482 158176 685482 857796
689521 105286 689521 865830 685482 158176 685482 857796
695363 105286 695363 865830 685482 158176 685482 857796
704821 105286 704821 865830 685482 158176 685482 857796
704821 105286 704821 865830 705340 158176 705340 857796
705388 105286 705388 865830 705340 158176 705340 857796
706273 105286 706273 865830 705340 158176 705340 857796
707704 105286 707704 865830 705340 158176 705340 857796
710162 105286 710162 865830 705340 158176 705340 857796
716804 105286 716804 865830 705340 158176 705340 857796
720756 105286 720756 865830 705340 158176 705340 857796
721846 105286 721846 865830 705340 158176 705340 857796
721846 105286 721846 865830 736036 158176 736036 857796
738528 105286 738528 865830 736036 158176 736036 857796
739147 105286 739147 865830 736036 158176 736036 857796
747602 105286 747602 865830 736036 158176 736036 857796
751090 105286 751090 865830 736036 158176 736036 857796
769439 105286 769439 865830 736036 158176 736036 857796
