214060 143592 214060 853234 243723 130026 243723 936384
214060 143592 214060 853234 243723 130026 243723 936384
228553 143592 228553 853234 243723 130026 243723 936384
231892 143592 231892 853234 243723 130026 243723 936384
243624 143592 243624 853234 243723 130026 243723 936384
248213 143592 248213 853234 243723 130026 243723 936384
248213 143592 248213 853234 254992 130026 254992 936384
248213 143592 248213 853234 260436 130026 260436 936384
248213 143592 248213 853234 263915 130026 263915 936384
283996 143592 283996 853234 263915 130026 263915 936384
288936 143592 288936 853234 263915 130026 263915 936384
288936 143592 288936 853234 302043 130026 302043 936384
308705 143592 308705 853234 302043 130026 302043 936384
309079 143592 309079 853234 302043 130026 302043 936384
310067 143592 310067 853234 302043 130026 302043 936384
310067 143592 310067 853234 310445 130026 310445 936384
310067 143592 310067 853234 313351 130026 313351 936384
316969 143592 316969 853234 313351 130026 313351 936384
322036 143592 322036 853234 313351 130026 313351 936384
331055 143592 331055 853234 313351 130026 313351 936384
344327 143592 344327 853234 313351 130026 313351 936384
355381 143592 355381 853234 313351 130026 313351 936384
364750 143592 364750 853234 313351 130026 313351 936384
368736 143592 368736 853234 313351 130026 313351 936384
368736 143592 368736 853234 369365 130026 369365 936384
372517 143592 372517 853234 369365 130026 369365 936384
372517 143592 372517 853234 375443 130026 375443 936384
376800 143592 376800 853234 375443 130026 375443 936384
376800 143592 376800 853234 377556 130026 377556 936384
377854 143592 377854 853234 377556 130026 377556 936384
391800 143592 391800 853234 377556 130026 377556 936384
393505 143592 393505 853234 377556 130026 377556 936384
393505 143592 393505 853234 394050 130026 394050 936384
395601 143592 395601 853234 394050 130026 394050 936384
395601 143592 395601 853234 397603 130026 397603 936384
399029 143592 399029 853234 397603 130026 397603 936384
408014 143592 408014 853234 397603 130026 397603 936384
408014 143592 408014 853234 417350 130026 417350 936384
408014 143592 408014 853234 444792 130026 444792 936384
448183 143592 448183 853234 444792 130026 444792 936384
459285 143592 459285 853234 444792 130026 444792 936384
470217 143592 470217 853234 444792 130026 444792 936384
492640 143592 492640 853234 444792 130026 444792 936384
492640 143592 492640 853234 496501 130026 496501 936384
513908 143592 513908 853234 496501 130026 496501 936384
517513 143592 517513 853234 496501 130026 496501 936384
523423 143592 523423 853234 496501 130026 496501 936384
526833 143592 526833 853234 496501 130026 496501 936384
538430 143592 538430 853234 496501 130026 496501 936384
538430 143592 538430 853234 541435 130026 541435 936384
541880 143592 541880 853234 541435 130026 541435 936384
541880 143592 541880 853234 548259 130026 548259 936384
555930 143592 555930 853234 548259 130026 548259 936384
555930 143592 555930 853234 557000 130026 557000 936384
555930 143592 555930 853234 559878 130026 559878 936384
555930 143592 555930 853234 562231 130026 562231 936384
555930 143592 555930 853234 566196 130026 566196 936384
555930 143592 555930 853234 568309 130026 568309 936384
571908 143592 571908 853234 568309 130026 568309 936384
572205 143592 572205 853234 568309 130026 568309 936384
572205 143592 572205 853234 574994 130026 574994 936384
572205 143592 572205 853234 575623 130026 575623 936384
577981 143592 577981 853234 575623 130026 575623 936384
577981 143592 577981 853234 581392 130026 581392 936384
577981 143592 577981 853234 581893 130026 581893 936384
587062 143592 587062 853234 581893 130026 581893 936384
589363 143592 589363 853234 581893 130026 581893 936384
591809 143592 591809 853234 581893 130026 581893 936384
591809 143592 591809 853234 591814 130026 591814 936384
591990 143592 591990 853234 591814 130026 591814 936384
593764 143592 593764 853234 591814 130026 591814 936384
597507 143592 597507 853234 591814 130026 591814 936384
597507 143592 597507 853234 599055 130026 599055 936384
597507 143592 597507 853234 600188 130026 600188 936384
597507 143592 597507 853234 605009 130026 605009 936384
597507 143592 597507 853234 606296 130026 606296 936384
607698 143592 607698 853234 606296 130026 606296 936384
607698 143592 607698 853234 608307 130026 608307 936384
609042 143592 609042 853234 608307 130026 608307 936384
609042 143592 609042 853234 610417 130026 610417 936384
611502 143592 611502 853234 610417 130026 610417 936384
615387 143592 615387 853234 610417 130026 610417 936384
618449 143592 618449 853234 610417 130026 610417 936384
618449 143592 618449 853234 619342 130026 619342 936384
618449 143592 618449 853234 621287 130026 621287 936384
623392 143592 623392 853234 621287 130026 621287 936384
624285 143592 624285 853234 621287 130026 621287 936384
626346 143592 626346 853234 621287 130026 621287 936384
626346 143592 626346 853234 627851 130026 627851 936384
629302 143592 629302 853234 627851 130026 627851 936384
629302 143592 629302 853234 629433 130026 629433 936384
629302 143592 629302 853234 629580 130026 629580 936384
629302 143592 629302 853234 634103 130026 634103 936384
635150 143592 635150 853234 634103 130026 634103 936384
636885 143592 636885 853234 634103 130026 634103 936384
636885 143592 636885 853234 637318 130026 637318 936384
638195 143592 638195 853234 637318 130026 637318 936384
638195 143592 638195 853234 641646 130026 641646 936384
638195 143592 638195 853234 643889 130026 643889 936384
638195 143592 638195 853234 644559 130026 644559 936384
644887 143592 644887 853234 644559 130026 644559 936384
646682 143592 646682 853234 644559 130026 644559 936384
650326 143592 650326 853234 644559 130026 644559 936384
651201 143592 651201 853234 644559 130026 644559 936384
651201 143592 651201 853234 653584 130026 653584 936384
654215 143592 654215 853234 653584 130026 653584 936384
654684 143592 654684 853234 653584 130026 653584 936384
655896 143592 655896 853234 653584 130026 653584 936384
655903 143592 655903 853234 653584 130026 653584 936384
656226 143592 656226 853234 653584 130026 653584 936384
656226 143592 656226 853234 656567 130026 656567 936384
656729 143592 656729 853234 656567 130026 656567 936384
656729 143592 656729 853234 657070 130026 657070 936384
656729 143592 656729 853234 659954 130026 659954 936384
660659 143592 660659 853234 659954 130026 659954 936384
660659 143592 660659 853234 664452 130026 664452 936384
660659 143592 660659 853234 667604 130026 667604 936384
660659 143592 660659 853234 668843 130026 668843 936384
660659 143592 660659 853234 671370 130026 671370 936384
660659 143592 660659 853234 672035 130026 672035 936384
660659 143592 660659 853234 672342 130026 672342 936384
660659 143592 660659 853234 672553 130026 672553 936384
674457 143592 674457 853234 672553 130026 672553 936384
675012 143592 675012 853234 672553 130026 672553 936384
675012 143592 675012 853234 675071 130026 675071 936384
675012 143592 675012 853234 676527 130026 676527 936384
676924 143592 676924 853234 676527 130026 676527 936384
676924 143592 676924 853234 677386 130026 677386 936384
676924 143592 676924 853234 677949 130026 677949 936384
676924 143592 676924 853234 678925 130026 678925 936384
679476 143592 679476 853234 678925 130026 678925 936384
679476 143592 679476 853234 680890 130026 680890 936384
679476 143592 679476 853234 681465 130026 681465 936384
682625 143592 682625 853234 681465 130026 681465 936384
682625 143592 682625 853234 686617 130026 686617 936384
682625 143592 682625 853234 688572 130026 688572 936384
688682 143592 688682 853234 688572 130026 688572 936384
688851 143592 688851 853234 688572 130026 688572 936384
688851 143592 688851 853234 689178 130026 689178 936384
689329 143592 689329 853234 689178 130026 689178 936384
689329 143592 689329 853234 689363 130026 689363 936384
689329 143592 689329 853234 691265 130026 691265 936384
689329 143592 689329 853234 691826 130026 691826 936384
689329 143592 689329 853234 691976 130026 691976 936384
689329 143592 689329 853234 691999 130026 691999 936384
689329 143592 689329 853234 693587 130026 693587 936384
689329 143592 689329 853234 694894 130026 694894 936384
689329 143592 689329 853234 695030 130026 695030 936384
689329 143592 689329 853234 696799 130026 696799 936384
699325 143592 699325 853234 696799 130026 696799 936384
699325 143592 699325 853234 705548 130026 705548 936384
706658 143592 706658 853234 705548 130026 705548 936384
708360 143592 708360 853234 705548 130026 705548 936384
708360 143592 708360 853234 709480 130026 709480 936384
709660 143592 709660 853234 709480 130026 709480 936384
709660 143592 709660 853234 709859 130026 709859 936384
709660 143592 709660 853234 710122 130026 710122 936384
709660 143592 709660 853234 711477 130026 711477 936384
709660 143592 709660 853234 715395 130026 715395 936384
709660 143592 709660 853234 716750 130026 716750 936384
709660 143592 709660 853234 716820 130026 716820 936384
709660 143592 709660 853234 716920 130026 716920 936384
709660 143592 709660 853234 716980 130026 716980 936384
709660 143592 709660 853234 717113 130026 717113 936384
717205 143592 717205 853234 717113 130026 717113 936384
717205 143592 717205 853234 717668 130026 717668 936384
723908 143592 723908 853234 717668 130026 717668 936384
725160 143592 725160 853234 717668 130026 717668 936384
725160 143592 725160 853234 728600 130026 728600 936384
729391 143592 729391 853234 728600 130026 728600 936384
729391 143592 729391 853234 729517 130026 729517 936384
729391 143592 729391 853234 731005 130026 731005 936384
729391 143592 729391 853234 735482 130026 735482 936384
736517 143592 736517 853234 735482 130026 735482 936384
736838 143592 736838 853234 735482 130026 735482 936384
738377 143592 738377 853234 735482 130026 735482 936384
740602 143592 740602 853234 735482 130026 735482 936384
740602 143592 740602 853234 743023 130026 743023 936384
740602 143592 740602 853234 745510 130026 745510 936384
751033 143592 751033 853234 745510 130026 745510 936384
754020 143592 754020 853234 745510 130026 745510 936384
758179 143592 758179 853234 745510 130026 745510 936384
758179 143592 758179 853234 763099 130026 763099 936384
758179 143592 758179 853234 763736 130026 763736 936384
763956 143592 763956 853234 763736 130026 763736 936384
778659 143592 778659 853234 763736 130026 763736 936384
783520 143592 783520 853234 763736 130026 763736 936384
784884 143592 784884 853234 763736 130026 763736 936384
784884 143592 784884 853234 785054 130026 785054 936384
784884 143592 784884 853234 785348 130026 785348 936384
784884 143592 784884 853234 785664 130026 785664 936384
784884 143592 784884 853234 787309 130026 787309 936384
784884 143592 784884 853234 791767 130026 791767 936384
796133 143592 796133 853234 791767 130026 791767 936384
796133 143592 796133 853234 807529 130026 807529 936384
808410 143592 808410 853234 807529 130026 807529 936384
808813 143592 808813 853234 807529 130026 807529 936384
814876 143592 814876 853234 807529 130026 807529 936384
814876 143592 814876 853234 815357 130026 815357 936384
832172 143592 832172 853234 815357 130026 815357 936384
