117830 146516 847724 146516 186998 259584 897935 259584
117830 146516 847724 146516 186998 259584 897935 259584
117830 156400 847724 156400 186998 259584 897935 259584
117830 162566 847724 162566 186998 259584 897935 259584
117830 168595 847724 168595 186998 259584 897935 259584
117830 169366 847724 169366 186998 259584 897935 259584
117830 189030 847724 189030 186998 259584 897935 259584
117830 200956 847724 200956 186998 259584 897935 259584
117830 203072 847724 203072 186998 259584 897935 259584
117830 212633 847724 212633 186998 259584 897935 259584
117830 212866 847724 212866 186998 259584 897935 259584
117830 224008 847724 224008 186998 259584 897935 259584
117830 224027 847724 224027 186998 259584 897935 259584
117830 229090 847724 229090 186998 259584 897935 259584
117830 229787 847724 229787 186998 259584 897935 259584
117830 229961 847724 229961 186998 259584 897935 259584
117830 237152 847724 237152 186998 259584 897935 259584
117830 244588 847724 244588 186998 259584 897935 259584
117830 244852 847724 244852 186998 259584 897935 259584
117830 248033 847724 248033 186998 259584 897935 259584
117830 251317 847724 251317 186998 259584 897935 259584
117830 259673 847724 259673 186998 259584 897935 259584
117830 260629 847724 260629 186998 259584 897935 259584
117830 261435 847724 261435 186998 259584 897935 259584
117830 263149 847724 263149 186998 259584 897935 259584
117830 264705 847724 264705 186998 259584 897935 259584
117830 271695 847724 271695 186998 259584 897935 259584
117830 272477 847724 272477 186998 259584 897935 259584
117830 273994 847724 273994 186998 259584 897935 259584
117830 275820 847724 275820 186998 259584 897935 259584
117830 279704 847724 279704 186998 259584 897935 259584
117830 282499 847724 282499 186998 259584 897935 259584
117830 286344 847724 286344 186998 259584 897935 259584
117830 289075 847724 289075 186998 259584 897935 259584
117830 295326 847724 295326 186998 259584 897935 259584
117830 295534 847724 295534 186998 259584 897935 259584
117830 295534 847724 295534 186998 295961 897935 295961
117830 297274 847724 297274 186998 295961 897935 295961
117830 300658 847724 300658 186998 295961 897935 295961
117830 302956 847724 302956 186998 295961 897935 295961
117830 305902 847724 305902 186998 295961 897935 295961
117830 307225 847724 307225 186998 295961 897935 295961
117830 320217 847724 320217 186998 295961 897935 295961
117830 322204 847724 322204 186998 295961 897935 295961
117830 324003 847724 324003 186998 295961 897935 295961
117830 332495 847724 332495 186998 295961 897935 295961
117830 339095 847724 339095 186998 295961 897935 295961
117830 339095 847724 339095 186998 343515 897935 343515
117830 345832 847724 345832 186998 343515 897935 343515
117830 345832 847724 345832 186998 347739 897935 347739
117830 349116 847724 349116 186998 347739 897935 347739
117830 350691 847724 350691 186998 347739 897935 347739
117830 380650 847724 380650 186998 347739 897935 347739
117830 380650 847724 380650 186998 387412 897935 387412
117830 380650 847724 380650 186998 387750 897935 387750
117830 380650 847724 380650 186998 397254 897935 397254
117830 380650 847724 380650 186998 398276 897935 398276
117830 380650 847724 380650 186998 405163 897935 405163
117830 380650 847724 380650 186998 406319 897935 406319
117830 380650 847724 380650 186998 407377 897935 407377
117830 380650 847724 380650 186998 414772 897935 414772
117830 380650 847724 380650 186998 446340 897935 446340
117830 380650 847724 380650 186998 453731 897935 453731
117830 380650 847724 380650 186998 467548 897935 467548
117830 380650 847724 380650 186998 470021 897935 470021
117830 380650 847724 380650 186998 474649 897935 474649
117830 380650 847724 380650 186998 476667 897935 476667
117830 380650 847724 380650 186998 477776 897935 477776
117830 380650 847724 380650 186998 479925 897935 479925
117830 380650 847724 380650 186998 482380 897935 482380
117830 380650 847724 380650 186998 483335 897935 483335
117830 380650 847724 380650 186998 488714 897935 488714
117830 380650 847724 380650 186998 496548 897935 496548
117830 380650 847724 380650 186998 500783 897935 500783
117830 380650 847724 380650 186998 503826 897935 503826
117830 380650 847724 380650 186998 504955 897935 504955
117830 380650 847724 380650 186998 505599 897935 505599
117830 380650 847724 380650 186998 510619 897935 510619
117830 380650 847724 380650 186998 512591 897935 512591
117830 380650 847724 380650 186998 513647 897935 513647
117830 380650 847724 380650 186998 514786 897935 514786
117830 380650 847724 380650 186998 515582 897935 515582
117830 380650 847724 380650 186998 518231 897935 518231
117830 380650 847724 380650 186998 518367 897935 518367
117830 380650 847724 380650 186998 519147 897935 519147
117830 380650 847724 380650 186998 521415 897935 521415
117830 380650 847724 380650 186998 521650 897935 521650
117830 380650 847724 380650 186998 522645 897935 522645
117830 380650 847724 380650 186998 523681 897935 523681
117830 380650 847724 380650 186998 524690 897935 524690
117830 380650 847724 380650 186998 528214 897935 528214
117830 380650 847724 380650 186998 528460 897935 528460
117830 380650 847724 380650 186998 529680 897935 529680
117830 380650 847724 380650 186998 532383 897935 532383
117830 380650 847724 380650 186998 537647 897935 537647
117830 540268 847724 540268 186998 537647 897935 537647
117830 540268 847724 540268 186998 540604 897935 540604
117830 540268 847724 540268 186998 540728 897935 540728
117830 540268 847724 540268 186998 540746 897935 540746
117830 540268 847724 540268 186998 540928 897935 540928
117830 540268 847724 540268 186998 544951 897935 544951
117830 540268 847724 540268 186998 545682 897935 545682
117830 540268 847724 540268 186998 547327 897935 547327
117830 540268 847724 540268 186998 547540 897935 547540
117830 540268 847724 540268 186998 553663 897935 553663
117830 540268 847724 540268 186998 555184 897935 555184
117830 540268 847724 540268 186998 563389 897935 563389
117830 540268 847724 540268 186998 563582 897935 563582
117830 540268 847724 540268 186998 576324 897935 576324
117830 576579 847724 576579 186998 576324 897935 576324
117830 576579 847724 576579 186998 580462 897935 580462
117830 576579 847724 576579 186998 582885 897935 582885
117830 576579 847724 576579 186998 587965 897935 587965
117830 592990 847724 592990 186998 587965 897935 587965
117830 593504 847724 593504 186998 587965 897935 587965
117830 593504 847724 593504 186998 594044 897935 594044
117830 593504 847724 593504 186998 600012 897935 600012
117830 601041 847724 601041 186998 600012 897935 600012
117830 601041 847724 601041 186998 601783 897935 601783
117830 601041 847724 601041 186998 602308 897935 602308
117830 601041 847724 601041 186998 604405 897935 604405
117830 604813 847724 604813 186998 604405 897935 604405
117830 604813 847724 604813 186998 605821 897935 605821
117830 604813 847724 604813 186998 612082 897935 612082
117830 614653 847724 614653 186998 612082 897935 612082
117830 614653 847724 614653 186998 617330 897935 617330
117830 614653 847724 614653 186998 617563 897935 617563
117830 621607 847724 621607 186998 617563 897935 617563
117830 621607 847724 621607 186998 623268 897935 623268
117830 621607 847724 621607 186998 628089 897935 628089
117830 621607 847724 621607 186998 629028 897935 629028
117830 629271 847724 629271 186998 629028 897935 629028
117830 629271 847724 629271 186998 631628 897935 631628
117830 641014 847724 641014 186998 631628 897935 631628
117830 642281 847724 642281 186998 631628 897935 631628
117830 644118 847724 644118 186998 631628 897935 631628
117830 646067 847724 646067 186998 631628 897935 631628
117830 646067 847724 646067 186998 650544 897935 650544
117830 646067 847724 646067 186998 653683 897935 653683
117830 646067 847724 646067 186998 655106 897935 655106
117830 646067 847724 646067 186998 655190 897935 655190
117830 655423 847724 655423 186998 655190 897935 655190
117830 655468 847724 655468 186998 655190 897935 655190
117830 655976 847724 655976 186998 655190 897935 655190
117830 655976 847724 655976 186998 657400 897935 657400
117830 655976 847724 655976 186998 657614 897935 657614
117830 655976 847724 655976 186998 659298 897935 659298
117830 660581 847724 660581 186998 659298 897935 659298
117830 660581 847724 660581 186998 661398 897935 661398
117830 662490 847724 662490 186998 661398 897935 661398
117830 662958 847724 662958 186998 661398 897935 661398
117830 666493 847724 666493 186998 661398 897935 661398
117830 669478 847724 669478 186998 661398 897935 661398
117830 669478 847724 669478 186998 674224 897935 674224
117830 674465 847724 674465 186998 674224 897935 674224
117830 675322 847724 675322 186998 674224 897935 674224
117830 675322 847724 675322 186998 676356 897935 676356
117830 675322 847724 675322 186998 681002 897935 681002
117830 675322 847724 675322 186998 681237 897935 681237
117830 675322 847724 675322 186998 682095 897935 682095
117830 675322 847724 675322 186998 684294 897935 684294
117830 693106 847724 693106 186998 684294 897935 684294
117830 700943 847724 700943 186998 684294 897935 684294
117830 706209 847724 706209 186998 684294 897935 684294
117830 710901 847724 710901 186998 684294 897935 684294
117830 713549 847724 713549 186998 684294 897935 684294
117830 715412 847724 715412 186998 684294 897935 684294
117830 716750 847724 716750 186998 684294 897935 684294
117830 726727 847724 726727 186998 684294 897935 684294
117830 727058 847724 727058 186998 684294 897935 684294
117830 728498 847724 728498 186998 684294 897935 684294
117830 728498 847724 728498 186998 732392 897935 732392
117830 733382 847724 733382 186998 732392 897935 732392
117830 740247 847724 740247 186998 732392 897935 732392
117830 740247 847724 740247 186998 744123 897935 744123
117830 745240 847724 745240 186998 744123 897935 744123
117830 747236 847724 747236 186998 744123 897935 744123
117830 747236 847724 747236 186998 749216 897935 749216
117830 747236 847724 747236 186998 755483 897935 755483
117830 759546 847724 759546 186998 755483 897935 755483
117830 768315 847724 768315 186998 755483 897935 755483
117830 786795 847724 786795 186998 755483 897935 755483
117830 787911 847724 787911 186998 755483 897935 755483
117830 790459 847724 790459 186998 755483 897935 755483
117830 790459 847724 790459 186998 805902 897935 805902
117830 807572 847724 807572 186998 805902 897935 805902
117830 807572 847724 807572 186998 811256 897935 811256
117830 807572 847724 807572 186998 814762 897935 814762
117830 818112 847724 818112 186998 814762 897935 814762
117830 818425 847724 818425 186998 814762 897935 814762
117830 819946 847724 819946 186998 814762 897935 814762
117830 819946 847724 819946 186998 823120 897935 823120
117830 819946 847724 819946 186998 823567 897935 823567
117830 819946 847724 819946 186998 832468 897935 832468
117830 834794 847724 834794 186998 832468 897935 832468
117830 834794 847724 834794 186998 836236 897935 836236
117830 840836 847724 840836 186998 836236 897935 836236
117830 846548 847724 846548 186998 836236 897935 836236
117830 858249 847724 858249 186998 836236 897935 836236
117830 867181 847724 867181 186998 836236 897935 836236
