90845 91908 90845 889145 257832 113450 257832 891878
90845 91908 90845 889145 257832 113450 257832 891878
124337 91908 124337 889145 257832 113450 257832 891878
131329 91908 131329 889145 257832 113450 257832 891878
136605 91908 136605 889145 257832 113450 257832 891878
146620 91908 146620 889145 257832 113450 257832 891878
148679 91908 148679 889145 257832 113450 257832 891878
156050 91908 156050 889145 257832 113450 257832 891878
166472 91908 166472 889145 257832 113450 257832 891878
171959 91908 171959 889145 257832 113450 257832 891878
172966 91908 172966 889145 257832 113450 257832 891878
176911 91908 176911 889145 257832 113450 257832 891878
183433 91908 183433 889145 257832 113450 257832 891878
183798 91908 183798 889145 257832 113450 257832 891878
185843 91908 185843 889145 257832 113450 257832 891878
188634 91908 188634 889145 257832 113450 257832 891878
189551 91908 189551 889145 257832 113450 257832 891878
203009 91908 203009 889145 257832 113450 257832 891878
204956 91908 204956 889145 257832 113450 257832 891878
213646 91908 213646 889145 257832 113450 257832 891878
215040 91908 215040 889145 257832 113450 257832 891878
217956 91908 217956 889145 257832 113450 257832 891878
223116 91908 223116 889145 257832 113450 257832 891878
242113 91908 242113 889145 257832 113450 257832 891878
244188 91908 244188 889145 257832 113450 257832 891878
245814 91908 245814 889145 257832 113450 257832 891878
251303 91908 251303 889145 257832 113450 257832 891878
253449 91908 253449 889145 257832 113450 257832 891878
261808 91908 261808 889145 257832 113450 257832 891878
261808 91908 261808 889145 277961 113450 277961 891878
261808 91908 261808 889145 280460 113450 280460 891878
291404 91908 291404 889145 280460 113450 280460 891878
307406 91908 307406 889145 280460 113450 280460 891878
307406 91908 307406 889145 314172 113450 314172 891878
307406 91908 307406 889145 317263 113450 317263 891878
307406 91908 307406 889145 342144 113450 342144 891878
307406 91908 307406 889145 346159 113450 346159 891878
307406 91908 307406 889145 346755 113450 346755 891878
307406 91908 307406 889145 347665 113450 347665 891878
307406 91908 307406 889145 350811 113450 350811 891878
351520 91908 351520 889145 350811 113450 350811 891878
352290 91908 352290 889145 350811 113450 350811 891878
352290 91908 352290 889145 354639 113450 354639 891878
352290 91908 352290 889145 358906 113450 358906 891878
360110 91908 360110 889145 358906 113450 358906 891878
360110 91908 360110 889145 364840 113450 364840 891878
368794 91908 368794 889145 364840 113450 364840 891878
374957 91908 374957 889145 364840 113450 364840 891878
385412 91908 385412 889145 364840 113450 364840 891878
385412 91908 385412 889145 387654 113450 387654 891878
385412 91908 385412 889145 387986 113450 387986 891878
389196 91908 389196 889145 387986 113450 387986 891878
391262 91908 391262 889145 387986 113450 387986 891878
393164 91908 393164 889145 387986 113450 387986 891878
393164 91908 393164 889145 400389 113450 400389 891878
403045 91908 403045 889145 400389 113450 400389 891878
403045 91908 403045 889145 403358 113450 403358 891878
404150 91908 404150 889145 403358 113450 403358 891878
404150 91908 404150 889145 405758 113450 405758 891878
404150 91908 404150 889145 416185 113450 416185 891878
404150 91908 404150 889145 429992 113450 429992 891878
430172 91908 430172 889145 429992 113450 429992 891878
430172 91908 430172 889145 430843 113450 430843 891878
430172 91908 430172 889145 440277 113450 440277 891878
430172 91908 430172 889145 440535 113450 440535 891878
443838 91908 443838 889145 440535 113450 440535 891878
444404 91908 444404 889145 440535 113450 440535 891878
444404 91908 444404 889145 445851 113450 445851 891878
446848 91908 446848 889145 445851 113450 445851 891878
447480 91908 447480 889145 445851 113450 445851 891878
447480 91908 447480 889145 451689 113450 451689 891878
452992 91908 452992 889145 451689 113450 451689 891878
454971 91908 454971 889145 451689 113450 451689 891878
460778 91908 460778 889145 451689 113450 451689 891878
460778 91908 460778 889145 464333 113450 464333 891878
460778 91908 460778 889145 470705 113450 470705 891878
471941 91908 471941 889145 470705 113450 470705 891878
472344 91908 472344 889145 470705 113450 470705 891878
475139 91908 475139 889145 470705 113450 470705 891878
475182 91908 475182 889145 470705 113450 470705 891878
475182 91908 475182 889145 475900 113450 475900 891878
481684 91908 481684 889145 475900 113450 475900 891878
481684 91908 481684 889145 484190 113450 484190 891878
481684 91908 481684 889145 484444 113450 484444 891878
485031 91908 485031 889145 484444 113450 484444 891878
492924 91908 492924 889145 484444 113450 484444 891878
494104 91908 494104 889145 484444 113450 484444 891878
494104 91908 494104 889145 494940 113450 494940 891878
494104 91908 494104 889145 495238 113450 495238 891878
494104 91908 494104 889145 499264 113450 499264 891878
502499 91908 502499 889145 499264 113450 499264 891878
502499 91908 502499 889145 508005 113450 508005 891878
502499 91908 502499 889145 511600 113450 511600 891878
515301 91908 515301 889145 511600 113450 511600 891878
516435 91908 516435 889145 511600 113450 511600 891878
518999 91908 518999 889145 511600 113450 511600 891878
522435 91908 522435 889145 511600 113450 511600 891878
522591 91908 522591 889145 511600 113450 511600 891878
522591 91908 522591 889145 523241 113450 523241 891878
522591 91908 522591 889145 524937 113450 524937 891878
526089 91908 526089 889145 524937 113450 524937 891878
526887 91908 526887 889145 524937 113450 524937 891878
526887 91908 526887 889145 527854 113450 527854 891878
527927 91908 527927 889145 527854 113450 527854 891878
527927 91908 527927 889145 528772 113450 528772 891878
532783 91908 532783 889145 528772 113450 528772 891878
532783 91908 532783 889145 533110 113450 533110 891878
532783 91908 532783 889145 536373 113450 536373 891878
532783 91908 532783 889145 537565 113450 537565 891878
544860 91908 544860 889145 537565 113450 537565 891878
550482 91908 550482 889145 537565 113450 537565 891878
550482 91908 550482 889145 552243 113450 552243 891878
552916 91908 552916 889145 552243 113450 552243 891878
552916 91908 552916 889145 555905 113450 555905 891878
552916 91908 552916 889145 558321 113450 558321 891878
552916 91908 552916 889145 561198 113450 561198 891878
564715 91908 564715 889145 561198 113450 561198 891878
567963 91908 567963 889145 561198 113450 561198 891878
569340 91908 569340 889145 561198 113450 561198 891878
573081 91908 573081 889145 561198 113450 561198 891878
575127 91908 575127 889145 561198 113450 561198 891878
575677 91908 575677 889145 561198 113450 561198 891878
575677 91908 575677 889145 593132 113450 593132 891878
594331 91908 594331 889145 593132 113450 593132 891878
596261 91908 596261 889145 593132 113450 593132 891878
607030 91908 607030 889145 593132 113450 593132 891878
609686 91908 609686 889145 593132 113450 593132 891878
615947 91908 615947 889145 593132 113450 593132 891878
616579 91908 616579 889145 593132 113450 593132 891878
625021 91908 625021 889145 593132 113450 593132 891878
627206 91908 627206 889145 593132 113450 593132 891878
629222 91908 629222 889145 593132 113450 593132 891878
629813 91908 629813 889145 593132 113450 593132 891878
634112 91908 634112 889145 593132 113450 593132 891878
642964 91908 642964 889145 593132 113450 593132 891878
645492 91908 645492 889145 593132 113450 593132 891878
649599 91908 649599 889145 593132 113450 593132 891878
650219 91908 650219 889145 593132 113450 593132 891878
650219 91908 650219 889145 650431 113450 650431 891878
653057 91908 653057 889145 650431 113450 650431 891878
654121 91908 654121 889145 650431 113450 650431 891878
654121 91908 654121 889145 658474 113450 658474 891878
654121 91908 654121 889145 660794 113450 660794 891878
669985 91908 669985 889145 660794 113450 660794 891878
669985 91908 669985 889145 674438 113450 674438 891878
669985 91908 669985 889145 679017 113450 679017 891878
669985 91908 669985 889145 687762 113450 687762 891878
697130 91908 697130 889145 687762 113450 687762 891878
699438 91908 699438 889145 687762 113450 687762 891878
704434 91908 704434 889145 687762 113450 687762 891878
704434 91908 704434 889145 704894 113450 704894 891878
704434 91908 704434 889145 705210 113450 705210 891878
706061 91908 706061 889145 705210 113450 705210 891878
706061 91908 706061 889145 710662 113450 710662 891878
706061 91908 706061 889145 718076 113450 718076 891878
721063 91908 721063 889145 718076 113450 718076 891878
721491 91908 721491 889145 718076 113450 718076 891878
721491 91908 721491 889145 722781 113450 722781 891878
721491 91908 721491 889145 733218 113450 733218 891878
721491 91908 721491 889145 742534 113450 742534 891878
721491 91908 721491 889145 747241 113450 747241 891878
721491 91908 721491 889145 747243 113450 747243 891878
721491 91908 721491 889145 748468 113450 748468 891878
721491 91908 721491 889145 751139 113450 751139 891878
721491 91908 721491 889145 751737 113450 751737 891878
721491 91908 721491 889145 756004 113450 756004 891878
721491 91908 721491 889145 758989 113450 758989 891878
721491 91908 721491 889145 767526 113450 767526 891878
721491 91908 721491 889145 768422 113450 768422 891878
721491 91908 721491 889145 769047 113450 769047 891878
721491 91908 721491 889145 769857 113450 769857 891878
721491 91908 721491 889145 773229 113450 773229 891878
721491 91908 721491 889145 777336 113450 777336 891878
721491 91908 721491 889145 777690 113450 777690 891878
721491 91908 721491 889145 782071 113450 782071 891878
721491 91908 721491 889145 788300 113450 788300 891878
721491 91908 721491 889145 792027 113450 792027 891878
721491 91908 721491 889145 792301 113450 792301 891878
721491 91908 721491 889145 796876 113450 796876 891878
721491 91908 721491 889145 798935 113450 798935 891878
721491 91908 721491 889145 801034 113450 801034 891878
721491 91908 721491 889145 803392 113450 803392 891878
721491 91908 721491 889145 807024 113450 807024 891878
721491 91908 721491 889145 812781 113450 812781 891878
721491 91908 721491 889145 813765 113450 813765 891878
721491 91908 721491 889145 820809 113450 820809 891878
721491 91908 721491 889145 822966 113450 822966 891878
721491 91908 721491 889145 832728 113450 832728 891878
721491 91908 721491 889145 832764 113450 832764 891878
721491 91908 721491 889145 832765 113450 832765 891878
721491 91908 721491 889145 832973 113450 832973 891878
721491 91908 721491 889145 835812 113450 835812 891878
721491 91908 721491 889145 836029 113450 836029 891878
721491 91908 721491 889145 858076 113450 858076 891878
721491 91908 721491 889145 863402 113450 863402 891878
721491 91908 721491 889145 866836 113450 866836 891878
721491 91908 721491 889145 886273 113450 886273 891878
721491 91908 721491 889145 892402 113450 892402 891878
721491 91908 721491 889145 906805 113450 906805 891878
721491 91908 721491 889145 947291 113450 947291 891878
