152414 238057 152414 809855 142140 189761 142140 713283
152414 238057 152414 809855 142140 189761 142140 713283
152414 238057 152414 809855 146522 189761 146522 713283
152414 238057 152414 809855 171669 189761 171669 713283
152414 238057 152414 809855 183567 189761 183567 713283
152414 238057 152414 809855 189372 189761 189372 713283
152414 238057 152414 809855 194369 189761 194369 713283
152414 238057 152414 809855 197493 189761 197493 713283
200752 238057 200752 809855 197493 189761 197493 713283
203232 238057 203232 809855 197493 189761 197493 713283
203232 238057 203232 809855 209414 189761 209414 713283
203232 238057 203232 809855 211228 189761 211228 713283
203232 238057 203232 809855 216595 189761 216595 713283
203232 238057 203232 809855 222031 189761 222031 713283
225695 238057 225695 809855 222031 189761 222031 713283
226536 238057 226536 809855 222031 189761 222031 713283
231910 238057 231910 809855 222031 189761 222031 713283
237578 238057 237578 809855 222031 189761 222031 713283
237578 238057 237578 809855 243809 189761 243809 713283
247609 238057 247609 809855 243809 189761 243809 713283
247609 238057 247609 809855 251665 189761 251665 713283
252937 238057 252937 809855 251665 189761 251665 713283
252937 238057 252937 809855 259493 189761 259493 713283
261892 238057 261892 809855 259493 189761 259493 713283
261892 238057 261892 809855 262011 189761 262011 713283
270357 238057 270357 809855 262011 189761 262011 713283
270357 238057 270357 809855 271785 189761 271785 713283
270357 238057 270357 809855 273217 189761 273217 713283
270357 238057 270357 809855 276712 189761 276712 713283
277165 238057 277165 809855 276712 189761 276712 713283
278503 238057 278503 809855 276712 189761 276712 713283
280107 238057 280107 809855 276712 189761 276712 713283
280107 238057 280107 809855 280899 189761 280899 713283
284078 238057 284078 809855 280899 189761 280899 713283
284078 238057 284078 809855 295495 189761 295495 713283
299626 238057 299626 809855 295495 189761 295495 713283
299671 238057 299671 809855 295495 189761 295495 713283
300854 238057 300854 809855 295495 189761 295495 713283
301155 238057 301155 809855 295495 189761 295495 713283
302980 238057 302980 809855 295495 189761 295495 713283
302980 238057 302980 809855 303341 189761 303341 713283
302980 238057 302980 809855 303472 189761 303472 713283
305759 238057 305759 809855 303472 189761 303472 713283
305759 238057 305759 809855 306111 189761 306111 713283
315315 238057 315315 809855 306111 189761 306111 713283
318020 238057 318020 809855 306111 189761 306111 713283
318674 238057 318674 809855 306111 189761 306111 713283
324097 238057 324097 809855 306111 189761 306111 713283
324097 238057 324097 809855 327335 189761 327335 713283
331418 238057 331418 809855 327335 189761 327335 713283
333449 238057 333449 809855 327335 189761 327335 713283
333449 238057 333449 809855 333459 189761 333459 713283
333449 238057 333449 809855 339534 189761 339534 713283
333449 238057 333449 809855 340511 189761 340511 713283
333449 238057 333449 809855 344915 189761 344915 713283
346535 238057 346535 809855 344915 189761 344915 713283
347380 238057 347380 809855 344915 189761 344915 713283
350684 238057 350684 809855 344915 189761 344915 713283
355031 238057 355031 809855 344915 189761 344915 713283
355031 238057 355031 809855 355081 189761 355081 713283
359089 238057 359089 809855 355081 189761 355081 713283
359954 238057 359954 809855 355081 189761 355081 713283
365306 238057 365306 809855 355081 189761 355081 713283
371079 238057 371079 809855 355081 189761 355081 713283
372979 238057 372979 809855 355081 189761 355081 713283
373382 238057 373382 809855 355081 189761 355081 713283
374431 238057 374431 809855 355081 189761 355081 713283
374728 238057 374728 809855 355081 189761 355081 713283
375894 238057 375894 809855 355081 189761 355081 713283
375894 238057 375894 809855 376086 189761 376086 713283
377818 238057 377818 809855 376086 189761 376086 713283
377818 238057 377818 809855 380184 189761 380184 713283
381679 238057 381679 809855 380184 189761 380184 713283
381679 238057 381679 809855 382701 189761 382701 713283
383593 238057 383593 809855 382701 189761 382701 713283
384609 238057 384609 809855 382701 189761 382701 713283
390598 238057 390598 809855 382701 189761 382701 713283
390876 238057 390876 809855 382701 189761 382701 713283
390876 238057 390876 809855 393987 189761 393987 713283
398492 238057 398492 809855 393987 189761 393987 713283
398492 238057 398492 809855 402222 189761 402222 713283
402309 238057 402309 809855 402222 189761 402222 713283
402309 238057 402309 809855 402776 189761 402776 713283
404324 238057 404324 809855 402776 189761 402776 713283
404324 238057 404324 809855 407470 189761 407470 713283
409179 238057 409179 809855 407470 189761 407470 713283
409179 238057 409179 809855 416470 189761 416470 713283
417635 238057 417635 809855 416470 189761 416470 713283
417635 238057 417635 809855 418280 189761 418280 713283
417635 238057 417635 809855 421753 189761 421753 713283
417635 238057 417635 809855 422173 189761 422173 713283
417635 238057 417635 809855 423020 189761 423020 713283
417635 238057 417635 809855 423674 189761 423674 713283
417635 238057 417635 809855 424732 189761 424732 713283
417635 238057 417635 809855 424800 189761 424800 713283
425145 238057 425145 809855 424800 189761 424800 713283
425356 238057 425356 809855 424800 189761 424800 713283
425356 238057 425356 809855 428532 189761 428532 713283
425356 238057 425356 809855 430670 189761 430670 713283
425356 238057 425356 809855 435449 189761 435449 713283
425356 238057 425356 809855 436011 189761 436011 713283
425356 238057 425356 809855 442452 189761 442452 713283
425356 238057 425356 809855 442782 189761 442782 713283
425356 238057 425356 809855 443104 189761 443104 713283
425356 238057 425356 809855 456465 189761 456465 713283
425356 238057 425356 809855 458402 189761 458402 713283
425356 238057 425356 809855 460927 189761 460927 713283
425356 238057 425356 809855 462022 189761 462022 713283
425356 238057 425356 809855 467416 189761 467416 713283
425356 238057 425356 809855 473067 189761 473067 713283
425356 238057 425356 809855 479506 189761 479506 713283
425356 238057 425356 809855 479903 189761 479903 713283
425356 238057 425356 809855 480871 189761 480871 713283
425356 238057 425356 809855 491496 189761 491496 713283
425356 238057 425356 809855 499384 189761 499384 713283
425356 238057 425356 809855 511291 189761 511291 713283
515009 238057 515009 809855 511291 189761 511291 713283
515009 238057 515009 809855 517883 189761 517883 713283
515009 238057 515009 809855 528692 189761 528692 713283
515009 238057 515009 809855 548405 189761 548405 713283
515009 238057 515009 809855 559817 189761 559817 713283
561080 238057 561080 809855 559817 189761 559817 713283
563194 238057 563194 809855 559817 189761 559817 713283
563194 238057 563194 809855 572819 189761 572819 713283
563194 238057 563194 809855 578339 189761 578339 713283
563194 238057 563194 809855 579582 189761 579582 713283
580384 238057 580384 809855 579582 189761 579582 713283
580384 238057 580384 809855 599572 189761 599572 713283
580384 238057 580384 809855 601588 189761 601588 713283
601936 238057 601936 809855 601588 189761 601588 713283
601936 238057 601936 809855 606171 189761 606171 713283
606954 238057 606954 809855 606171 189761 606171 713283
606954 238057 606954 809855 610838 189761 610838 713283
611985 238057 611985 809855 610838 189761 610838 713283
617453 238057 617453 809855 610838 189761 610838 713283
625463 238057 625463 809855 610838 189761 610838 713283
625492 238057 625492 809855 610838 189761 610838 713283
625492 238057 625492 809855 626103 189761 626103 713283
625492 238057 625492 809855 631114 189761 631114 713283
636998 238057 636998 809855 631114 189761 631114 713283
639933 238057 639933 809855 631114 189761 631114 713283
639933 238057 639933 809855 645490 189761 645490 713283
653837 238057 653837 809855 645490 189761 645490 713283
653981 238057 653981 809855 645490 189761 645490 713283
653981 238057 653981 809855 657971 189761 657971 713283
653981 238057 653981 809855 659696 189761 659696 713283
663518 238057 663518 809855 659696 189761 659696 713283
664531 238057 664531 809855 659696 189761 659696 713283
672253 238057 672253 809855 659696 189761 659696 713283
672253 238057 672253 809855 673800 189761 673800 713283
672253 238057 672253 809855 674113 189761 674113 713283
672253 238057 672253 809855 674814 189761 674814 713283
672253 238057 672253 809855 683641 189761 683641 713283
672253 238057 672253 809855 685818 189761 685818 713283
672253 238057 672253 809855 686176 189761 686176 713283
688660 238057 688660 809855 686176 189761 686176 713283
688660 238057 688660 809855 689347 189761 689347 713283
690511 238057 690511 809855 689347 189761 689347 713283
694683 238057 694683 809855 689347 189761 689347 713283
694683 238057 694683 809855 699678 189761 699678 713283
701156 238057 701156 809855 699678 189761 699678 713283
701156 238057 701156 809855 705214 189761 705214 713283
705680 238057 705680 809855 705214 189761 705214 713283
705680 238057 705680 809855 707391 189761 707391 713283
725684 238057 725684 809855 707391 189761 707391 713283
728148 238057 728148 809855 707391 189761 707391 713283
728148 238057 728148 809855 734976 189761 734976 713283
735743 238057 735743 809855 734976 189761 734976 713283
735743 238057 735743 809855 743553 189761 743553 713283
735743 238057 735743 809855 746608 189761 746608 713283
735743 238057 735743 809855 746677 189761 746677 713283
735743 238057 735743 809855 763057 189761 763057 713283
764023 238057 764023 809855 763057 189761 763057 713283
764023 238057 764023 809855 766679 189761 766679 713283
772751 238057 772751 809855 766679 189761 766679 713283
775185 238057 775185 809855 766679 189761 766679 713283
782265 238057 782265 809855 766679 189761 766679 713283
786617 238057 786617 809855 766679 189761 766679 713283
786617 238057 786617 809855 788012 189761 788012 713283
791134 238057 791134 809855 788012 189761 788012 713283
799927 238057 799927 809855 788012 189761 788012 713283
800671 238057 800671 809855 788012 189761 788012 713283
800671 238057 800671 809855 801205 189761 801205 713283
801683 238057 801683 809855 801205 189761 801205 713283
805632 238057 805632 809855 801205 189761 801205 713283
805632 238057 805632 809855 806270 189761 806270 713283
819750 238057 819750 809855 806270 189761 806270 713283
825040 238057 825040 809855 806270 189761 806270 713283
827043 238057 827043 809855 806270 189761 806270 713283
827043 238057 827043 809855 830157 189761 830157 713283
830168 238057 830168 809855 830157 189761 830157 713283
833200 238057 833200 809855 830157 189761 830157 713283
833200 238057 833200 809855 834718 189761 834718 713283
838688 238057 838688 809855 834718 189761 834718 713283
844690 238057 844690 809855 834718 189761 834718 713283
850253 238057 850253 809855 834718 189761 834718 713283
865042 238057 865042 809855 834718 189761 834718 713283
871432 238057 871432 809855 834718 189761 834718 713283
910576 238057 910576 809855 834718 189761 834718 713283
940178 238057 940178 809855 834718 189761 834718 713283
