306323 184649 306323 902454 178780 324668 178780 858411
306323 184649 306323 902454 178780 324668 178780 858411
306323 184649 306323 902454 201253 324668 201253 858411
306323 184649 306323 902454 211508 324668 211508 858411
306323 184649 306323 902454 223446 324668 223446 858411
306323 184649 306323 902454 254617 324668 254617 858411
306323 184649 306323 902454 262673 324668 262673 858411
306323 184649 306323 902454 289933 324668 289933 858411
306323 184649 306323 902454 298052 324668 298052 858411
310838 184649 310838 902454 298052 324668 298052 858411
326244 184649 326244 902454 298052 324668 298052 858411
330743 184649 330743 902454 298052 324668 298052 858411
330743 184649 330743 902454 333338 324668 333338 858411
339096 184649 339096 902454 333338 324668 333338 858411
339096 184649 339096 902454 345354 324668 345354 858411
354756 184649 354756 902454 345354 324668 345354 858411
369318 184649 369318 902454 345354 324668 345354 858411
369318 184649 369318 902454 370854 324668 370854 858411
371232 184649 371232 902454 370854 324668 370854 858411
371777 184649 371777 902454 370854 324668 370854 858411
378796 184649 378796 902454 370854 324668 370854 858411
378796 184649 378796 902454 382732 324668 382732 858411
383873 184649 383873 902454 382732 324668 382732 858411
383873 184649 383873 902454 385709 324668 385709 858411
383873 184649 383873 902454 386429 324668 386429 858411
383873 184649 383873 902454 389944 324668 389944 858411
390710 184649 390710 902454 389944 324668 389944 858411
395114 184649 395114 902454 389944 324668 389944 858411
395378 184649 395378 902454 389944 324668 389944 858411
395378 184649 395378 902454 398253 324668 398253 858411
395378 184649 395378 902454 409016 324668 409016 858411
415696 184649 415696 902454 409016 324668 409016 858411
424586 184649 424586 902454 409016 324668 409016 858411
425466 184649 425466 902454 409016 324668 409016 858411
426901 184649 426901 902454 409016 324668 409016 858411
432239 184649 432239 902454 409016 324668 409016 858411
432239 184649 432239 902454 434471 324668 434471 858411
444382 184649 444382 902454 434471 324668 434471 858411
444844 184649 444844 902454 434471 324668 434471 858411
444844 184649 444844 902454 446863 324668 446863 858411
449231 184649 449231 902454 446863 324668 446863 858411
449334 184649 449334 902454 446863 324668 446863 858411
450627 184649 450627 902454 446863 324668 446863 858411
451393 184649 451393 902454 446863 324668 446863 858411
452613 184649 452613 902454 446863 324668 446863 858411
452613 184649 452613 902454 454973 324668 454973 858411
456328 184649 456328 902454 454973 324668 454973 858411
458842 184649 458842 902454 454973 324668 454973 858411
461445 184649 461445 902454 454973 324668 454973 858411
463436 184649 463436 902454 454973 324668 454973 858411
466886 184649 466886 902454 454973 324668 454973 858411
473390 184649 473390 902454 454973 324668 454973 858411
475276 184649 475276 902454 454973 324668 454973 858411
479801 184649 479801 902454 454973 324668 454973 858411
479801 184649 479801 902454 479970 324668 479970 858411
479801 184649 479801 902454 481939 324668 481939 858411
482393 184649 482393 902454 481939 324668 481939 858411
483254 184649 483254 902454 481939 324668 481939 858411
486703 184649 486703 902454 481939 324668 481939 858411
488312 184649 488312 902454 481939 324668 481939 858411
488312 184649 488312 902454 489168 324668 489168 858411
488312 184649 488312 902454 489415 324668 489415 858411
489811 184649 489811 902454 489415 324668 489415 858411
492763 184649 492763 902454 489415 324668 489415 858411
493152 184649 493152 902454 489415 324668 489415 858411
494134 184649 494134 902454 489415 324668 489415 858411
494134 184649 494134 902454 497111 324668 497111 858411
498052 184649 498052 902454 497111 324668 497111 858411
498171 184649 498171 902454 497111 324668 497111 858411
498171 184649 498171 902454 499089 324668 499089 858411
498171 184649 498171 902454 503771 324668 503771 858411
504140 184649 504140 902454 503771 324668 503771 858411
507471 184649 507471 902454 503771 324668 503771 858411
507471 184649 507471 902454 508199 324668 508199 858411
509337 184649 509337 902454 508199 324668 508199 858411
522626 184649 522626 902454 508199 324668 508199 858411
523530 184649 523530 902454 508199 324668 508199 858411
523530 184649 523530 902454 526319 324668 526319 858411
527355 184649 527355 902454 526319 324668 526319 858411
527942 184649 527942 902454 526319 324668 526319 858411
527942 184649 527942 902454 528814 324668 528814 858411
533268 184649 533268 902454 528814 324668 528814 858411
538450 184649 538450 902454 528814 324668 528814 858411
541838 184649 541838 902454 528814 324668 528814 858411
541954 184649 541954 902454 528814 324668 528814 858411
547299 184649 547299 902454 528814 324668 528814 858411
547299 184649 547299 902454 553556 324668 553556 858411
547299 184649 547299 902454 557016 324668 557016 858411
547299 184649 547299 902454 558397 324668 558397 858411
547299 184649 547299 902454 558815 324668 558815 858411
560971 184649 560971 902454 558815 324668 558815 858411
561297 184649 561297 902454 558815 324668 558815 858411
561297 184649 561297 902454 562187 324668 562187 858411
561297 184649 561297 902454 562587 324668 562587 858411
564440 184649 564440 902454 562587 324668 562587 858411
564440 184649 564440 902454 565897 324668 565897 858411
564440 184649 564440 902454 566563 324668 566563 858411
564440 184649 564440 902454 567236 324668 567236 858411
569016 184649 569016 902454 567236 324668 567236 858411
573768 184649 573768 902454 567236 324668 567236 858411
573768 184649 573768 902454 575016 324668 575016 858411
573768 184649 573768 902454 576994 324668 576994 858411
573768 184649 573768 902454 577140 324668 577140 858411
573768 184649 573768 902454 580397 324668 580397 858411
583477 184649 583477 902454 580397 324668 580397 858411
583477 184649 583477 902454 585642 324668 585642 858411
586456 184649 586456 902454 585642 324668 585642 858411
588291 184649 588291 902454 585642 324668 585642 858411
588983 184649 588983 902454 585642 324668 585642 858411
588983 184649 588983 902454 595071 324668 595071 858411
588983 184649 588983 902454 598752 324668 598752 858411
598940 184649 598940 902454 598752 324668 598752 858411
598940 184649 598940 902454 600531 324668 600531 858411
598940 184649 598940 902454 603475 324668 603475 858411
598940 184649 598940 902454 607500 324668 607500 858411
598940 184649 598940 902454 609565 324668 609565 858411
598940 184649 598940 902454 609930 324668 609930 858411
598940 184649 598940 902454 609942 324668 609942 858411
598940 184649 598940 902454 611533 324668 611533 858411
598940 184649 598940 902454 618100 324668 618100 858411
618238 184649 618238 902454 618100 324668 618100 858411
618238 184649 618238 902454 623154 324668 623154 858411
618238 184649 618238 902454 625505 324668 625505 858411
618238 184649 618238 902454 626633 324668 626633 858411
618238 184649 618238 902454 634389 324668 634389 858411
618238 184649 618238 902454 638178 324668 638178 858411
618238 184649 618238 902454 641360 324668 641360 858411
618238 184649 618238 902454 643098 324668 643098 858411
618238 184649 618238 902454 645215 324668 645215 858411
648860 184649 648860 902454 645215 324668 645215 858411
652835 184649 652835 902454 645215 324668 645215 858411
652835 184649 652835 902454 654026 324668 654026 858411
656859 184649 656859 902454 654026 324668 654026 858411
656859 184649 656859 902454 658196 324668 658196 858411
658649 184649 658649 902454 658196 324668 658196 858411
658649 184649 658649 902454 660711 324668 660711 858411
658649 184649 658649 902454 662333 324668 662333 858411
658649 184649 658649 902454 664363 324668 664363 858411
658649 184649 658649 902454 668012 324668 668012 858411
669135 184649 669135 902454 668012 324668 668012 858411
674857 184649 674857 902454 668012 324668 668012 858411
676017 184649 676017 902454 668012 324668 668012 858411
676017 184649 676017 902454 677438 324668 677438 858411
676017 184649 676017 902454 678544 324668 678544 858411
680419 184649 680419 902454 678544 324668 678544 858411
683359 184649 683359 902454 678544 324668 678544 858411
683359 184649 683359 902454 685162 324668 685162 858411
683359 184649 683359 902454 688469 324668 688469 858411
683359 184649 683359 902454 688571 324668 688571 858411
683359 184649 683359 902454 694942 324668 694942 858411
695426 184649 695426 902454 694942 324668 694942 858411
700043 184649 700043 902454 694942 324668 694942 858411
701903 184649 701903 902454 694942 324668 694942 858411
701903 184649 701903 902454 702520 324668 702520 858411
703216 184649 703216 902454 702520 324668 702520 858411
703216 184649 703216 902454 704222 324668 704222 858411
703216 184649 703216 902454 710787 324668 710787 858411
703216 184649 703216 902454 710819 324668 710819 858411
703216 184649 703216 902454 716341 324668 716341 858411
703216 184649 703216 902454 717772 324668 717772 858411
703216 184649 703216 902454 718995 324668 718995 858411
703216 184649 703216 902454 720214 324668 720214 858411
725317 184649 725317 902454 720214 324668 720214 858411
725317 184649 725317 902454 737871 324668 737871 858411
725317 184649 725317 902454 739365 324668 739365 858411
740419 184649 740419 902454 739365 324668 739365 858411
740419 184649 740419 902454 745213 324668 745213 858411
740419 184649 740419 902454 745512 324668 745512 858411
740419 184649 740419 902454 747531 324668 747531 858411
740419 184649 740419 902454 747907 324668 747907 858411
748692 184649 748692 902454 747907 324668 747907 858411
748692 184649 748692 902454 749721 324668 749721 858411
748692 184649 748692 902454 754105 324668 754105 858411
754506 184649 754506 902454 754105 324668 754105 858411
755571 184649 755571 902454 754105 324668 754105 858411
756034 184649 756034 902454 754105 324668 754105 858411
758817 184649 758817 902454 754105 324668 754105 858411
758817 184649 758817 902454 760043 324668 760043 858411
758817 184649 758817 902454 767887 324668 767887 858411
772476 184649 772476 902454 767887 324668 767887 858411
772565 184649 772565 902454 767887 324668 767887 858411
772565 184649 772565 902454 779771 324668 779771 858411
772565 184649 772565 902454 779879 324668 779879 858411
782796 184649 782796 902454 779879 324668 779879 858411
783156 184649 783156 902454 779879 324668 779879 858411
784296 184649 784296 902454 779879 324668 779879 858411
784340 184649 784340 902454 779879 324668 779879 858411
788558 184649 788558 902454 779879 324668 779879 858411
790055 184649 790055 902454 779879 324668 779879 858411
790055 184649 790055 902454 791898 324668 791898 858411
790055 184649 790055 902454 795485 324668 795485 858411
796292 184649 796292 902454 795485 324668 795485 858411
796704 184649 796704 902454 795485 324668 795485 858411
805141 184649 805141 902454 795485 324668 795485 858411
805141 184649 805141 902454 806221 324668 806221 858411
805141 184649 805141 902454 812055 324668 812055 858411
812744 184649 812744 902454 812055 324668 812055 858411
812744 184649 812744 902454 814179 324668 814179 858411
877599 184649 877599 902454 814179 324668 814179 858411
877599 184649 877599 902454 917186 324668 917186 858411
