135507 148208 135507 891082 134121 245697 134121 811201
135507 148208 135507 891082 134121 245697 134121 811201
147427 148208 147427 891082 134121 245697 134121 811201
147427 148208 147427 891082 155272 245697 155272 811201
159265 148208 159265 891082 155272 245697 155272 811201
168592 148208 168592 891082 155272 245697 155272 811201
173555 148208 173555 891082 155272 245697 155272 811201
173712 148208 173712 891082 155272 245697 155272 811201
174452 148208 174452 891082 155272 245697 155272 811201
177478 148208 177478 891082 155272 245697 155272 811201
185743 148208 185743 891082 155272 245697 155272 811201
188428 148208 188428 891082 155272 245697 155272 811201
192540 148208 192540 891082 155272 245697 155272 811201
192942 148208 192942 891082 155272 245697 155272 811201
193971 148208 193971 891082 155272 245697 155272 811201
194192 148208 194192 891082 155272 245697 155272 811201
195516 148208 195516 891082 155272 245697 155272 811201
200892 148208 200892 891082 155272 245697 155272 811201
200892 148208 200892 891082 209460 245697 209460 811201
200892 148208 200892 891082 214607 245697 214607 811201
217469 148208 217469 891082 214607 245697 214607 811201
219335 148208 219335 891082 214607 245697 214607 811201
221831 148208 221831 891082 214607 245697 214607 811201
221831 148208 221831 891082 223456 245697 223456 811201
226757 148208 226757 891082 223456 245697 223456 811201
227056 148208 227056 891082 223456 245697 223456 811201
228350 148208 228350 891082 223456 245697 223456 811201
228350 148208 228350 891082 233510 245697 233510 811201
235446 148208 235446 891082 233510 245697 233510 811201
241662 148208 241662 891082 233510 245697 233510 811201
241662 148208 241662 891082 241854 245697 241854 811201
241662 148208 241662 891082 243858 245697 243858 811201
247391 148208 247391 891082 243858 245697 243858 811201
249381 148208 249381 891082 243858 245697 243858 811201
251710 148208 251710 891082 243858 245697 243858 811201
252234 148208 252234 891082 243858 245697 243858 811201
259831 148208 259831 891082 243858 245697 243858 811201
261333 148208 261333 891082 243858 245697 243858 811201
261333 148208 261333 891082 262951 245697 262951 811201
269494 148208 269494 891082 262951 245697 262951 811201
269494 148208 269494 891082 271610 245697 271610 811201
269494 148208 269494 891082 274769 245697 274769 811201
287319 148208 287319 891082 274769 245697 274769 811201
287319 148208 287319 891082 289768 245697 289768 811201
287319 148208 287319 891082 296152 245697 296152 811201
287319 148208 287319 891082 296180 245697 296180 811201
298447 148208 298447 891082 296180 245697 296180 811201
300944 148208 300944 891082 296180 245697 296180 811201
300944 148208 300944 891082 304484 245697 304484 811201
300944 148208 300944 891082 305298 245697 305298 811201
310820 148208 310820 891082 305298 245697 305298 811201
312266 148208 312266 891082 305298 245697 305298 811201
315479 148208 315479 891082 305298 245697 305298 811201
330257 148208 330257 891082 305298 245697 305298 811201
333173 148208 333173 891082 305298 245697 305298 811201
333173 148208 333173 891082 355601 245697 355601 811201
333173 148208 333173 891082 364439 245697 364439 811201
381149 148208 381149 891082 364439 245697 364439 811201
381218 148208 381218 891082 364439 245697 364439 811201
381218 148208 381218 891082 389427 245697 389427 811201
381218 148208 381218 891082 402172 245697 402172 811201
406055 148208 406055 891082 402172 245697 402172 811201
406055 148208 406055 891082 416011 245697 416011 811201
416973 148208 416973 891082 416011 245697 416011 811201
416973 148208 416973 891082 418113 245697 418113 811201
416973 148208 416973 891082 425741 245697 425741 811201
426960 148208 426960 891082 425741 245697 425741 811201
432469 148208 432469 891082 425741 245697 425741 811201
432469 148208 432469 891082 435760 245697 435760 811201
432469 148208 432469 891082 438480 245697 438480 811201
441196 148208 441196 891082 438480 245697 438480 811201
441196 148208 441196 891082 441665 245697 441665 811201
441196 148208 441196 891082 442816 245697 442816 811201
441196 148208 441196 891082 443291 245697 443291 811201
441196 148208 441196 891082 443674 245697 443674 811201
445301 148208 445301 891082 443674 245697 443674 811201
445301 148208 445301 891082 447195 245697 447195 811201
451782 148208 451782 891082 447195 245697 447195 811201
454735 148208 454735 891082 447195 245697 447195 811201
456064 148208 456064 891082 447195 245697 447195 811201
460062 148208 460062 891082 447195 245697 447195 811201
460062 148208 460062 891082 461335 245697 461335 811201
464066 148208 464066 891082 461335 245697 461335 811201
466477 148208 466477 891082 461335 245697 461335 811201
474399 148208 474399 891082 461335 245697 461335 811201
476265 148208 476265 891082 461335 245697 461335 811201
476265 148208 476265 891082 478830 245697 478830 811201
479312 148208 479312 891082 478830 245697 478830 811201
479909 148208 479909 891082 478830 245697 478830 811201
479909 148208 479909 891082 480298 245697 480298 811201
481730 148208 481730 891082 480298 245697 480298 811201
484178 148208 484178 891082 480298 245697 480298 811201
484584 148208 484584 891082 480298 245697 480298 811201
485050 148208 485050 891082 480298 245697 480298 811201
485815 148208 485815 891082 480298 245697 480298 811201
485815 148208 485815 891082 487062 245697 487062 811201
485815 148208 485815 891082 487790 245697 487790 811201
488727 148208 488727 891082 487790 245697 487790 811201
488727 148208 488727 891082 490290 245697 490290 811201
488727 148208 488727 891082 492412 245697 492412 811201
488727 148208 488727 891082 492435 245697 492435 811201
488727 148208 488727 891082 492928 245697 492928 811201
488727 148208 488727 891082 493548 245697 493548 811201
488727 148208 488727 891082 494265 245697 494265 811201
494952 148208 494952 891082 494265 245697 494265 811201
494952 148208 494952 891082 495139 245697 495139 811201
494952 148208 494952 891082 498751 245697 498751 811201
499317 148208 499317 891082 498751 245697 498751 811201
500810 148208 500810 891082 498751 245697 498751 811201
502945 148208 502945 891082 498751 245697 498751 811201
502945 148208 502945 891082 503141 245697 503141 811201
505412 148208 505412 891082 503141 245697 503141 811201
505412 148208 505412 891082 507295 245697 507295 811201
507925 148208 507925 891082 507295 245697 507295 811201
507925 148208 507925 891082 509559 245697 509559 811201
507925 148208 507925 891082 511774 245697 511774 811201
513992 148208 513992 891082 511774 245697 511774 811201
513992 148208 513992 891082 515892 245697 515892 811201
513992 148208 513992 891082 517251 245697 517251 811201
513992 148208 513992 891082 518927 245697 518927 811201
513992 148208 513992 891082 522845 245697 522845 811201
523091 148208 523091 891082 522845 245697 522845 811201
524511 148208 524511 891082 522845 245697 522845 811201
524511 148208 524511 891082 524998 245697 524998 811201
524511 148208 524511 891082 525034 245697 525034 811201
526243 148208 526243 891082 525034 245697 525034 811201
526243 148208 526243 891082 530402 245697 530402 811201
530776 148208 530776 891082 530402 245697 530402 811201
530776 148208 530776 891082 533006 245697 533006 811201
533240 148208 533240 891082 533006 245697 533006 811201
533919 148208 533919 891082 533006 245697 533006 811201
534294 148208 534294 891082 533006 245697 533006 811201
534294 148208 534294 891082 534925 245697 534925 811201
534294 148208 534294 891082 537885 245697 537885 811201
540061 148208 540061 891082 537885 245697 537885 811201
540307 148208 540307 891082 537885 245697 537885 811201
540307 148208 540307 891082 541196 245697 541196 811201
541338 148208 541338 891082 541196 245697 541196 811201
541338 148208 541338 891082 542644 245697 542644 811201
541338 148208 541338 891082 543758 245697 543758 811201
550683 148208 550683 891082 543758 245697 543758 811201
551773 148208 551773 891082 543758 245697 543758 811201
551773 148208 551773 891082 553060 245697 553060 811201
554922 148208 554922 891082 553060 245697 553060 811201
556837 148208 556837 891082 553060 245697 553060 811201
557456 148208 557456 891082 553060 245697 553060 811201
559195 148208 559195 891082 553060 245697 553060 811201
559195 148208 559195 891082 560369 245697 560369 811201
559195 148208 559195 891082 561505 245697 561505 811201
563124 148208 563124 891082 561505 245697 561505 811201
565563 148208 565563 891082 561505 245697 561505 811201
565563 148208 565563 891082 565853 245697 565853 811201
574271 148208 574271 891082 565853 245697 565853 811201
579691 148208 579691 891082 565853 245697 565853 811201
599622 148208 599622 891082 565853 245697 565853 811201
601844 148208 601844 891082 565853 245697 565853 811201
601844 148208 601844 891082 602182 245697 602182 811201
605460 148208 605460 891082 602182 245697 602182 811201
616719 148208 616719 891082 602182 245697 602182 811201
616719 148208 616719 891082 623285 245697 623285 811201
626575 148208 626575 891082 623285 245697 623285 811201
626575 148208 626575 891082 633086 245697 633086 811201
626575 148208 626575 891082 643741 245697 643741 811201
647574 148208 647574 891082 643741 245697 643741 811201
660325 148208 660325 891082 643741 245697 643741 811201
660325 148208 660325 891082 663856 245697 663856 811201
660325 148208 660325 891082 670388 245697 670388 811201
660325 148208 660325 891082 671990 245697 671990 811201
660325 148208 660325 891082 678557 245697 678557 811201
660325 148208 660325 891082 683920 245697 683920 811201
660325 148208 660325 891082 684424 245697 684424 811201
660325 148208 660325 891082 688753 245697 688753 811201
660325 148208 660325 891082 690974 245697 690974 811201
694803 148208 694803 891082 690974 245697 690974 811201
694803 148208 694803 891082 696191 245697 696191 811201
694803 148208 694803 891082 699276 245697 699276 811201
694803 148208 694803 891082 700370 245697 700370 811201
694803 148208 694803 891082 701207 245697 701207 811201
706691 148208 706691 891082 701207 245697 701207 811201
706691 148208 706691 891082 707623 245697 707623 811201
706691 148208 706691 891082 720581 245697 720581 811201
706691 148208 706691 891082 725831 245697 725831 811201
706691 148208 706691 891082 730387 245697 730387 811201
706691 148208 706691 891082 735571 245697 735571 811201
706691 148208 706691 891082 736584 245697 736584 811201
706691 148208 706691 891082 738886 245697 738886 811201
706691 148208 706691 891082 761010 245697 761010 811201
706691 148208 706691 891082 762791 245697 762791 811201
706691 148208 706691 891082 766947 245697 766947 811201
706691 148208 706691 891082 771258 245697 771258 811201
706691 148208 706691 891082 772981 245697 772981 811201
706691 148208 706691 891082 779129 245697 779129 811201
706691 148208 706691 891082 783262 245697 783262 811201
706691 148208 706691 891082 785913 245697 785913 811201
706691 148208 706691 891082 800492 245697 800492 811201
706691 148208 706691 891082 811200 245697 811200 811201
706691 148208 706691 891082 813935 245697 813935 811201
706691 148208 706691 891082 823547 245697 823547 811201
835101 148208 835101 891082 823547 245697 823547 811201
835101 148208 835101 891082 847093 245697 847093 811201
