143144 100672 143144 927205 112284 105422 112284 858657
143144 100672 143144 927205 112284 105422 112284 858657
143144 100672 143144 927205 136393 105422 136393 858657
143144 100672 143144 927205 150137 105422 150137 858657
154342 100672 154342 927205 150137 105422 150137 858657
154342 100672 154342 927205 160826 105422 160826 858657
154342 100672 154342 927205 164075 105422 164075 858657
154342 100672 154342 927205 171816 105422 171816 858657
172090 100672 172090 927205 171816 105422 171816 858657
172090 100672 172090 927205 191283 105422 191283 858657
196280 100672 196280 927205 191283 105422 191283 858657
201336 100672 201336 927205 191283 105422 191283 858657
201336 100672 201336 927205 207437 105422 207437 858657
201336 100672 201336 927205 209033 105422 209033 858657
201336 100672 201336 927205 209731 105422 209731 858657
201336 100672 201336 927205 210993 105422 210993 858657
228533 100672 228533 927205 210993 105422 210993 858657
228533 100672 228533 927205 230030 105422 230030 858657
228533 100672 228533 927205 234296 105422 234296 858657
228533 100672 228533 927205 238113 105422 238113 858657
228533 100672 228533 927205 238659 105422 238659 858657
238671 100672 238671 927205 238659 105422 238659 858657
238671 100672 238671 927205 239856 105422 239856 858657
238671 100672 238671 927205 241236 105422 241236 858657
238671 100672 238671 927205 247029 105422 247029 858657
238671 100672 238671 927205 254007 105422 254007 858657
254047 100672 254047 927205 254007 105422 254007 858657
254911 100672 254911 927205 254007 105422 254007 858657
254911 100672 254911 927205 255858 105422 255858 858657
254911 100672 254911 927205 257199 105422 257199 858657
254911 100672 254911 927205 258185 105422 258185 858657
260091 100672 260091 927205 258185 105422 258185 858657
260091 100672 260091 927205 262210 105422 262210 858657
265417 100672 265417 927205 262210 105422 262210 858657
270609 100672 270609 927205 262210 105422 262210 858657
270609 100672 270609 927205 275006 105422 275006 858657
270609 100672 270609 927205 275952 105422 275952 858657
278469 100672 278469 927205 275952 105422 275952 858657
278469 100672 278469 927205 280061 105422 280061 858657
278469 100672 278469 927205 283507 105422 283507 858657
283580 100672 283580 927205 283507 105422 283507 858657
283580 100672 283580 927205 286264 105422 286264 858657
283580 100672 283580 927205 287267 105422 287267 858657
300252 100672 300252 927205 287267 105422 287267 858657
301548 100672 301548 927205 287267 105422 287267 858657
307841 100672 307841 927205 287267 105422 287267 858657
308543 100672 308543 927205 287267 105422 287267 858657
308543 100672 308543 927205 311374 105422 311374 858657
308543 100672 308543 927205 314265 105422 314265 858657
308543 100672 308543 927205 316377 105422 316377 858657
308543 100672 308543 927205 317909 105422 317909 858657
320238 100672 320238 927205 317909 105422 317909 858657
320238 100672 320238 927205 323608 105422 323608 858657
320238 100672 320238 927205 324139 105422 324139 858657
326217 100672 326217 927205 324139 105422 324139 858657
326217 100672 326217 927205 336783 105422 336783 858657
338859 100672 338859 927205 336783 105422 336783 858657
340608 100672 340608 927205 336783 105422 336783 858657
344274 100672 344274 927205 336783 105422 336783 858657
344274 100672 344274 927205 344763 105422 344763 858657
346761 100672 346761 927205 344763 105422 344763 858657
347347 100672 347347 927205 344763 105422 344763 858657
347347 100672 347347 927205 348057 105422 348057 858657
348744 100672 348744 927205 348057 105422 348057 858657
348744 100672 348744 927205 350799 105422 350799 858657
350850 100672 350850 927205 350799 105422 350799 858657
350850 100672 350850 927205 351172 105422 351172 858657
353065 100672 353065 927205 351172 105422 351172 858657
356148 100672 356148 927205 351172 105422 351172 858657
358975 100672 358975 927205 351172 105422 351172 858657
358975 100672 358975 927205 361557 105422 361557 858657
367566 100672 367566 927205 361557 105422 361557 858657
367566 100672 367566 927205 370223 105422 370223 858657
367566 100672 367566 927205 370960 105422 370960 858657
371700 100672 371700 927205 370960 105422 370960 858657
371700 100672 371700 927205 372613 105422 372613 858657
371700 100672 371700 927205 378349 105422 378349 858657
380160 100672 380160 927205 378349 105422 378349 858657
380942 100672 380942 927205 378349 105422 378349 858657
380942 100672 380942 927205 382800 105422 382800 858657
383002 100672 383002 927205 382800 105422 382800 858657
383002 100672 383002 927205 383266 105422 383266 858657
383997 100672 383997 927205 383266 105422 383266 858657
383997 100672 383997 927205 385555 105422 385555 858657
386149 100672 386149 927205 385555 105422 385555 858657
386149 100672 386149 927205 387929 105422 387929 858657
396246 100672 396246 927205 387929 105422 387929 858657
399024 100672 399024 927205 387929 105422 387929 858657
401674 100672 401674 927205 387929 105422 387929 858657
401674 100672 401674 927205 406444 105422 406444 858657
407709 100672 407709 927205 406444 105422 406444 858657
410963 100672 410963 927205 406444 105422 406444 858657
411442 100672 411442 927205 406444 105422 406444 858657
411802 100672 411802 927205 406444 105422 406444 858657
411968 100672 411968 927205 406444 105422 406444 858657
413467 100672 413467 927205 406444 105422 406444 858657
414551 100672 414551 927205 406444 105422 406444 858657
416255 100672 416255 927205 406444 105422 406444 858657
422262 100672 422262 927205 406444 105422 406444 858657
423609 100672 423609 927205 406444 105422 406444 858657
424137 100672 424137 927205 406444 105422 406444 858657
424762 100672 424762 927205 406444 105422 406444 858657
425164 100672 425164 927205 406444 105422 406444 858657
426993 100672 426993 927205 406444 105422 406444 858657
428954 100672 428954 927205 406444 105422 406444 858657
429293 100672 429293 927205 406444 105422 406444 858657
435169 100672 435169 927205 406444 105422 406444 858657
441014 100672 441014 927205 406444 105422 406444 858657
448032 100672 448032 927205 406444 105422 406444 858657
448155 100672 448155 927205 406444 105422 406444 858657
453579 100672 453579 927205 406444 105422 406444 858657
453579 100672 453579 927205 454197 105422 454197 858657
455733 100672 455733 927205 454197 105422 454197 858657
458556 100672 458556 927205 454197 105422 454197 858657
466736 100672 466736 927205 454197 105422 454197 858657
466736 100672 466736 927205 466798 105422 466798 858657
466736 100672 466736 927205 476593 105422 476593 858657
476870 100672 476870 927205 476593 105422 476593 858657
482416 100672 482416 927205 476593 105422 476593 858657
483316 100672 483316 927205 476593 105422 476593 858657
483316 100672 483316 927205 485787 105422 485787 858657
485849 100672 485849 927205 485787 105422 485787 858657
486283 100672 486283 927205 485787 105422 485787 858657
495786 100672 495786 927205 485787 105422 485787 858657
506830 100672 506830 927205 485787 105422 485787 858657
511115 100672 511115 927205 485787 105422 485787 858657
511115 100672 511115 927205 519354 105422 519354 858657
522937 100672 522937 927205 519354 105422 519354 858657
522937 100672 522937 927205 523007 105422 523007 858657
527472 100672 527472 927205 523007 105422 523007 858657
527472 100672 527472 927205 529875 105422 529875 858657
532869 100672 532869 927205 529875 105422 529875 858657
532869 100672 532869 927205 538362 105422 538362 858657
539291 100672 539291 927205 538362 105422 538362 858657
539291 100672 539291 927205 539316 105422 539316 858657
539291 100672 539291 927205 546256 105422 546256 858657
539291 100672 539291 927205 551633 105422 551633 858657
560382 100672 560382 927205 551633 105422 551633 858657
565958 100672 565958 927205 551633 105422 551633 858657
565958 100672 565958 927205 572420 105422 572420 858657
565958 100672 565958 927205 574732 105422 574732 858657
577092 100672 577092 927205 574732 105422 574732 858657
577092 100672 577092 927205 579183 105422 579183 858657
579210 100672 579210 927205 579183 105422 579183 858657
579210 100672 579210 927205 582183 105422 582183 858657
583785 100672 583785 927205 582183 105422 582183 858657
583785 100672 583785 927205 584596 105422 584596 858657
583785 100672 583785 927205 585214 105422 585214 858657
583785 100672 583785 927205 590041 105422 590041 858657
591783 100672 591783 927205 590041 105422 590041 858657
591783 100672 591783 927205 593046 105422 593046 858657
591783 100672 591783 927205 597099 105422 597099 858657
591783 100672 591783 927205 598118 105422 598118 858657
591783 100672 591783 927205 607601 105422 607601 858657
591783 100672 591783 927205 619641 105422 619641 858657
591783 100672 591783 927205 622851 105422 622851 858657
591783 100672 591783 927205 628027 105422 628027 858657
591783 100672 591783 927205 630574 105422 630574 858657
637418 100672 637418 927205 630574 105422 630574 858657
637418 100672 637418 927205 637958 105422 637958 858657
637418 100672 637418 927205 638308 105422 638308 858657
637418 100672 637418 927205 644864 105422 644864 858657
652968 100672 652968 927205 644864 105422 644864 858657
652968 100672 652968 927205 655924 105422 655924 858657
656665 100672 656665 927205 655924 105422 655924 858657
658470 100672 658470 927205 655924 105422 655924 858657
659050 100672 659050 927205 655924 105422 655924 858657
659050 100672 659050 927205 662324 105422 662324 858657
659050 100672 659050 927205 666030 105422 666030 858657
659050 100672 659050 927205 670198 105422 670198 858657
659050 100672 659050 927205 671101 105422 671101 858657
674975 100672 674975 927205 671101 105422 671101 858657
674975 100672 674975 927205 676490 105422 676490 858657
678333 100672 678333 927205 676490 105422 676490 858657
678333 100672 678333 927205 682318 105422 682318 858657
686661 100672 686661 927205 682318 105422 682318 858657
686661 100672 686661 927205 688510 105422 688510 858657
690081 100672 690081 927205 688510 105422 688510 858657
690220 100672 690220 927205 688510 105422 688510 858657
690220 100672 690220 927205 691920 105422 691920 858657
690220 100672 690220 927205 693475 105422 693475 858657
690220 100672 690220 927205 698731 105422 698731 858657
690220 100672 690220 927205 700591 105422 700591 858657
690220 100672 690220 927205 705791 105422 705791 858657
690220 100672 690220 927205 711867 105422 711867 858657
716494 100672 716494 927205 711867 105422 711867 858657
728735 100672 728735 927205 711867 105422 711867 858657
728735 100672 728735 927205 728865 105422 728865 858657
728735 100672 728735 927205 731804 105422 731804 858657
728735 100672 728735 927205 733760 105422 733760 858657
740830 100672 740830 927205 733760 105422 733760 858657
744313 100672 744313 927205 733760 105422 733760 858657
754947 100672 754947 927205 733760 105422 733760 858657
754947 100672 754947 927205 755140 105422 755140 858657
774531 100672 774531 927205 755140 105422 755140 858657
774531 100672 774531 927205 775319 105422 775319 858657
774531 100672 774531 927205 792141 105422 792141 858657
774531 100672 774531 927205 792596 105422 792596 858657
826213 100672 826213 927205 792596 105422 792596 858657
836198 100672 836198 927205 792596 105422 792596 858657
