125640 352337 829354 352337 159779 182069 641551 182069
125640 352337 829354 352337 159779 182069 641551 182069
125640 352337 829354 352337 159779 232425 641551 232425
125640 352337 829354 352337 159779 235368 641551 235368
125640 352337 829354 352337 159779 267377 641551 267377
125640 352337 829354 352337 159779 280096 641551 280096
125640 352337 829354 352337 159779 288992 641551 288992
125640 352337 829354 352337 159779 292397 641551 292397
125640 352337 829354 352337 159779 292687 641551 292687
125640 352337 829354 352337 159779 294437 641551 294437
125640 352337 829354 352337 159779 301066 641551 301066
125640 352337 829354 352337 159779 303661 641551 303661
125640 352337 829354 352337 159779 323297 641551 323297
125640 352337 829354 352337 159779 327587 641551 327587
125640 352337 829354 352337 159779 329955 641551 329955
125640 352337 829354 352337 159779 330216 641551 330216
125640 352337 829354 352337 159779 332024 641551 332024
125640 352337 829354 352337 159779 332466 641551 332466
125640 352337 829354 352337 159779 336827 641551 336827
125640 352337 829354 352337 159779 337820 641551 337820
125640 352337 829354 352337 159779 338627 641551 338627
125640 352337 829354 352337 159779 339466 641551 339466
125640 352337 829354 352337 159779 339853 641551 339853
125640 352337 829354 352337 159779 344338 641551 344338
125640 352337 829354 352337 159779 345814 641551 345814
125640 352337 829354 352337 159779 348314 641551 348314
125640 352337 829354 352337 159779 353185 641551 353185
125640 352337 829354 352337 159779 353266 641551 353266
125640 353362 829354 353362 159779 353266 641551 353266
125640 353362 829354 353362 159779 358342 641551 358342
125640 353362 829354 353362 159779 358388 641551 358388
125640 353362 829354 353362 159779 363359 641551 363359
125640 353362 829354 353362 159779 365432 641551 365432
125640 353362 829354 353362 159779 366469 641551 366469
125640 353362 829354 353362 159779 367137 641551 367137
125640 353362 829354 353362 159779 368960 641551 368960
125640 353362 829354 353362 159779 373050 641551 373050
125640 353362 829354 353362 159779 382583 641551 382583
125640 353362 829354 353362 159779 387188 641551 387188
125640 353362 829354 353362 159779 389444 641551 389444
125640 353362 829354 353362 159779 390229 641551 390229
125640 353362 829354 353362 159779 390632 641551 390632
125640 353362 829354 353362 159779 391293 641551 391293
125640 353362 829354 353362 159779 391550 641551 391550
125640 353362 829354 353362 159779 392265 641551 392265
125640 401928 829354 401928 159779 392265 641551 392265
125640 401928 829354 401928 159779 403011 641551 403011
125640 401928 829354 401928 159779 407913 641551 407913
125640 401928 829354 401928 159779 408780 641551 408780
125640 401928 829354 401928 159779 413824 641551 413824
125640 401928 829354 401928 159779 414464 641551 414464
125640 401928 829354 401928 159779 418276 641551 418276
125640 401928 829354 401928 159779 422228 641551 422228
125640 401928 829354 401928 159779 424857 641551 424857
125640 401928 829354 401928 159779 425270 641551 425270
125640 426130 829354 426130 159779 425270 641551 425270
125640 426130 829354 426130 159779 426312 641551 426312
125640 426130 829354 426130 159779 426990 641551 426990
125640 427224 829354 427224 159779 426990 641551 426990
125640 427224 829354 427224 159779 430459 641551 430459
125640 431337 829354 431337 159779 430459 641551 430459
125640 433571 829354 433571 159779 430459 641551 430459
125640 433571 829354 433571 159779 436725 641551 436725
125640 439288 829354 439288 159779 436725 641551 436725
125640 439524 829354 439524 159779 436725 641551 436725
125640 440550 829354 440550 159779 436725 641551 436725
125640 440550 829354 440550 159779 445889 641551 445889
125640 446003 829354 446003 159779 445889 641551 445889
125640 446003 829354 446003 159779 446973 641551 446973
125640 446003 829354 446003 159779 448110 641551 448110
125640 446003 829354 446003 159779 448272 641551 448272
125640 446003 829354 446003 159779 454716 641551 454716
125640 446003 829354 446003 159779 454747 641551 454747
125640 458444 829354 458444 159779 454747 641551 454747
125640 462451 829354 462451 159779 454747 641551 454747
125640 463529 829354 463529 159779 454747 641551 454747
125640 463529 829354 463529 159779 464664 641551 464664
125640 463529 829354 463529 159779 466840 641551 466840
125640 476666 829354 476666 159779 466840 641551 466840
125640 476666 829354 476666 159779 488794 641551 488794
125640 476666 829354 476666 159779 490224 641551 490224
125640 491970 829354 491970 159779 490224 641551 490224
125640 491970 829354 491970 159779 496165 641551 496165
125640 499411 829354 499411 159779 496165 641551 496165
125640 501102 829354 501102 159779 496165 641551 496165
125640 507444 829354 507444 159779 496165 641551 496165
125640 508600 829354 508600 159779 496165 641551 496165
125640 515222 829354 515222 159779 496165 641551 496165
125640 517583 829354 517583 159779 496165 641551 496165
125640 518079 829354 518079 159779 496165 641551 496165
125640 523286 829354 523286 159779 496165 641551 496165
125640 532191 829354 532191 159779 496165 641551 496165
125640 538201 829354 538201 159779 496165 641551 496165
125640 538201 829354 538201 159779 539619 641551 539619
125640 547381 829354 547381 159779 539619 641551 539619
125640 549181 829354 549181 159779 539619 641551 539619
125640 549181 829354 549181 159779 551821 641551 551821
125640 554050 829354 554050 159779 551821 641551 551821
125640 557817 829354 557817 159779 551821 641551 551821
125640 560489 829354 560489 159779 551821 641551 551821
125640 560489 829354 560489 159779 562324 641551 562324
125640 564871 829354 564871 159779 562324 641551 562324
125640 565185 829354 565185 159779 562324 641551 562324
125640 566944 829354 566944 159779 562324 641551 562324
125640 567571 829354 567571 159779 562324 641551 562324
125640 568086 829354 568086 159779 562324 641551 562324
125640 568233 829354 568233 159779 562324 641551 562324
125640 569729 829354 569729 159779 562324 641551 562324
125640 571243 829354 571243 159779 562324 641551 562324
125640 580596 829354 580596 159779 562324 641551 562324
125640 580802 829354 580802 159779 562324 641551 562324
125640 584694 829354 584694 159779 562324 641551 562324
125640 590653 829354 590653 159779 562324 641551 562324
125640 594132 829354 594132 159779 562324 641551 562324
125640 594132 829354 594132 159779 595561 641551 595561
125640 594132 829354 594132 159779 598761 641551 598761
125640 600305 829354 600305 159779 598761 641551 598761
125640 600305 829354 600305 159779 606774 641551 606774
125640 609440 829354 609440 159779 606774 641551 606774
125640 609596 829354 609596 159779 606774 641551 606774
125640 615017 829354 615017 159779 606774 641551 606774
125640 616151 829354 616151 159779 606774 641551 606774
125640 616151 829354 616151 159779 618103 641551 618103
125640 620820 829354 620820 159779 618103 641551 618103
125640 621668 829354 621668 159779 618103 641551 618103
125640 621668 829354 621668 159779 623635 641551 623635
125640 625092 829354 625092 159779 623635 641551 623635
125640 625341 829354 625341 159779 623635 641551 623635
125640 626549 829354 626549 159779 623635 641551 623635
125640 626549 829354 626549 159779 627958 641551 627958
125640 626549 829354 626549 159779 629809 641551 629809
125640 626549 829354 626549 159779 633858 641551 633858
125640 635899 829354 635899 159779 633858 641551 633858
125640 638126 829354 638126 159779 633858 641551 633858
125640 639108 829354 639108 159779 633858 641551 633858
125640 639108 829354 639108 159779 639403 641551 639403
125640 641544 829354 641544 159779 639403 641551 639403
125640 645809 829354 645809 159779 639403 641551 639403
125640 648148 829354 648148 159779 639403 641551 639403
125640 648148 829354 648148 159779 648541 641551 648541
125640 648148 829354 648148 159779 648642 641551 648642
125640 651015 829354 651015 159779 648642 641551 648642
125640 652613 829354 652613 159779 648642 641551 648642
125640 652805 829354 652805 159779 648642 641551 648642
125640 653653 829354 653653 159779 648642 641551 648642
125640 653653 829354 653653 159779 654151 641551 654151
125640 663374 829354 663374 159779 654151 641551 654151
125640 666580 829354 666580 159779 654151 641551 654151
125640 667276 829354 667276 159779 654151 641551 654151
125640 668760 829354 668760 159779 654151 641551 654151
125640 669248 829354 669248 159779 654151 641551 654151
125640 669248 829354 669248 159779 670212 641551 670212
125640 669248 829354 669248 159779 671048 641551 671048
125640 674793 829354 674793 159779 671048 641551 671048
125640 676113 829354 676113 159779 671048 641551 671048
125640 676353 829354 676353 159779 671048 641551 671048
125640 676353 829354 676353 159779 678515 641551 678515
125640 679351 829354 679351 159779 678515 641551 678515
125640 681102 829354 681102 159779 678515 641551 678515
125640 681102 829354 681102 159779 682835 641551 682835
125640 681102 829354 681102 159779 682991 641551 682991
125640 681102 829354 681102 159779 683869 641551 683869
125640 687184 829354 687184 159779 683869 641551 683869
125640 687184 829354 687184 159779 691384 641551 691384
125640 695215 829354 695215 159779 691384 641551 691384
125640 695403 829354 695403 159779 691384 641551 691384
125640 695403 829354 695403 159779 698974 641551 698974
125640 700361 829354 700361 159779 698974 641551 698974
125640 700361 829354 700361 159779 701030 641551 701030
125640 701578 829354 701578 159779 701030 641551 701030
125640 702384 829354 702384 159779 701030 641551 701030
125640 703646 829354 703646 159779 701030 641551 701030
125640 707177 829354 707177 159779 701030 641551 701030
125640 707177 829354 707177 159779 708048 641551 708048
125640 707177 829354 707177 159779 708859 641551 708859
125640 710144 829354 710144 159779 708859 641551 708859
125640 711204 829354 711204 159779 708859 641551 708859
125640 713860 829354 713860 159779 708859 641551 708859
125640 713860 829354 713860 159779 715531 641551 715531
125640 718094 829354 718094 159779 715531 641551 715531
125640 720337 829354 720337 159779 715531 641551 715531
125640 720821 829354 720821 159779 715531 641551 715531
125640 722752 829354 722752 159779 715531 641551 715531
125640 723287 829354 723287 159779 715531 641551 715531
125640 724417 829354 724417 159779 715531 641551 715531
125640 728311 829354 728311 159779 715531 641551 715531
125640 730315 829354 730315 159779 715531 641551 715531
125640 734285 829354 734285 159779 715531 641551 715531
125640 734285 829354 734285 159779 741025 641551 741025
125640 748453 829354 748453 159779 741025 641551 741025
125640 749363 829354 749363 159779 741025 641551 741025
125640 750556 829354 750556 159779 741025 641551 741025
125640 764097 829354 764097 159779 741025 641551 741025
125640 781104 829354 781104 159779 741025 641551 741025
125640 781104 829354 781104 159779 781829 641551 781829
125640 781104 829354 781104 159779 801275 641551 801275
125640 807147 829354 807147 159779 801275 641551 801275
125640 807147 829354 807147 159779 818223 641551 818223
125640 807147 829354 807147 159779 854738 641551 854738
125640 807147 829354 807147 159779 866044 641551 866044
