195690 201612 195690 882696 118374 217165 118374 822578
195690 201612 195690 882696 118374 217165 118374 822578
195690 201612 195690 882696 176483 217165 176483 822578
195690 201612 195690 882696 188427 217165 188427 822578
195690 201612 195690 882696 192851 217165 192851 822578
195690 201612 195690 882696 205745 217165 205745 822578
195690 201612 195690 882696 209295 217165 209295 822578
210799 201612 210799 882696 209295 217165 209295 822578
212838 201612 212838 882696 209295 217165 209295 822578
213075 201612 213075 882696 209295 217165 209295 822578
213075 201612 213075 882696 215644 217165 215644 822578
213075 201612 213075 882696 216050 217165 216050 822578
219575 201612 219575 882696 216050 217165 216050 822578
223003 201612 223003 882696 216050 217165 216050 822578
223003 201612 223003 882696 229203 217165 229203 822578
223003 201612 223003 882696 229746 217165 229746 822578
223003 201612 223003 882696 230226 217165 230226 822578
223003 201612 223003 882696 231314 217165 231314 822578
223003 201612 223003 882696 231894 217165 231894 822578
223003 201612 223003 882696 232653 217165 232653 822578
223003 201612 223003 882696 239443 217165 239443 822578
223003 201612 223003 882696 242244 217165 242244 822578
223003 201612 223003 882696 244795 217165 244795 822578
249758 201612 249758 882696 244795 217165 244795 822578
249758 201612 249758 882696 251066 217165 251066 822578
249758 201612 249758 882696 253227 217165 253227 822578
254206 201612 254206 882696 253227 217165 253227 822578
255077 201612 255077 882696 253227 217165 253227 822578
255077 201612 255077 882696 264366 217165 264366 822578
255077 201612 255077 882696 264686 217165 264686 822578
272895 201612 272895 882696 264686 217165 264686 822578
292998 201612 292998 882696 264686 217165 264686 822578
293335 201612 293335 882696 264686 217165 264686 822578
294991 201612 294991 882696 264686 217165 264686 822578
295058 201612 295058 882696 264686 217165 264686 822578
298347 201612 298347 882696 264686 217165 264686 822578
309438 201612 309438 882696 264686 217165 264686 822578
320476 201612 320476 882696 264686 217165 264686 822578
328235 201612 328235 882696 264686 217165 264686 822578
329149 201612 329149 882696 264686 217165 264686 822578
334124 201612 334124 882696 264686 217165 264686 822578
335041 201612 335041 882696 264686 217165 264686 822578
338730 201612 338730 882696 264686 217165 264686 822578
348493 201612 348493 882696 264686 217165 264686 822578
348782 201612 348782 882696 264686 217165 264686 822578
352607 201612 352607 882696 264686 217165 264686 822578
355442 201612 355442 882696 264686 217165 264686 822578
359752 201612 359752 882696 264686 217165 264686 822578
371540 201612 371540 882696 264686 217165 264686 822578
376485 201612 376485 882696 264686 217165 264686 822578
381245 201612 381245 882696 264686 217165 264686 822578
384453 201612 384453 882696 264686 217165 264686 822578
414240 201612 414240 882696 264686 217165 264686 822578
415679 201612 415679 882696 264686 217165 264686 822578
419775 201612 419775 882696 264686 217165 264686 822578
420801 201612 420801 882696 264686 217165 264686 822578
438954 201612 438954 882696 264686 217165 264686 822578
444415 201612 444415 882696 264686 217165 264686 822578
446749 201612 446749 882696 264686 217165 264686 822578
452092 201612 452092 882696 264686 217165 264686 822578
457182 201612 457182 882696 264686 217165 264686 822578
461940 201612 461940 882696 264686 217165 264686 822578
462284 201612 462284 882696 264686 217165 264686 822578
467490 201612 467490 882696 264686 217165 264686 822578
470485 201612 470485 882696 264686 217165 264686 822578
473775 201612 473775 882696 264686 217165 264686 822578
474240 201612 474240 882696 264686 217165 264686 822578
477118 201612 477118 882696 264686 217165 264686 822578
477118 201612 477118 882696 484014 217165 484014 822578
485421 201612 485421 882696 484014 217165 484014 822578
492344 201612 492344 882696 484014 217165 484014 822578
492424 201612 492424 882696 484014 217165 484014 822578
492440 201612 492440 882696 484014 217165 484014 822578
495287 201612 495287 882696 484014 217165 484014 822578
495287 201612 495287 882696 506517 217165 506517 822578
506565 201612 506565 882696 506517 217165 506517 822578
506565 201612 506565 882696 515238 217165 515238 822578
515569 201612 515569 882696 515238 217165 515238 822578
525740 201612 525740 882696 515238 217165 515238 822578
525740 201612 525740 882696 533461 217165 533461 822578
536264 201612 536264 882696 533461 217165 533461 822578
536264 201612 536264 882696 537537 217165 537537 822578
536264 201612 536264 882696 539571 217165 539571 822578
540673 201612 540673 882696 539571 217165 539571 822578
540673 201612 540673 882696 540758 217165 540758 822578
541020 201612 541020 882696 540758 217165 540758 822578
541252 201612 541252 882696 540758 217165 540758 822578
541252 201612 541252 882696 553559 217165 553559 822578
554188 201612 554188 882696 553559 217165 553559 822578
554188 201612 554188 882696 555486 217165 555486 822578
554188 201612 554188 882696 561174 217165 561174 822578
564985 201612 564985 882696 561174 217165 561174 822578
565976 201612 565976 882696 561174 217165 561174 822578
566530 201612 566530 882696 561174 217165 561174 822578
570211 201612 570211 882696 561174 217165 561174 822578
570211 201612 570211 882696 572103 217165 572103 822578
572578 201612 572578 882696 572103 217165 572103 822578
572578 201612 572578 882696 573052 217165 573052 822578
572578 201612 572578 882696 576895 217165 576895 822578
572578 201612 572578 882696 581312 217165 581312 822578
572578 201612 572578 882696 581348 217165 581348 822578
572578 201612 572578 882696 585900 217165 585900 822578
586301 201612 586301 882696 585900 217165 585900 822578
587959 201612 587959 882696 585900 217165 585900 822578
587959 201612 587959 882696 589571 217165 589571 822578
592138 201612 592138 882696 589571 217165 589571 822578
592517 201612 592517 882696 589571 217165 589571 822578
592517 201612 592517 882696 593483 217165 593483 822578
598176 201612 598176 882696 593483 217165 593483 822578
602749 201612 602749 882696 593483 217165 593483 822578
602749 201612 602749 882696 603434 217165 603434 822578
604841 201612 604841 882696 603434 217165 603434 822578
606597 201612 606597 882696 603434 217165 603434 822578
606597 201612 606597 882696 612975 217165 612975 822578
606597 201612 606597 882696 613310 217165 613310 822578
606597 201612 606597 882696 614216 217165 614216 822578
614346 201612 614346 882696 614216 217165 614216 822578
614346 201612 614346 882696 615433 217165 615433 822578
614346 201612 614346 882696 617333 217165 617333 822578
614346 201612 614346 882696 617384 217165 617384 822578
614346 201612 614346 882696 617662 217165 617662 822578
618895 201612 618895 882696 617662 217165 617662 822578
618895 201612 618895 882696 623886 217165 623886 822578
618895 201612 618895 882696 626500 217165 626500 822578
618895 201612 618895 882696 627223 217165 627223 822578
618895 201612 618895 882696 627473 217165 627473 822578
618895 201612 618895 882696 630807 217165 630807 822578
618895 201612 618895 882696 632696 217165 632696 822578
632947 201612 632947 882696 632696 217165 632696 822578
632947 201612 632947 882696 636317 217165 636317 822578
632947 201612 632947 882696 637531 217165 637531 822578
640033 201612 640033 882696 637531 217165 637531 822578
640033 201612 640033 882696 642000 217165 642000 822578
640033 201612 640033 882696 642628 217165 642628 822578
640033 201612 640033 882696 643617 217165 643617 822578
640033 201612 640033 882696 644466 217165 644466 822578
640033 201612 640033 882696 645251 217165 645251 822578
645363 201612 645363 882696 645251 217165 645251 822578
645363 201612 645363 882696 645900 217165 645900 822578
645363 201612 645363 882696 650154 217165 650154 822578
650723 201612 650723 882696 650154 217165 650154 822578
650825 201612 650825 882696 650154 217165 650154 822578
650965 201612 650965 882696 650154 217165 650154 822578
650965 201612 650965 882696 655647 217165 655647 822578
650965 201612 650965 882696 658662 217165 658662 822578
650965 201612 650965 882696 659256 217165 659256 822578
650965 201612 650965 882696 660189 217165 660189 822578
650965 201612 650965 882696 661057 217165 661057 822578
650965 201612 650965 882696 661712 217165 661712 822578
650965 201612 650965 882696 664423 217165 664423 822578
665504 201612 665504 882696 664423 217165 664423 822578
665504 201612 665504 882696 667399 217165 667399 822578
672313 201612 672313 882696 667399 217165 667399 822578
672313 201612 672313 882696 673672 217165 673672 822578
672313 201612 672313 882696 676481 217165 676481 822578
676953 201612 676953 882696 676481 217165 676481 822578
676953 201612 676953 882696 677832 217165 677832 822578
676953 201612 676953 882696 678770 217165 678770 822578
676953 201612 676953 882696 683319 217165 683319 822578
686727 201612 686727 882696 683319 217165 683319 822578
687017 201612 687017 882696 683319 217165 683319 822578
687017 201612 687017 882696 687210 217165 687210 822578
687017 201612 687017 882696 690123 217165 690123 822578
692866 201612 692866 882696 690123 217165 690123 822578
697112 201612 697112 882696 690123 217165 690123 822578
697112 201612 697112 882696 701502 217165 701502 822578
697112 201612 697112 882696 709729 217165 709729 822578
712723 201612 712723 882696 709729 217165 709729 822578
712723 201612 712723 882696 719062 217165 719062 822578
719934 201612 719934 882696 719062 217165 719062 822578
730485 201612 730485 882696 719062 217165 719062 822578
732558 201612 732558 882696 719062 217165 719062 822578
735622 201612 735622 882696 719062 217165 719062 822578
735622 201612 735622 882696 741625 217165 741625 822578
735622 201612 735622 882696 745446 217165 745446 822578
735622 201612 735622 882696 747459 217165 747459 822578
735622 201612 735622 882696 748401 217165 748401 822578
750743 201612 750743 882696 748401 217165 748401 822578
752059 201612 752059 882696 748401 217165 748401 822578
758246 201612 758246 882696 748401 217165 748401 822578
758246 201612 758246 882696 760868 217165 760868 822578
758246 201612 758246 882696 763249 217165 763249 822578
758246 201612 758246 882696 763337 217165 763337 822578
758246 201612 758246 882696 767516 217165 767516 822578
768749 201612 768749 882696 767516 217165 767516 822578
768749 201612 768749 882696 768914 217165 768914 822578
768749 201612 768749 882696 769069 217165 769069 822578
768749 201612 768749 882696 789341 217165 789341 822578
799482 201612 799482 882696 789341 217165 789341 822578
799482 201612 799482 882696 800876 217165 800876 822578
801116 201612 801116 882696 800876 217165 800876 822578
801116 201612 801116 882696 803630 217165 803630 822578
801116 201612 801116 882696 806054 217165 806054 822578
801116 201612 801116 882696 809589 217165 809589 822578
821453 201612 821453 882696 809589 217165 809589 822578
821453 201612 821453 882696 824068 217165 824068 822578
821453 201612 821453 882696 826627 217165 826627 822578
821453 201612 821453 882696 827330 217165 827330 822578
821453 201612 821453 882696 827398 217165 827398 822578
821453 201612 821453 882696 887970 217165 887970 822578
