124318 170570 124318 781629 150411 191998 150411 847327
124318 170570 124318 781629 150411 191998 150411 847327
129963 170570 129963 781629 150411 191998 150411 847327
146788 170570 146788 781629 150411 191998 150411 847327
151610 170570 151610 781629 150411 191998 150411 847327
157153 170570 157153 781629 150411 191998 150411 847327
159881 170570 159881 781629 150411 191998 150411 847327
166730 170570 166730 781629 150411 191998 150411 847327
166945 170570 166945 781629 150411 191998 150411 847327
169109 170570 169109 781629 150411 191998 150411 847327
169972 170570 169972 781629 150411 191998 150411 847327
177581 170570 177581 781629 150411 191998 150411 847327
189883 170570 189883 781629 150411 191998 150411 847327
193789 170570 193789 781629 150411 191998 150411 847327
196851 170570 196851 781629 150411 191998 150411 847327
196851 170570 196851 781629 199721 191998 199721 847327
201529 170570 201529 781629 199721 191998 199721 847327
201529 170570 201529 781629 203921 191998 203921 847327
204462 170570 204462 781629 203921 191998 203921 847327
207472 170570 207472 781629 203921 191998 203921 847327
214657 170570 214657 781629 203921 191998 203921 847327
214657 170570 214657 781629 216634 191998 216634 847327
217677 170570 217677 781629 216634 191998 216634 847327
223092 170570 223092 781629 216634 191998 216634 847327
224248 170570 224248 781629 216634 191998 216634 847327
224248 170570 224248 781629 238717 191998 238717 847327
238859 170570 238859 781629 238717 191998 238717 847327
253484 170570 253484 781629 238717 191998 238717 847327
266205 170570 266205 781629 238717 191998 238717 847327
269067 170570 269067 781629 238717 191998 238717 847327
286749 170570 286749 781629 238717 191998 238717 847327
287979 170570 287979 781629 238717 191998 238717 847327
287979 170570 287979 781629 291344 191998 291344 847327
287979 170570 287979 781629 296829 191998 296829 847327
287979 170570 287979 781629 297184 191998 297184 847327
299227 170570 299227 781629 297184 191998 297184 847327
299227 170570 299227 781629 311896 191998 311896 847327
318879 170570 318879 781629 311896 191998 311896 847327
318884 170570 318884 781629 311896 191998 311896 847327
318884 170570 318884 781629 319637 191998 319637 847327
318884 170570 318884 781629 321386 191998 321386 847327
318884 170570 318884 781629 323590 191998 323590 847327
318884 170570 318884 781629 325453 191998 325453 847327
326067 170570 326067 781629 325453 191998 325453 847327
327804 170570 327804 781629 325453 191998 325453 847327
327804 170570 327804 781629 327808 191998 327808 847327
327804 170570 327804 781629 334090 191998 334090 847327
327804 170570 327804 781629 336099 191998 336099 847327
327804 170570 327804 781629 339715 191998 339715 847327
341283 170570 341283 781629 339715 191998 339715 847327
343802 170570 343802 781629 339715 191998 339715 847327
343802 170570 343802 781629 346560 191998 346560 847327
343802 170570 343802 781629 347808 191998 347808 847327
343802 170570 343802 781629 348413 191998 348413 847327
343802 170570 343802 781629 348828 191998 348828 847327
350200 170570 350200 781629 348828 191998 348828 847327
350200 170570 350200 781629 351448 191998 351448 847327
350200 170570 350200 781629 352018 191998 352018 847327
350200 170570 350200 781629 353256 191998 353256 847327
350200 170570 350200 781629 353683 191998 353683 847327
355255 170570 355255 781629 353683 191998 353683 847327
355255 170570 355255 781629 358684 191998 358684 847327
361452 170570 361452 781629 358684 191998 358684 847327
361452 170570 361452 781629 361767 191998 361767 847327
368022 170570 368022 781629 361767 191998 361767 847327
371522 170570 371522 781629 361767 191998 361767 847327
371522 170570 371522 781629 372884 191998 372884 847327
371522 170570 371522 781629 374670 191998 374670 847327
380193 170570 380193 781629 374670 191998 374670 847327
385813 170570 385813 781629 374670 191998 374670 847327
385813 170570 385813 781629 388277 191998 388277 847327
385813 170570 385813 781629 389537 191998 389537 847327
385813 170570 385813 781629 394160 191998 394160 847327
385813 170570 385813 781629 395183 191998 395183 847327
396707 170570 396707 781629 395183 191998 395183 847327
396707 170570 396707 781629 399071 191998 399071 847327
399956 170570 399956 781629 399071 191998 399071 847327
402585 170570 402585 781629 399071 191998 399071 847327
406370 170570 406370 781629 399071 191998 399071 847327
406814 170570 406814 781629 399071 191998 399071 847327
406814 170570 406814 781629 409381 191998 409381 847327
412006 170570 412006 781629 409381 191998 409381 847327
412006 170570 412006 781629 413755 191998 413755 847327
412006 170570 412006 781629 417820 191998 417820 847327
412006 170570 412006 781629 419350 191998 419350 847327
412006 170570 412006 781629 425411 191998 425411 847327
427146 170570 427146 781629 425411 191998 425411 847327
427146 170570 427146 781629 437266 191998 437266 847327
427146 170570 427146 781629 449954 191998 449954 847327
459422 170570 459422 781629 449954 191998 449954 847327
459422 170570 459422 781629 461385 191998 461385 847327
459422 170570 459422 781629 469266 191998 469266 847327
459422 170570 459422 781629 470784 191998 470784 847327
459422 170570 459422 781629 473719 191998 473719 847327
459422 170570 459422 781629 481263 191998 481263 847327
481754 170570 481754 781629 481263 191998 481263 847327
481754 170570 481754 781629 489013 191998 489013 847327
481754 170570 481754 781629 499604 191998 499604 847327
481754 170570 481754 781629 502577 191998 502577 847327
481754 170570 481754 781629 505831 191998 505831 847327
481754 170570 481754 781629 508982 191998 508982 847327
481754 170570 481754 781629 513055 191998 513055 847327
517135 170570 517135 781629 513055 191998 513055 847327
520192 170570 520192 781629 513055 191998 513055 847327
520192 170570 520192 781629 533148 191998 533148 847327
536442 170570 536442 781629 533148 191998 533148 847327
536442 170570 536442 781629 542198 191998 542198 847327
536442 170570 536442 781629 549266 191998 549266 847327
536442 170570 536442 781629 553616 191998 553616 847327
536442 170570 536442 781629 554425 191998 554425 847327
536442 170570 536442 781629 555260 191998 555260 847327
536442 170570 536442 781629 565585 191998 565585 847327
536442 170570 536442 781629 566774 191998 566774 847327
536442 170570 536442 781629 570912 191998 570912 847327
536442 170570 536442 781629 579820 191998 579820 847327
536442 170570 536442 781629 587044 191998 587044 847327
536442 170570 536442 781629 602394 191998 602394 847327
536442 170570 536442 781629 607280 191998 607280 847327
536442 170570 536442 781629 608692 191998 608692 847327
536442 170570 536442 781629 609282 191998 609282 847327
536442 170570 536442 781629 613274 191998 613274 847327
536442 170570 536442 781629 613917 191998 613917 847327
614527 170570 614527 781629 613917 191998 613917 847327
616361 170570 616361 781629 613917 191998 613917 847327
616361 170570 616361 781629 617006 191998 617006 847327
616361 170570 616361 781629 617375 191998 617375 847327
616361 170570 616361 781629 618136 191998 618136 847327
616361 170570 616361 781629 620614 191998 620614 847327
616361 170570 616361 781629 621473 191998 621473 847327
625587 170570 625587 781629 621473 191998 621473 847327
625587 170570 625587 781629 626529 191998 626529 847327
625587 170570 625587 781629 627215 191998 627215 847327
632899 170570 632899 781629 627215 191998 627215 847327
632899 170570 632899 781629 637593 191998 637593 847327
639266 170570 639266 781629 637593 191998 637593 847327
639266 170570 639266 781629 639858 191998 639858 847327
639266 170570 639266 781629 644309 191998 644309 847327
639266 170570 639266 781629 649127 191998 649127 847327
651907 170570 651907 781629 649127 191998 649127 847327
651907 170570 651907 781629 652125 191998 652125 847327
652256 170570 652256 781629 652125 191998 652125 847327
652256 170570 652256 781629 653076 191998 653076 847327
653417 170570 653417 781629 653076 191998 653076 847327
653417 170570 653417 781629 654418 191998 654418 847327
653417 170570 653417 781629 656724 191998 656724 847327
653417 170570 653417 781629 656999 191998 656999 847327
653417 170570 653417 781629 657136 191998 657136 847327
653417 170570 653417 781629 659957 191998 659957 847327
653417 170570 653417 781629 659964 191998 659964 847327
653417 170570 653417 781629 664027 191998 664027 847327
665099 170570 665099 781629 664027 191998 664027 847327
666429 170570 666429 781629 664027 191998 664027 847327
668799 170570 668799 781629 664027 191998 664027 847327
669626 170570 669626 781629 664027 191998 664027 847327
669626 170570 669626 781629 676263 191998 676263 847327
669626 170570 669626 781629 677584 191998 677584 847327
681079 170570 681079 781629 677584 191998 677584 847327
682842 170570 682842 781629 677584 191998 677584 847327
683206 170570 683206 781629 677584 191998 677584 847327
683206 170570 683206 781629 685673 191998 685673 847327
689047 170570 689047 781629 685673 191998 685673 847327
689075 170570 689075 781629 685673 191998 685673 847327
694522 170570 694522 781629 685673 191998 685673 847327
696167 170570 696167 781629 685673 191998 685673 847327
697696 170570 697696 781629 685673 191998 685673 847327
703054 170570 703054 781629 685673 191998 685673 847327
704051 170570 704051 781629 685673 191998 685673 847327
704051 170570 704051 781629 704823 191998 704823 847327
705175 170570 705175 781629 704823 191998 704823 847327
711993 170570 711993 781629 704823 191998 704823 847327
714669 170570 714669 781629 704823 191998 704823 847327
714669 170570 714669 781629 715169 191998 715169 847327
714669 170570 714669 781629 722901 191998 722901 847327
725974 170570 725974 781629 722901 191998 722901 847327
725974 170570 725974 781629 729419 191998 729419 847327
731820 170570 731820 781629 729419 191998 729419 847327
732268 170570 732268 781629 729419 191998 729419 847327
732268 170570 732268 781629 735042 191998 735042 847327
744824 170570 744824 781629 735042 191998 735042 847327
744824 170570 744824 781629 746040 191998 746040 847327
744824 170570 744824 781629 746475 191998 746475 847327
746551 170570 746551 781629 746475 191998 746475 847327
762351 170570 762351 781629 746475 191998 746475 847327
762351 170570 762351 781629 765902 191998 765902 847327
770305 170570 770305 781629 765902 191998 765902 847327
777321 170570 777321 781629 765902 191998 765902 847327
786699 170570 786699 781629 765902 191998 765902 847327
795643 170570 795643 781629 765902 191998 765902 847327
799254 170570 799254 781629 765902 191998 765902 847327
801194 170570 801194 781629 765902 191998 765902 847327
801210 170570 801210 781629 765902 191998 765902 847327
807287 170570 807287 781629 765902 191998 765902 847327
812166 170570 812166 781629 765902 191998 765902 847327
831071 170570 831071 781629 765902 191998 765902 847327
831767 170570 831767 781629 765902 191998 765902 847327
833682 170570 833682 781629 765902 191998 765902 847327
835268 170570 835268 781629 765902 191998 765902 847327
835281 170570 835281 781629 765902 191998 765902 847327
839333 170570 839333 781629 765902 191998 765902 847327
840368 170570 840368 781629 765902 191998 765902 847327
