74359 111071 74359 988025 180107 22023 180107 945477
74359 111071 74359 988025 180107 22023 180107 945477
112285 111071 112285 988025 180107 22023 180107 945477
117986 111071 117986 988025 180107 22023 180107 945477
144340 111071 144340 988025 180107 22023 180107 945477
161929 111071 161929 988025 180107 22023 180107 945477
162723 111071 162723 988025 180107 22023 180107 945477
164994 111071 164994 988025 180107 22023 180107 945477
165013 111071 165013 988025 180107 22023 180107 945477
171109 111071 171109 988025 180107 22023 180107 945477
172766 111071 172766 988025 180107 22023 180107 945477
174033 111071 174033 988025 180107 22023 180107 945477
183876 111071 183876 988025 180107 22023 180107 945477
187531 111071 187531 988025 180107 22023 180107 945477
199439 111071 199439 988025 180107 22023 180107 945477
202385 111071 202385 988025 180107 22023 180107 945477
210367 111071 210367 988025 180107 22023 180107 945477
210367 111071 210367 988025 213178 22023 213178 945477
217846 111071 217846 988025 213178 22023 213178 945477
220983 111071 220983 988025 213178 22023 213178 945477
231633 111071 231633 988025 213178 22023 213178 945477
232318 111071 232318 988025 213178 22023 213178 945477
232318 111071 232318 988025 234103 22023 234103 945477
236988 111071 236988 988025 234103 22023 234103 945477
240337 111071 240337 988025 234103 22023 234103 945477
240415 111071 240415 988025 234103 22023 234103 945477
240415 111071 240415 988025 240612 22023 240612 945477
242773 111071 242773 988025 240612 22023 240612 945477
248411 111071 248411 988025 240612 22023 240612 945477
249734 111071 249734 988025 240612 22023 240612 945477
250394 111071 250394 988025 240612 22023 240612 945477
250394 111071 250394 988025 256791 22023 256791 945477
266431 111071 266431 988025 256791 22023 256791 945477
280494 111071 280494 988025 256791 22023 256791 945477
282665 111071 282665 988025 256791 22023 256791 945477
282665 111071 282665 988025 289746 22023 289746 945477
290568 111071 290568 988025 289746 22023 289746 945477
294706 111071 294706 988025 289746 22023 289746 945477
296983 111071 296983 988025 289746 22023 289746 945477
301005 111071 301005 988025 289746 22023 289746 945477
301005 111071 301005 988025 301162 22023 301162 945477
301005 111071 301005 988025 301560 22023 301560 945477
301005 111071 301005 988025 303301 22023 303301 945477
301005 111071 301005 988025 304318 22023 304318 945477
301005 111071 301005 988025 304882 22023 304882 945477
301005 111071 301005 988025 313021 22023 313021 945477
314965 111071 314965 988025 313021 22023 313021 945477
316154 111071 316154 988025 313021 22023 313021 945477
319076 111071 319076 988025 313021 22023 313021 945477
319076 111071 319076 988025 319287 22023 319287 945477
321863 111071 321863 988025 319287 22023 319287 945477
321863 111071 321863 988025 327756 22023 327756 945477
327840 111071 327840 988025 327756 22023 327756 945477
327840 111071 327840 988025 329779 22023 329779 945477
327840 111071 327840 988025 333603 22023 333603 945477
327840 111071 327840 988025 338594 22023 338594 945477
327840 111071 327840 988025 341124 22023 341124 945477
348608 111071 348608 988025 341124 22023 341124 945477
350064 111071 350064 988025 341124 22023 341124 945477
351214 111071 351214 988025 341124 22023 341124 945477
351214 111071 351214 988025 355709 22023 355709 945477
351214 111071 351214 988025 356007 22023 356007 945477
356895 111071 356895 988025 356007 22023 356007 945477
361216 111071 361216 988025 356007 22023 356007 945477
361216 111071 361216 988025 365413 22023 365413 945477
369954 111071 369954 988025 365413 22023 365413 945477
370565 111071 370565 988025 365413 22023 365413 945477
370565 111071 370565 988025 378703 22023 378703 945477
379111 111071 379111 988025 378703 22023 378703 945477
379111 111071 379111 988025 382872 22023 382872 945477
390549 111071 390549 988025 382872 22023 382872 945477
391638 111071 391638 988025 382872 22023 382872 945477
391638 111071 391638 988025 395766 22023 395766 945477
391638 111071 391638 988025 398829 22023 398829 945477
391638 111071 391638 988025 400070 22023 400070 945477
401613 111071 401613 988025 400070 22023 400070 945477
401613 111071 401613 988025 403249 22023 403249 945477
409956 111071 409956 988025 403249 22023 403249 945477
409956 111071 409956 988025 414313 22023 414313 945477
409956 111071 409956 988025 418439 22023 418439 945477
409956 111071 409956 988025 433172 22023 433172 945477
409956 111071 409956 988025 434025 22023 434025 945477
409956 111071 409956 988025 438683 22023 438683 945477
409956 111071 409956 988025 442888 22023 442888 945477
444826 111071 444826 988025 442888 22023 442888 945477
444826 111071 444826 988025 449652 22023 449652 945477
444826 111071 444826 988025 452081 22023 452081 945477
444826 111071 444826 988025 452211 22023 452211 945477
444826 111071 444826 988025 453315 22023 453315 945477
444826 111071 444826 988025 453710 22023 453710 945477
444826 111071 444826 988025 454858 22023 454858 945477
444826 111071 444826 988025 457774 22023 457774 945477
444826 111071 444826 988025 460897 22023 460897 945477
444826 111071 444826 988025 462289 22023 462289 945477
444826 111071 444826 988025 469530 22023 469530 945477
469710 111071 469710 988025 469530 22023 469530 945477
469710 111071 469710 988025 477754 22023 477754 945477
492334 111071 492334 988025 477754 22023 477754 945477
492334 111071 492334 988025 494098 22023 494098 945477
501150 111071 501150 988025 494098 22023 494098 945477
501150 111071 501150 988025 503824 22023 503824 945477
501150 111071 501150 988025 507070 22023 507070 945477
501150 111071 501150 988025 514604 22023 514604 945477
515315 111071 515315 988025 514604 22023 514604 945477
515315 111071 515315 988025 526520 22023 526520 945477
515315 111071 515315 988025 529829 22023 529829 945477
536264 111071 536264 988025 529829 22023 529829 945477
536264 111071 536264 988025 537592 22023 537592 945477
542344 111071 542344 988025 537592 22023 537592 945477
542344 111071 542344 988025 544301 22023 544301 945477
544542 111071 544542 988025 544301 22023 544301 945477
547806 111071 547806 988025 544301 22023 544301 945477
551952 111071 551952 988025 544301 22023 544301 945477
552195 111071 552195 988025 544301 22023 544301 945477
555936 111071 555936 988025 544301 22023 544301 945477
556501 111071 556501 988025 544301 22023 544301 945477
556501 111071 556501 988025 560910 22023 560910 945477
561496 111071 561496 988025 560910 22023 560910 945477
563487 111071 563487 988025 560910 22023 560910 945477
564590 111071 564590 988025 560910 22023 560910 945477
569394 111071 569394 988025 560910 22023 560910 945477
570569 111071 570569 988025 560910 22023 560910 945477
571206 111071 571206 988025 560910 22023 560910 945477
571206 111071 571206 988025 577071 22023 577071 945477
571206 111071 571206 988025 584137 22023 584137 945477
588597 111071 588597 988025 584137 22023 584137 945477
588722 111071 588722 988025 584137 22023 584137 945477
588920 111071 588920 988025 584137 22023 584137 945477
590742 111071 590742 988025 584137 22023 584137 945477
590810 111071 590810 988025 584137 22023 584137 945477
590892 111071 590892 988025 584137 22023 584137 945477
590892 111071 590892 988025 593822 22023 593822 945477
594160 111071 594160 988025 593822 22023 593822 945477
594490 111071 594490 988025 593822 22023 593822 945477
594490 111071 594490 988025 596511 22023 596511 945477
594490 111071 594490 988025 597618 22023 597618 945477
597938 111071 597938 988025 597618 22023 597618 945477
597938 111071 597938 988025 599407 22023 599407 945477
597938 111071 597938 988025 599614 22023 599614 945477
597938 111071 597938 988025 599644 22023 599644 945477
600107 111071 600107 988025 599644 22023 599644 945477
600107 111071 600107 988025 601887 22023 601887 945477
600107 111071 600107 988025 602390 22023 602390 945477
600107 111071 600107 988025 602570 22023 602570 945477
605023 111071 605023 988025 602570 22023 602570 945477
606183 111071 606183 988025 602570 22023 602570 945477
606881 111071 606881 988025 602570 22023 602570 945477
607021 111071 607021 988025 602570 22023 602570 945477
607021 111071 607021 988025 607370 22023 607370 945477
611454 111071 611454 988025 607370 22023 607370 945477
616251 111071 616251 988025 607370 22023 607370 945477
616251 111071 616251 988025 616855 22023 616855 945477
620216 111071 620216 988025 616855 22023 616855 945477
620216 111071 620216 988025 621783 22023 621783 945477
620216 111071 620216 988025 621981 22023 621981 945477
622116 111071 622116 988025 621981 22023 621981 945477
622116 111071 622116 988025 628130 22023 628130 945477
629802 111071 629802 988025 628130 22023 628130 945477
631237 111071 631237 988025 628130 22023 628130 945477
633371 111071 633371 988025 628130 22023 628130 945477
633853 111071 633853 988025 628130 22023 628130 945477
634697 111071 634697 988025 628130 22023 628130 945477
634697 111071 634697 988025 641582 22023 641582 945477
634697 111071 634697 988025 644166 22023 644166 945477
634697 111071 634697 988025 648682 22023 648682 945477
650914 111071 650914 988025 648682 22023 648682 945477
655283 111071 655283 988025 648682 22023 648682 945477
655283 111071 655283 988025 657540 22023 657540 945477
663591 111071 663591 988025 657540 22023 657540 945477
663591 111071 663591 988025 664695 22023 664695 945477
663591 111071 663591 988025 666001 22023 666001 945477
666359 111071 666359 988025 666001 22023 666001 945477
667754 111071 667754 988025 666001 22023 666001 945477
667754 111071 667754 988025 671861 22023 671861 945477
667754 111071 667754 988025 672055 22023 672055 945477
667754 111071 667754 988025 673004 22023 673004 945477
667754 111071 667754 988025 673672 22023 673672 945477
667754 111071 667754 988025 681028 22023 681028 945477
667754 111071 667754 988025 683078 22023 683078 945477
667754 111071 667754 988025 683839 22023 683839 945477
667754 111071 667754 988025 684881 22023 684881 945477
667754 111071 667754 988025 685457 22023 685457 945477
667754 111071 667754 988025 685530 22023 685530 945477
696787 111071 696787 988025 685530 22023 685530 945477
696787 111071 696787 988025 697097 22023 697097 945477
696787 111071 696787 988025 699573 22023 699573 945477
696787 111071 696787 988025 700300 22023 700300 945477
696787 111071 696787 988025 701395 22023 701395 945477
696787 111071 696787 988025 701854 22023 701854 945477
696787 111071 696787 988025 704148 22023 704148 945477
696787 111071 696787 988025 707502 22023 707502 945477
713937 111071 713937 988025 707502 22023 707502 945477
713937 111071 713937 988025 714489 22023 714489 945477
713937 111071 713937 988025 715711 22023 715711 945477
713937 111071 713937 988025 715934 22023 715934 945477
713937 111071 713937 988025 722194 22023 722194 945477
713937 111071 713937 988025 737319 22023 737319 945477
713937 111071 713937 988025 738162 22023 738162 945477
713937 111071 713937 988025 760434 22023 760434 945477
713937 111071 713937 988025 827187 22023 827187 945477
