69236 197864 69236 875198 173294 365401 173294 831583
69236 197864 69236 875198 173294 365401 173294 831583
160603 197864 160603 875198 173294 365401 173294 831583
173886 197864 173886 875198 173294 365401 173294 831583
173886 197864 173886 875198 176631 365401 176631 831583
173886 197864 173886 875198 176938 365401 176938 831583
180696 197864 180696 875198 176938 365401 176938 831583
183251 197864 183251 875198 176938 365401 176938 831583
194720 197864 194720 875198 176938 365401 176938 831583
194720 197864 194720 875198 195773 365401 195773 831583
203346 197864 203346 875198 195773 365401 195773 831583
203346 197864 203346 875198 207744 365401 207744 831583
211629 197864 211629 875198 207744 365401 207744 831583
213401 197864 213401 875198 207744 365401 207744 831583
213401 197864 213401 875198 222548 365401 222548 831583
213401 197864 213401 875198 228323 365401 228323 831583
228543 197864 228543 875198 228323 365401 228323 831583
231582 197864 231582 875198 228323 365401 228323 831583
231582 197864 231582 875198 232786 365401 232786 831583
231582 197864 231582 875198 233234 365401 233234 831583
233325 197864 233325 875198 233234 365401 233234 831583
233325 197864 233325 875198 234830 365401 234830 831583
233325 197864 233325 875198 238693 365401 238693 831583
233325 197864 233325 875198 240207 365401 240207 831583
243051 197864 243051 875198 240207 365401 240207 831583
249130 197864 249130 875198 240207 365401 240207 831583
249130 197864 249130 875198 250247 365401 250247 831583
249130 197864 249130 875198 252430 365401 252430 831583
249130 197864 249130 875198 253618 365401 253618 831583
249130 197864 249130 875198 257230 365401 257230 831583
260494 197864 260494 875198 257230 365401 257230 831583
261004 197864 261004 875198 257230 365401 257230 831583
261004 197864 261004 875198 264646 365401 264646 831583
264824 197864 264824 875198 264646 365401 264646 831583
264824 197864 264824 875198 265185 365401 265185 831583
265592 197864 265592 875198 265185 365401 265185 831583
265592 197864 265592 875198 266827 365401 266827 831583
265592 197864 265592 875198 269345 365401 269345 831583
265592 197864 265592 875198 270532 365401 270532 831583
265592 197864 265592 875198 270611 365401 270611 831583
265592 197864 265592 875198 270973 365401 270973 831583
271018 197864 271018 875198 270973 365401 270973 831583
271018 197864 271018 875198 274371 365401 274371 831583
275697 197864 275697 875198 274371 365401 274371 831583
275697 197864 275697 875198 275707 365401 275707 831583
275697 197864 275697 875198 276400 365401 276400 831583
275697 197864 275697 875198 276942 365401 276942 831583
275697 197864 275697 875198 277301 365401 277301 831583
280785 197864 280785 875198 277301 365401 277301 831583
280785 197864 280785 875198 283096 365401 283096 831583
283915 197864 283915 875198 283096 365401 283096 831583
283915 197864 283915 875198 285182 365401 285182 831583
283915 197864 283915 875198 285224 365401 285224 831583
283915 197864 283915 875198 285612 365401 285612 831583
283915 197864 283915 875198 285875 365401 285875 831583
283915 197864 283915 875198 292133 365401 292133 831583
297274 197864 297274 875198 292133 365401 292133 831583
297409 197864 297409 875198 292133 365401 292133 831583
297409 197864 297409 875198 301678 365401 301678 831583
303612 197864 303612 875198 301678 365401 301678 831583
303612 197864 303612 875198 306317 365401 306317 831583
303612 197864 303612 875198 306391 365401 306391 831583
303612 197864 303612 875198 307346 365401 307346 831583
303612 197864 303612 875198 307917 365401 307917 831583
303612 197864 303612 875198 308791 365401 308791 831583
303612 197864 303612 875198 310202 365401 310202 831583
311330 197864 311330 875198 310202 365401 310202 831583
311828 197864 311828 875198 310202 365401 310202 831583
312798 197864 312798 875198 310202 365401 310202 831583
312798 197864 312798 875198 314498 365401 314498 831583
315489 197864 315489 875198 314498 365401 314498 831583
317479 197864 317479 875198 314498 365401 314498 831583
320368 197864 320368 875198 314498 365401 314498 831583
320368 197864 320368 875198 320410 365401 320410 831583
320368 197864 320368 875198 320960 365401 320960 831583
323001 197864 323001 875198 320960 365401 320960 831583
323001 197864 323001 875198 325025 365401 325025 831583
323001 197864 323001 875198 325052 365401 325052 831583
323001 197864 323001 875198 325913 365401 325913 831583
323001 197864 323001 875198 326362 365401 326362 831583
323001 197864 323001 875198 329259 365401 329259 831583
329812 197864 329812 875198 329259 365401 329259 831583
329812 197864 329812 875198 332525 365401 332525 831583
329812 197864 329812 875198 335957 365401 335957 831583
336697 197864 336697 875198 335957 365401 335957 831583
339440 197864 339440 875198 335957 365401 335957 831583
340105 197864 340105 875198 335957 365401 335957 831583
340105 197864 340105 875198 341204 365401 341204 831583
340105 197864 340105 875198 341268 365401 341268 831583
342634 197864 342634 875198 341268 365401 341268 831583
342634 197864 342634 875198 343008 365401 343008 831583
342634 197864 342634 875198 343015 365401 343015 831583
342634 197864 342634 875198 344283 365401 344283 831583
342634 197864 342634 875198 344495 365401 344495 831583
344584 197864 344584 875198 344495 365401 344495 831583
345802 197864 345802 875198 344495 365401 344495 831583
345802 197864 345802 875198 345808 365401 345808 831583
345802 197864 345802 875198 346697 365401 346697 831583
346894 197864 346894 875198 346697 365401 346697 831583
346894 197864 346894 875198 347774 365401 347774 831583
347784 197864 347784 875198 347774 365401 347774 831583
347784 197864 347784 875198 350071 365401 350071 831583
347784 197864 347784 875198 350415 365401 350415 831583
351229 197864 351229 875198 350415 365401 350415 831583
352407 197864 352407 875198 350415 365401 350415 831583
352407 197864 352407 875198 352835 365401 352835 831583
353941 197864 353941 875198 352835 365401 352835 831583
353941 197864 353941 875198 359765 365401 359765 831583
353941 197864 353941 875198 360871 365401 360871 831583
353941 197864 353941 875198 362291 365401 362291 831583
353941 197864 353941 875198 362864 365401 362864 831583
353941 197864 353941 875198 364175 365401 364175 831583
353941 197864 353941 875198 365689 365401 365689 831583
353941 197864 353941 875198 367348 365401 367348 831583
367392 197864 367392 875198 367348 365401 367348 831583
367392 197864 367392 875198 368372 365401 368372 831583
367392 197864 367392 875198 371614 365401 371614 831583
372222 197864 372222 875198 371614 365401 371614 831583
372222 197864 372222 875198 377184 365401 377184 831583
377825 197864 377825 875198 377184 365401 377184 831583
377825 197864 377825 875198 378062 365401 378062 831583
377825 197864 377825 875198 378186 365401 378186 831583
377825 197864 377825 875198 378317 365401 378317 831583
382422 197864 382422 875198 378317 365401 378317 831583
382422 197864 382422 875198 383177 365401 383177 831583
388658 197864 388658 875198 383177 365401 383177 831583
388658 197864 388658 875198 390038 365401 390038 831583
388658 197864 388658 875198 392052 365401 392052 831583
398166 197864 398166 875198 392052 365401 392052 831583
398166 197864 398166 875198 400980 365401 400980 831583
398166 197864 398166 875198 401950 365401 401950 831583
412719 197864 412719 875198 401950 365401 401950 831583
413152 197864 413152 875198 401950 365401 401950 831583
417861 197864 417861 875198 401950 365401 401950 831583
417861 197864 417861 875198 423817 365401 423817 831583
417861 197864 417861 875198 434842 365401 434842 831583
417861 197864 417861 875198 444718 365401 444718 831583
417861 197864 417861 875198 450233 365401 450233 831583
453534 197864 453534 875198 450233 365401 450233 831583
457716 197864 457716 875198 450233 365401 450233 831583
460366 197864 460366 875198 450233 365401 450233 831583
472800 197864 472800 875198 450233 365401 450233 831583
472800 197864 472800 875198 492694 365401 492694 831583
526196 197864 526196 875198 492694 365401 492694 831583
538875 197864 538875 875198 492694 365401 492694 831583
545943 197864 545943 875198 492694 365401 492694 831583
562118 197864 562118 875198 492694 365401 492694 831583
564888 197864 564888 875198 492694 365401 492694 831583
566483 197864 566483 875198 492694 365401 492694 831583
566483 197864 566483 875198 569012 365401 569012 831583
574761 197864 574761 875198 569012 365401 569012 831583
574761 197864 574761 875198 586341 365401 586341 831583
574761 197864 574761 875198 586556 365401 586556 831583
574761 197864 574761 875198 593898 365401 593898 831583
602979 197864 602979 875198 593898 365401 593898 831583
602979 197864 602979 875198 603697 365401 603697 831583
604071 197864 604071 875198 603697 365401 603697 831583
608297 197864 608297 875198 603697 365401 603697 831583
608897 197864 608897 875198 603697 365401 603697 831583
613074 197864 613074 875198 603697 365401 603697 831583
613074 197864 613074 875198 614160 365401 614160 831583
617487 197864 617487 875198 614160 365401 614160 831583
617487 197864 617487 875198 625951 365401 625951 831583
617487 197864 617487 875198 633372 365401 633372 831583
617487 197864 617487 875198 633994 365401 633994 831583
634407 197864 634407 875198 633994 365401 633994 831583
635114 197864 635114 875198 633994 365401 633994 831583
635114 197864 635114 875198 637582 365401 637582 831583
643035 197864 643035 875198 637582 365401 637582 831583
643116 197864 643116 875198 637582 365401 637582 831583
645414 197864 645414 875198 637582 365401 637582 831583
645414 197864 645414 875198 645729 365401 645729 831583
648058 197864 648058 875198 645729 365401 645729 831583
667027 197864 667027 875198 645729 365401 645729 831583
668891 197864 668891 875198 645729 365401 645729 831583
676837 197864 676837 875198 645729 365401 645729 831583
683510 197864 683510 875198 645729 365401 645729 831583
684216 197864 684216 875198 645729 365401 645729 831583
693196 197864 693196 875198 645729 365401 645729 831583
694697 197864 694697 875198 645729 365401 645729 831583
695412 197864 695412 875198 645729 365401 645729 831583
697959 197864 697959 875198 645729 365401 645729 831583
698938 197864 698938 875198 645729 365401 645729 831583
712547 197864 712547 875198 645729 365401 645729 831583
717528 197864 717528 875198 645729 365401 645729 831583
736108 197864 736108 875198 645729 365401 645729 831583
736294 197864 736294 875198 645729 365401 645729 831583
736422 197864 736422 875198 645729 365401 645729 831583
749138 197864 749138 875198 645729 365401 645729 831583
749138 197864 749138 875198 764047 365401 764047 831583
749138 197864 749138 875198 785326 365401 785326 831583
786963 197864 786963 875198 785326 365401 785326 831583
789662 197864 789662 875198 785326 365401 785326 831583
789662 197864 789662 875198 798862 365401 798862 831583
803084 197864 803084 875198 798862 365401 798862 831583
814342 197864 814342 875198 798862 365401 798862 831583
829750 197864 829750 875198 798862 365401 798862 831583
835595 197864 835595 875198 798862 365401 798862 831583
858256 197864 858256 875198 798862 365401 798862 831583
932732 197864 932732 875198 798862 365401 798862 831583
