87999 154319 87999 809694 76627 84314 76627 910233
87999 154319 87999 809694 76627 84314 76627 910233
88544 154319 88544 809694 76627 84314 76627 910233
88544 154319 88544 809694 90751 84314 90751 910233
88544 154319 88544 809694 131762 84314 131762 910233
88544 154319 88544 809694 173259 84314 173259 910233
88544 154319 88544 809694 173943 84314 173943 910233
88544 154319 88544 809694 181160 84314 181160 910233
88544 154319 88544 809694 181952 84314 181952 910233
185150 154319 185150 809694 181952 84314 181952 910233
185150 154319 185150 809694 190952 84314 190952 910233
192575 154319 192575 809694 190952 84314 190952 910233
192575 154319 192575 809694 209636 84314 209636 910233
192575 154319 192575 809694 211813 84314 211813 910233
215795 154319 215795 809694 211813 84314 211813 910233
215795 154319 215795 809694 217471 84314 217471 910233
215795 154319 215795 809694 217618 84314 217618 910233
215795 154319 215795 809694 229336 84314 229336 910233
215795 154319 215795 809694 232533 84314 232533 910233
215795 154319 215795 809694 233178 84314 233178 910233
233872 154319 233872 809694 233178 84314 233178 910233
238442 154319 238442 809694 233178 84314 233178 910233
238442 154319 238442 809694 243922 84314 243922 910233
238442 154319 238442 809694 246636 84314 246636 910233
246755 154319 246755 809694 246636 84314 246636 910233
246755 154319 246755 809694 247615 84314 247615 910233
248783 154319 248783 809694 247615 84314 247615 910233
248783 154319 248783 809694 261218 84314 261218 910233
248783 154319 248783 809694 263984 84314 263984 910233
248783 154319 248783 809694 266653 84314 266653 910233
270418 154319 270418 809694 266653 84314 266653 910233
270419 154319 270419 809694 266653 84314 266653 910233
270540 154319 270540 809694 266653 84314 266653 910233
271855 154319 271855 809694 266653 84314 266653 910233
273041 154319 273041 809694 266653 84314 266653 910233
273041 154319 273041 809694 275823 84314 275823 910233
273041 154319 273041 809694 280681 84314 280681 910233
273041 154319 273041 809694 281324 84314 281324 910233
282150 154319 282150 809694 281324 84314 281324 910233
282150 154319 282150 809694 283710 84314 283710 910233
282150 154319 282150 809694 284262 84314 284262 910233
282150 154319 282150 809694 290023 84314 290023 910233
290045 154319 290045 809694 290023 84314 290023 910233
290510 154319 290510 809694 290023 84314 290023 910233
292213 154319 292213 809694 290023 84314 290023 910233
296076 154319 296076 809694 290023 84314 290023 910233
301467 154319 301467 809694 290023 84314 290023 910233
301467 154319 301467 809694 304098 84314 304098 910233
301467 154319 301467 809694 308102 84314 308102 910233
301467 154319 301467 809694 310077 84314 310077 910233
317421 154319 317421 809694 310077 84314 310077 910233
317803 154319 317803 809694 310077 84314 310077 910233
317803 154319 317803 809694 318341 84314 318341 910233
320739 154319 320739 809694 318341 84314 318341 910233
324770 154319 324770 809694 318341 84314 318341 910233
324770 154319 324770 809694 325017 84314 325017 910233
324770 154319 324770 809694 328094 84314 328094 910233
328485 154319 328485 809694 328094 84314 328094 910233
328485 154319 328485 809694 329246 84314 329246 910233
330543 154319 330543 809694 329246 84314 329246 910233
330543 154319 330543 809694 332291 84314 332291 910233
342637 154319 342637 809694 332291 84314 332291 910233
342637 154319 342637 809694 345266 84314 345266 910233
342637 154319 342637 809694 347151 84314 347151 910233
342637 154319 342637 809694 352737 84314 352737 910233
342637 154319 342637 809694 355076 84314 355076 910233
342637 154319 342637 809694 358530 84314 358530 910233
342637 154319 342637 809694 364456 84314 364456 910233
342637 154319 342637 809694 372850 84314 372850 910233
377339 154319 377339 809694 372850 84314 372850 910233
377339 154319 377339 809694 377951 84314 377951 910233
379011 154319 379011 809694 377951 84314 377951 910233
381342 154319 381342 809694 377951 84314 377951 910233
381342 154319 381342 809694 383172 84314 383172 910233
381342 154319 381342 809694 384132 84314 384132 910233
386573 154319 386573 809694 384132 84314 384132 910233
386573 154319 386573 809694 399366 84314 399366 910233
386573 154319 386573 809694 406062 84314 406062 910233
386573 154319 386573 809694 413776 84314 413776 910233
416422 154319 416422 809694 413776 84314 413776 910233
416422 154319 416422 809694 420139 84314 420139 910233
416422 154319 416422 809694 420490 84314 420490 910233
416422 154319 416422 809694 422118 84314 422118 910233
416422 154319 416422 809694 424396 84314 424396 910233
416422 154319 416422 809694 426002 84314 426002 910233
416422 154319 416422 809694 427905 84314 427905 910233
416422 154319 416422 809694 432831 84314 432831 910233
416422 154319 416422 809694 438487 84314 438487 910233
416422 154319 416422 809694 439496 84314 439496 910233
416422 154319 416422 809694 439934 84314 439934 910233
416422 154319 416422 809694 440762 84314 440762 910233
441188 154319 441188 809694 440762 84314 440762 910233
441188 154319 441188 809694 441887 84314 441887 910233
441188 154319 441188 809694 443998 84314 443998 910233
445116 154319 445116 809694 443998 84314 443998 910233
445345 154319 445345 809694 443998 84314 443998 910233
446470 154319 446470 809694 443998 84314 443998 910233
446470 154319 446470 809694 450858 84314 450858 910233
446470 154319 446470 809694 451013 84314 451013 910233
446470 154319 446470 809694 451584 84314 451584 910233
446470 154319 446470 809694 454085 84314 454085 910233
446470 154319 446470 809694 457133 84314 457133 910233
446470 154319 446470 809694 459962 84314 459962 910233
446470 154319 446470 809694 460126 84314 460126 910233
446470 154319 446470 809694 460316 84314 460316 910233
461755 154319 461755 809694 460316 84314 460316 910233
468216 154319 468216 809694 460316 84314 460316 910233
468216 154319 468216 809694 471727 84314 471727 910233
468216 154319 468216 809694 479487 84314 479487 910233
482745 154319 482745 809694 479487 84314 479487 910233
482745 154319 482745 809694 484409 84314 484409 910233
482745 154319 482745 809694 491100 84314 491100 910233
482745 154319 482745 809694 493894 84314 493894 910233
482745 154319 482745 809694 502322 84314 502322 910233
482745 154319 482745 809694 504255 84314 504255 910233
482745 154319 482745 809694 504636 84314 504636 910233
482745 154319 482745 809694 506306 84314 506306 910233
482745 154319 482745 809694 508636 84314 508636 910233
482745 154319 482745 809694 509923 84314 509923 910233
482745 154319 482745 809694 514353 84314 514353 910233
482745 154319 482745 809694 515242 84314 515242 910233
482745 154319 482745 809694 523440 84314 523440 910233
482745 154319 482745 809694 528951 84314 528951 910233
530933 154319 530933 809694 528951 84314 528951 910233
530933 154319 530933 809694 539551 84314 539551 910233
541027 154319 541027 809694 539551 84314 539551 910233
548116 154319 548116 809694 539551 84314 539551 910233
548116 154319 548116 809694 553051 84314 553051 910233
563298 154319 563298 809694 553051 84314 553051 910233
563298 154319 563298 809694 569219 84314 569219 910233
570467 154319 570467 809694 569219 84314 569219 910233
571914 154319 571914 809694 569219 84314 569219 910233
571914 154319 571914 809694 573569 84314 573569 910233
571914 154319 571914 809694 575858 84314 575858 910233
580924 154319 580924 809694 575858 84314 575858 910233
583345 154319 583345 809694 575858 84314 575858 910233
585139 154319 585139 809694 575858 84314 575858 910233
585676 154319 585676 809694 575858 84314 575858 910233
585676 154319 585676 809694 593312 84314 593312 910233
585676 154319 585676 809694 595199 84314 595199 910233
596031 154319 596031 809694 595199 84314 595199 910233
597153 154319 597153 809694 595199 84314 595199 910233
603625 154319 603625 809694 595199 84314 595199 910233
603625 154319 603625 809694 607845 84314 607845 910233
609040 154319 609040 809694 607845 84314 607845 910233
611770 154319 611770 809694 607845 84314 607845 910233
615505 154319 615505 809694 607845 84314 607845 910233
618055 154319 618055 809694 607845 84314 607845 910233
618055 154319 618055 809694 620798 84314 620798 910233
618055 154319 618055 809694 621377 84314 621377 910233
624659 154319 624659 809694 621377 84314 621377 910233
624938 154319 624938 809694 621377 84314 621377 910233
625101 154319 625101 809694 621377 84314 621377 910233
626973 154319 626973 809694 621377 84314 621377 910233
629094 154319 629094 809694 621377 84314 621377 910233
629116 154319 629116 809694 621377 84314 621377 910233
629116 154319 629116 809694 631391 84314 631391 910233
631823 154319 631823 809694 631391 84314 631391 910233
634829 154319 634829 809694 631391 84314 631391 910233
642334 154319 642334 809694 631391 84314 631391 910233
645570 154319 645570 809694 631391 84314 631391 910233
650431 154319 650431 809694 631391 84314 631391 910233
651212 154319 651212 809694 631391 84314 631391 910233
651850 154319 651850 809694 631391 84314 631391 910233
651850 154319 651850 809694 653506 84314 653506 910233
657279 154319 657279 809694 653506 84314 653506 910233
663528 154319 663528 809694 653506 84314 653506 910233
666453 154319 666453 809694 653506 84314 653506 910233
667852 154319 667852 809694 653506 84314 653506 910233
671383 154319 671383 809694 653506 84314 653506 910233
673352 154319 673352 809694 653506 84314 653506 910233
673352 154319 673352 809694 675185 84314 675185 910233
678463 154319 678463 809694 675185 84314 675185 910233
680438 154319 680438 809694 675185 84314 675185 910233
681981 154319 681981 809694 675185 84314 675185 910233
685189 154319 685189 809694 675185 84314 675185 910233
688802 154319 688802 809694 675185 84314 675185 910233
688802 154319 688802 809694 693534 84314 693534 910233
696198 154319 696198 809694 693534 84314 693534 910233
696987 154319 696987 809694 693534 84314 693534 910233
698057 154319 698057 809694 693534 84314 693534 910233
698678 154319 698678 809694 693534 84314 693534 910233
699720 154319 699720 809694 693534 84314 693534 910233
699797 154319 699797 809694 693534 84314 693534 910233
703968 154319 703968 809694 693534 84314 693534 910233
704013 154319 704013 809694 693534 84314 693534 910233
704013 154319 704013 809694 704161 84314 704161 910233
704013 154319 704013 809694 711001 84314 711001 910233
711219 154319 711219 809694 711001 84314 711001 910233
720484 154319 720484 809694 711001 84314 711001 910233
725483 154319 725483 809694 711001 84314 711001 910233
726160 154319 726160 809694 711001 84314 711001 910233
729578 154319 729578 809694 711001 84314 711001 910233
730788 154319 730788 809694 711001 84314 711001 910233
732100 154319 732100 809694 711001 84314 711001 910233
733008 154319 733008 809694 711001 84314 711001 910233
742691 154319 742691 809694 711001 84314 711001 910233
759114 154319 759114 809694 711001 84314 711001 910233
774352 154319 774352 809694 711001 84314 711001 910233
813961 154319 813961 809694 711001 84314 711001 910233
