190496 185830 190496 836705 150221 138598 150221 845288
190496 185830 190496 836705 150221 138598 150221 845288
190496 185830 190496 836705 193608 138598 193608 845288
198078 185830 198078 836705 193608 138598 193608 845288
198078 185830 198078 836705 199470 138598 199470 845288
229651 185830 229651 836705 199470 138598 199470 845288
236952 185830 236952 836705 199470 138598 199470 845288
236952 185830 236952 836705 254274 138598 254274 845288
236952 185830 236952 836705 272647 138598 272647 845288
236952 185830 236952 836705 275311 138598 275311 845288
279883 185830 279883 836705 275311 138598 275311 845288
279883 185830 279883 836705 283340 138598 283340 845288
279883 185830 279883 836705 287463 138598 287463 845288
279883 185830 279883 836705 292124 138598 292124 845288
279883 185830 279883 836705 297357 138598 297357 845288
279883 185830 279883 836705 297718 138598 297718 845288
298635 185830 298635 836705 297718 138598 297718 845288
298635 185830 298635 836705 303556 138598 303556 845288
298635 185830 298635 836705 313958 138598 313958 845288
316382 185830 316382 836705 313958 138598 313958 845288
317619 185830 317619 836705 313958 138598 313958 845288
317619 185830 317619 836705 320720 138598 320720 845288
317619 185830 317619 836705 328861 138598 328861 845288
317619 185830 317619 836705 330163 138598 330163 845288
317619 185830 317619 836705 330611 138598 330611 845288
317619 185830 317619 836705 332715 138598 332715 845288
317619 185830 317619 836705 332757 138598 332757 845288
317619 185830 317619 836705 334528 138598 334528 845288
317619 185830 317619 836705 344037 138598 344037 845288
344209 185830 344209 836705 344037 138598 344037 845288
344209 185830 344209 836705 344699 138598 344699 845288
344209 185830 344209 836705 345043 138598 345043 845288
344209 185830 344209 836705 346347 138598 346347 845288
344209 185830 344209 836705 347851 138598 347851 845288
344209 185830 344209 836705 351350 138598 351350 845288
344209 185830 344209 836705 351967 138598 351967 845288
344209 185830 344209 836705 352173 138598 352173 845288
344209 185830 344209 836705 363538 138598 363538 845288
344209 185830 344209 836705 365374 138598 365374 845288
344209 185830 344209 836705 366718 138598 366718 845288
344209 185830 344209 836705 372290 138598 372290 845288
373730 185830 373730 836705 372290 138598 372290 845288
373730 185830 373730 836705 376007 138598 376007 845288
373730 185830 373730 836705 376494 138598 376494 845288
373730 185830 373730 836705 378498 138598 378498 845288
382243 185830 382243 836705 378498 138598 378498 845288
382243 185830 382243 836705 383887 138598 383887 845288
382243 185830 382243 836705 384925 138598 384925 845288
386393 185830 386393 836705 384925 138598 384925 845288
386393 185830 386393 836705 393017 138598 393017 845288
386393 185830 386393 836705 394759 138598 394759 845288
386393 185830 386393 836705 398584 138598 398584 845288
404794 185830 404794 836705 398584 138598 398584 845288
404794 185830 404794 836705 405787 138598 405787 845288
411937 185830 411937 836705 405787 138598 405787 845288
411937 185830 411937 836705 413378 138598 413378 845288
411937 185830 411937 836705 420138 138598 420138 845288
424901 185830 424901 836705 420138 138598 420138 845288
429718 185830 429718 836705 420138 138598 420138 845288
434431 185830 434431 836705 420138 138598 420138 845288
434431 185830 434431 836705 435849 138598 435849 845288
437325 185830 437325 836705 435849 138598 435849 845288
437664 185830 437664 836705 435849 138598 435849 845288
438735 185830 438735 836705 435849 138598 435849 845288
442462 185830 442462 836705 435849 138598 435849 845288
451500 185830 451500 836705 435849 138598 435849 845288
460735 185830 460735 836705 435849 138598 435849 845288
464144 185830 464144 836705 435849 138598 435849 845288
464588 185830 464588 836705 435849 138598 435849 845288
465819 185830 465819 836705 435849 138598 435849 845288
465819 185830 465819 836705 470157 138598 470157 845288
476028 185830 476028 836705 470157 138598 470157 845288
477545 185830 477545 836705 470157 138598 470157 845288
478317 185830 478317 836705 470157 138598 470157 845288
479793 185830 479793 836705 470157 138598 470157 845288
481892 185830 481892 836705 470157 138598 470157 845288
481892 185830 481892 836705 482029 138598 482029 845288
487303 185830 487303 836705 482029 138598 482029 845288
491574 185830 491574 836705 482029 138598 482029 845288
495421 185830 495421 836705 482029 138598 482029 845288
500239 185830 500239 836705 482029 138598 482029 845288
501494 185830 501494 836705 482029 138598 482029 845288
501494 185830 501494 836705 503540 138598 503540 845288
504967 185830 504967 836705 503540 138598 503540 845288
504967 185830 504967 836705 506949 138598 506949 845288
508399 185830 508399 836705 506949 138598 506949 845288
508851 185830 508851 836705 506949 138598 506949 845288
509348 185830 509348 836705 506949 138598 506949 845288
509704 185830 509704 836705 506949 138598 506949 845288
509704 185830 509704 836705 509911 138598 509911 845288
509704 185830 509704 836705 517297 138598 517297 845288
517465 185830 517465 836705 517297 138598 517297 845288
517800 185830 517800 836705 517297 138598 517297 845288
519152 185830 519152 836705 517297 138598 517297 845288
519152 185830 519152 836705 519408 138598 519408 845288
519152 185830 519152 836705 519830 138598 519830 845288
519152 185830 519152 836705 520389 138598 520389 845288
522556 185830 522556 836705 520389 138598 520389 845288
522556 185830 522556 836705 525694 138598 525694 845288
522556 185830 522556 836705 526266 138598 526266 845288
522556 185830 522556 836705 527180 138598 527180 845288
527499 185830 527499 836705 527180 138598 527180 845288
528751 185830 528751 836705 527180 138598 527180 845288
528751 185830 528751 836705 529270 138598 529270 845288
530339 185830 530339 836705 529270 138598 529270 845288
530360 185830 530360 836705 529270 138598 529270 845288
532341 185830 532341 836705 529270 138598 529270 845288
533631 185830 533631 836705 529270 138598 529270 845288
533631 185830 533631 836705 538071 138598 538071 845288
533631 185830 533631 836705 538905 138598 538905 845288
533631 185830 533631 836705 539716 138598 539716 845288
533631 185830 533631 836705 539734 138598 539734 845288
543439 185830 543439 836705 539734 138598 539734 845288
544464 185830 544464 836705 539734 138598 539734 845288
544464 185830 544464 836705 544737 138598 544737 845288
544829 185830 544829 836705 544737 138598 544737 845288
544829 185830 544829 836705 547026 138598 547026 845288
547691 185830 547691 836705 547026 138598 547026 845288
547691 185830 547691 836705 547797 138598 547797 845288
548476 185830 548476 836705 547797 138598 547797 845288
548476 185830 548476 836705 549474 138598 549474 845288
551911 185830 551911 836705 549474 138598 549474 845288
552700 185830 552700 836705 549474 138598 549474 845288
553796 185830 553796 836705 549474 138598 549474 845288
553796 185830 553796 836705 558412 138598 558412 845288
560299 185830 560299 836705 558412 138598 558412 845288
561686 185830 561686 836705 558412 138598 558412 845288
561686 185830 561686 836705 562195 138598 562195 845288
562447 185830 562447 836705 562195 138598 562195 845288
563922 185830 563922 836705 562195 138598 562195 845288
564945 185830 564945 836705 562195 138598 562195 845288
565705 185830 565705 836705 562195 138598 562195 845288
565705 185830 565705 836705 565823 138598 565823 845288
566135 185830 566135 836705 565823 138598 565823 845288
566135 185830 566135 836705 566544 138598 566544 845288
566667 185830 566667 836705 566544 138598 566544 845288
567071 185830 567071 836705 566544 138598 566544 845288
567503 185830 567503 836705 566544 138598 566544 845288
568081 185830 568081 836705 566544 138598 566544 845288
571040 185830 571040 836705 566544 138598 566544 845288
571118 185830 571118 836705 566544 138598 566544 845288
571118 185830 571118 836705 571347 138598 571347 845288
572463 185830 572463 836705 571347 138598 571347 845288
572746 185830 572746 836705 571347 138598 571347 845288
573527 185830 573527 836705 571347 138598 571347 845288
573527 185830 573527 836705 577349 138598 577349 845288
573527 185830 573527 836705 579269 138598 579269 845288
581394 185830 581394 836705 579269 138598 579269 845288
581394 185830 581394 836705 582470 138598 582470 845288
583964 185830 583964 836705 582470 138598 582470 845288
583964 185830 583964 836705 585624 138598 585624 845288
583964 185830 583964 836705 586012 138598 586012 845288
583964 185830 583964 836705 588168 138598 588168 845288
588865 185830 588865 836705 588168 138598 588168 845288
589701 185830 589701 836705 588168 138598 588168 845288
592440 185830 592440 836705 588168 138598 588168 845288
594954 185830 594954 836705 588168 138598 588168 845288
600403 185830 600403 836705 588168 138598 588168 845288
600403 185830 600403 836705 600967 138598 600967 845288
601201 185830 601201 836705 600967 138598 600967 845288
602294 185830 602294 836705 600967 138598 600967 845288
602294 185830 602294 836705 603519 138598 603519 845288
607087 185830 607087 836705 603519 138598 603519 845288
611279 185830 611279 836705 603519 138598 603519 845288
612201 185830 612201 836705 603519 138598 603519 845288
612201 185830 612201 836705 612510 138598 612510 845288
613336 185830 613336 836705 612510 138598 612510 845288
613907 185830 613907 836705 612510 138598 612510 845288
613907 185830 613907 836705 615051 138598 615051 845288
613907 185830 613907 836705 618234 138598 618234 845288
619397 185830 619397 836705 618234 138598 618234 845288
619397 185830 619397 836705 621702 138598 621702 845288
627265 185830 627265 836705 621702 138598 621702 845288
627856 185830 627856 836705 621702 138598 621702 845288
628547 185830 628547 836705 621702 138598 621702 845288
628547 185830 628547 836705 630164 138598 630164 845288
628547 185830 628547 836705 630283 138598 630283 845288
634038 185830 634038 836705 630283 138598 630283 845288
634038 185830 634038 836705 638804 138598 638804 845288
634038 185830 634038 836705 639441 138598 639441 845288
639526 185830 639526 836705 639441 138598 639441 845288
646173 185830 646173 836705 639441 138598 639441 845288
646173 185830 646173 836705 656832 138598 656832 845288
646173 185830 646173 836705 658090 138598 658090 845288
659304 185830 659304 836705 658090 138598 658090 845288
666311 185830 666311 836705 658090 138598 658090 845288
666311 185830 666311 836705 670834 138598 670834 845288
666311 185830 666311 836705 674016 138598 674016 845288
666311 185830 666311 836705 674688 138598 674688 845288
678110 185830 678110 836705 674688 138598 674688 845288
678110 185830 678110 836705 689971 138598 689971 845288
678110 185830 678110 836705 692464 138598 692464 845288
678110 185830 678110 836705 693438 138598 693438 845288
678110 185830 678110 836705 694323 138598 694323 845288
678110 185830 678110 836705 714303 138598 714303 845288
678110 185830 678110 836705 718759 138598 718759 845288
678110 185830 678110 836705 728029 138598 728029 845288
740182 185830 740182 836705 728029 138598 728029 845288
740182 185830 740182 836705 744024 138598 744024 845288
740182 185830 740182 836705 750112 138598 750112 845288
