146949 189500 146949 870496 16096 56471 16096 748099
146949 189500 146949 870496 16096 56471 16096 748099
146949 189500 146949 870496 48137 56471 48137 748099
146949 189500 146949 870496 114204 56471 114204 748099
146949 189500 146949 870496 128955 56471 128955 748099
148946 189500 148946 870496 128955 56471 128955 748099
159993 189500 159993 870496 128955 56471 128955 748099
163019 189500 163019 870496 128955 56471 128955 748099
163119 189500 163119 870496 128955 56471 128955 748099
163119 189500 163119 870496 177601 56471 177601 748099
163119 189500 163119 870496 177856 56471 177856 748099
189812 189500 189812 870496 177856 56471 177856 748099
189812 189500 189812 870496 192229 56471 192229 748099
189812 189500 189812 870496 192489 56471 192489 748099
198908 189500 198908 870496 192489 56471 192489 748099
199078 189500 199078 870496 192489 56471 192489 748099
199078 189500 199078 870496 200658 56471 200658 748099
199078 189500 199078 870496 201894 56471 201894 748099
199078 189500 199078 870496 205809 56471 205809 748099
206454 189500 206454 870496 205809 56471 205809 748099
206454 189500 206454 870496 206614 56471 206614 748099
206454 189500 206454 870496 208050 56471 208050 748099
206454 189500 206454 870496 209527 56471 209527 748099
206454 189500 206454 870496 213760 56471 213760 748099
206454 189500 206454 870496 215863 56471 215863 748099
206454 189500 206454 870496 221300 56471 221300 748099
206454 189500 206454 870496 222816 56471 222816 748099
206454 189500 206454 870496 224204 56471 224204 748099
206454 189500 206454 870496 224721 56471 224721 748099
224770 189500 224770 870496 224721 56471 224721 748099
224770 189500 224770 870496 224882 56471 224882 748099
224770 189500 224770 870496 225134 56471 225134 748099
224770 189500 224770 870496 225758 56471 225758 748099
224770 189500 224770 870496 227341 56471 227341 748099
224770 189500 224770 870496 228301 56471 228301 748099
224770 189500 224770 870496 229048 56471 229048 748099
224770 189500 224770 870496 229137 56471 229137 748099
224770 189500 224770 870496 232395 56471 232395 748099
235389 189500 235389 870496 232395 56471 232395 748099
235844 189500 235844 870496 232395 56471 232395 748099
235844 189500 235844 870496 241567 56471 241567 748099
235844 189500 235844 870496 246576 56471 246576 748099
235844 189500 235844 870496 247403 56471 247403 748099
254026 189500 254026 870496 247403 56471 247403 748099
256988 189500 256988 870496 247403 56471 247403 748099
258694 189500 258694 870496 247403 56471 247403 748099
263430 189500 263430 870496 247403 56471 247403 748099
266233 189500 266233 870496 247403 56471 247403 748099
269111 189500 269111 870496 247403 56471 247403 748099
269111 189500 269111 870496 270025 56471 270025 748099
269111 189500 269111 870496 271463 56471 271463 748099
269111 189500 269111 870496 271653 56471 271653 748099
269111 189500 269111 870496 272228 56471 272228 748099
273675 189500 273675 870496 272228 56471 272228 748099
273675 189500 273675 870496 275806 56471 275806 748099
273675 189500 273675 870496 278436 56471 278436 748099
273675 189500 273675 870496 279115 56471 279115 748099
281021 189500 281021 870496 279115 56471 279115 748099
281021 189500 281021 870496 288565 56471 288565 748099
288993 189500 288993 870496 288565 56471 288565 748099
288993 189500 288993 870496 290739 56471 290739 748099
288993 189500 288993 870496 291006 56471 291006 748099
288993 189500 288993 870496 291604 56471 291604 748099
288993 189500 288993 870496 295435 56471 295435 748099
288993 189500 288993 870496 298067 56471 298067 748099
299152 189500 299152 870496 298067 56471 298067 748099
299152 189500 299152 870496 299649 56471 299649 748099
299152 189500 299152 870496 299956 56471 299956 748099
299152 189500 299152 870496 300482 56471 300482 748099
299152 189500 299152 870496 309577 56471 309577 748099
299152 189500 299152 870496 310203 56471 310203 748099
299152 189500 299152 870496 311255 56471 311255 748099
299152 189500 299152 870496 311695 56471 311695 748099
299152 189500 299152 870496 314122 56471 314122 748099
319533 189500 319533 870496 314122 56471 314122 748099
321448 189500 321448 870496 314122 56471 314122 748099
321448 189500 321448 870496 328884 56471 328884 748099
321448 189500 321448 870496 332414 56471 332414 748099
321448 189500 321448 870496 336799 56471 336799 748099
321448 189500 321448 870496 337117 56471 337117 748099
321448 189500 321448 870496 337196 56471 337196 748099
321448 189500 321448 870496 339615 56471 339615 748099
346237 189500 346237 870496 339615 56471 339615 748099
346237 189500 346237 870496 352847 56471 352847 748099
346237 189500 346237 870496 353211 56471 353211 748099
346237 189500 346237 870496 363993 56471 363993 748099
346237 189500 346237 870496 383574 56471 383574 748099
346237 189500 346237 870496 384708 56471 384708 748099
346237 189500 346237 870496 391525 56471 391525 748099
346237 189500 346237 870496 410578 56471 410578 748099
413792 189500 413792 870496 410578 56471 410578 748099
413792 189500 413792 870496 417018 56471 417018 748099
413792 189500 413792 870496 420131 56471 420131 748099
422646 189500 422646 870496 420131 56471 420131 748099
422646 189500 422646 870496 426284 56471 426284 748099
422646 189500 422646 870496 433440 56471 433440 748099
422646 189500 422646 870496 437475 56471 437475 748099
422646 189500 422646 870496 438948 56471 438948 748099
440580 189500 440580 870496 438948 56471 438948 748099
442922 189500 442922 870496 438948 56471 438948 748099
442922 189500 442922 870496 454026 56471 454026 748099
442922 189500 442922 870496 455168 56471 455168 748099
442922 189500 442922 870496 455739 56471 455739 748099
458812 189500 458812 870496 455739 56471 455739 748099
461508 189500 461508 870496 455739 56471 455739 748099
464861 189500 464861 870496 455739 56471 455739 748099
466644 189500 466644 870496 455739 56471 455739 748099
466644 189500 466644 870496 469061 56471 469061 748099
466644 189500 466644 870496 470772 56471 470772 748099
474368 189500 474368 870496 470772 56471 470772 748099
479665 189500 479665 870496 470772 56471 470772 748099
479665 189500 479665 870496 482998 56471 482998 748099
483634 189500 483634 870496 482998 56471 482998 748099
484583 189500 484583 870496 482998 56471 482998 748099
485107 189500 485107 870496 482998 56471 482998 748099
486628 189500 486628 870496 482998 56471 482998 748099
491907 189500 491907 870496 482998 56471 482998 748099
491907 189500 491907 870496 493430 56471 493430 748099
497011 189500 497011 870496 493430 56471 493430 748099
497361 189500 497361 870496 493430 56471 493430 748099
497673 189500 497673 870496 493430 56471 493430 748099
500562 189500 500562 870496 493430 56471 493430 748099
504466 189500 504466 870496 493430 56471 493430 748099
505446 189500 505446 870496 493430 56471 493430 748099
506660 189500 506660 870496 493430 56471 493430 748099
511126 189500 511126 870496 493430 56471 493430 748099
511126 189500 511126 870496 511373 56471 511373 748099
516405 189500 516405 870496 511373 56471 511373 748099
520911 189500 520911 870496 511373 56471 511373 748099
524356 189500 524356 870496 511373 56471 511373 748099
529786 189500 529786 870496 511373 56471 511373 748099
529871 189500 529871 870496 511373 56471 511373 748099
529871 189500 529871 870496 531650 56471 531650 748099
529871 189500 529871 870496 535744 56471 535744 748099
540159 189500 540159 870496 535744 56471 535744 748099
540159 189500 540159 870496 540914 56471 540914 748099
541403 189500 541403 870496 540914 56471 540914 748099
541403 189500 541403 870496 544317 56471 544317 748099
541403 189500 541403 870496 544797 56471 544797 748099
551008 189500 551008 870496 544797 56471 544797 748099
552193 189500 552193 870496 544797 56471 544797 748099
552193 189500 552193 870496 553948 56471 553948 748099
552193 189500 552193 870496 559626 56471 559626 748099
552193 189500 552193 870496 560675 56471 560675 748099
552193 189500 552193 870496 563015 56471 563015 748099
569278 189500 569278 870496 563015 56471 563015 748099
569278 189500 569278 870496 569305 56471 569305 748099
569278 189500 569278 870496 571618 56471 571618 748099
569278 189500 569278 870496 575078 56471 575078 748099
569278 189500 569278 870496 582620 56471 582620 748099
584058 189500 584058 870496 582620 56471 582620 748099
584470 189500 584470 870496 582620 56471 582620 748099
584470 189500 584470 870496 588233 56471 588233 748099
598603 189500 598603 870496 588233 56471 588233 748099
598603 189500 598603 870496 605865 56471 605865 748099
608150 189500 608150 870496 605865 56471 605865 748099
609000 189500 609000 870496 605865 56471 605865 748099
619170 189500 619170 870496 605865 56471 605865 748099
619170 189500 619170 870496 620176 56471 620176 748099
623589 189500 623589 870496 620176 56471 620176 748099
627257 189500 627257 870496 620176 56471 620176 748099
627257 189500 627257 870496 628906 56471 628906 748099
645062 189500 645062 870496 628906 56471 628906 748099
645062 189500 645062 870496 648486 56471 648486 748099
664840 189500 664840 870496 648486 56471 648486 748099
665991 189500 665991 870496 648486 56471 648486 748099
672105 189500 672105 870496 648486 56471 648486 748099
677447 189500 677447 870496 648486 56471 648486 748099
677447 189500 677447 870496 677961 56471 677961 748099
678389 189500 678389 870496 677961 56471 677961 748099
679435 189500 679435 870496 677961 56471 677961 748099
681951 189500 681951 870496 677961 56471 677961 748099
693880 189500 693880 870496 677961 56471 677961 748099
695436 189500 695436 870496 677961 56471 677961 748099
698266 189500 698266 870496 677961 56471 677961 748099
703311 189500 703311 870496 677961 56471 677961 748099
711091 189500 711091 870496 677961 56471 677961 748099
726655 189500 726655 870496 677961 56471 677961 748099
726795 189500 726795 870496 677961 56471 677961 748099
732619 189500 732619 870496 677961 56471 677961 748099
740481 189500 740481 870496 677961 56471 677961 748099
743848 189500 743848 870496 677961 56471 677961 748099
743848 189500 743848 870496 743950 56471 743950 748099
747348 189500 747348 870496 743950 56471 743950 748099
747450 189500 747450 870496 743950 56471 743950 748099
765923 189500 765923 870496 743950 56471 743950 748099
768446 189500 768446 870496 743950 56471 743950 748099
773070 189500 773070 870496 743950 56471 743950 748099
776692 189500 776692 870496 743950 56471 743950 748099
782072 189500 782072 870496 743950 56471 743950 748099
782072 189500 782072 870496 786180 56471 786180 748099
790478 189500 790478 870496 786180 56471 786180 748099
813390 189500 813390 870496 786180 56471 786180 748099
817986 189500 817986 870496 786180 56471 786180 748099
831056 189500 831056 870496 786180 56471 786180 748099
856221 189500 856221 870496 786180 56471 786180 748099
863128 189500 863128 870496 786180 56471 786180 748099
884729 189500 884729 870496 786180 56471 786180 748099
931004 189500 931004 870496 786180 56471 786180 748099
993203 189500 993203 870496 786180 56471 786180 748099
