154395 87892 154395 865506 170674 101751 170674 815536
154395 87892 154395 865506 170674 101751 170674 815536
156907 87892 156907 865506 170674 101751 170674 815536
170176 87892 170176 865506 170674 101751 170674 815536
171633 87892 171633 865506 170674 101751 170674 815536
173884 87892 173884 865506 170674 101751 170674 815536
174236 87892 174236 865506 170674 101751 170674 815536
174446 87892 174446 865506 170674 101751 170674 815536
181319 87892 181319 865506 170674 101751 170674 815536
183220 87892 183220 865506 170674 101751 170674 815536
192549 87892 192549 865506 170674 101751 170674 815536
193380 87892 193380 865506 170674 101751 170674 815536
194528 87892 194528 865506 170674 101751 170674 815536
194528 87892 194528 865506 195064 101751 195064 815536
195349 87892 195349 865506 195064 101751 195064 815536
200703 87892 200703 865506 195064 101751 195064 815536
203344 87892 203344 865506 195064 101751 195064 815536
204366 87892 204366 865506 195064 101751 195064 815536
209473 87892 209473 865506 195064 101751 195064 815536
209473 87892 209473 865506 210320 101751 210320 815536
215291 87892 215291 865506 210320 101751 210320 815536
218093 87892 218093 865506 210320 101751 210320 815536
218251 87892 218251 865506 210320 101751 210320 815536
222697 87892 222697 865506 210320 101751 210320 815536
222697 87892 222697 865506 226776 101751 226776 815536
222697 87892 222697 865506 231765 101751 231765 815536
222697 87892 222697 865506 237261 101751 237261 815536
222697 87892 222697 865506 240013 101751 240013 815536
240872 87892 240872 865506 240013 101751 240013 815536
246646 87892 246646 865506 240013 101751 240013 815536
246646 87892 246646 865506 261914 101751 261914 815536
246646 87892 246646 865506 262136 101751 262136 815536
263223 87892 263223 865506 262136 101751 262136 815536
264675 87892 264675 865506 262136 101751 262136 815536
264675 87892 264675 865506 268575 101751 268575 815536
264675 87892 264675 865506 272499 101751 272499 815536
264675 87892 264675 865506 272621 101751 272621 815536
274120 87892 274120 865506 272621 101751 272621 815536
274120 87892 274120 865506 276949 101751 276949 815536
274120 87892 274120 865506 280505 101751 280505 815536
283426 87892 283426 865506 280505 101751 280505 815536
283426 87892 283426 865506 286863 101751 286863 815536
283426 87892 283426 865506 307369 101751 307369 815536
283426 87892 283426 865506 313458 101751 313458 815536
283426 87892 283426 865506 313652 101751 313652 815536
283426 87892 283426 865506 315646 101751 315646 815536
283426 87892 283426 865506 315973 101751 315973 815536
323299 87892 323299 865506 315973 101751 315973 815536
323299 87892 323299 865506 327670 101751 327670 815536
323299 87892 323299 865506 329857 101751 329857 815536
323299 87892 323299 865506 331654 101751 331654 815536
323299 87892 323299 865506 336507 101751 336507 815536
323299 87892 323299 865506 344587 101751 344587 815536
354258 87892 354258 865506 344587 101751 344587 815536
354258 87892 354258 865506 358840 101751 358840 815536
354258 87892 354258 865506 360519 101751 360519 815536
354258 87892 354258 865506 362991 101751 362991 815536
354258 87892 354258 865506 363537 101751 363537 815536
354258 87892 354258 865506 369899 101751 369899 815536
354258 87892 354258 865506 375287 101751 375287 815536
354258 87892 354258 865506 381826 101751 381826 815536
354258 87892 354258 865506 384537 101751 384537 815536
387000 87892 387000 865506 384537 101751 384537 815536
387000 87892 387000 865506 392739 101751 392739 815536
387000 87892 387000 865506 393984 101751 393984 815536
387000 87892 387000 865506 394507 101751 394507 815536
387000 87892 387000 865506 402315 101751 402315 815536
403325 87892 403325 865506 402315 101751 402315 815536
403325 87892 403325 865506 408206 101751 408206 815536
403325 87892 403325 865506 413184 101751 413184 815536
403325 87892 403325 865506 417014 101751 417014 815536
403325 87892 403325 865506 425741 101751 425741 815536
403325 87892 403325 865506 435751 101751 435751 815536
403325 87892 403325 865506 437190 101751 437190 815536
439598 87892 439598 865506 437190 101751 437190 815536
439598 87892 439598 865506 445511 101751 445511 815536
439598 87892 439598 865506 446790 101751 446790 815536
439598 87892 439598 865506 454232 101751 454232 815536
439598 87892 439598 865506 458032 101751 458032 815536
439598 87892 439598 865506 459080 101751 459080 815536
439598 87892 439598 865506 464596 101751 464596 815536
439598 87892 439598 865506 465008 101751 465008 815536
465760 87892 465760 865506 465008 101751 465008 815536
465760 87892 465760 865506 466753 101751 466753 815536
465760 87892 465760 865506 467242 101751 467242 815536
465760 87892 465760 865506 467792 101751 467792 815536
465760 87892 465760 865506 471383 101751 471383 815536
465760 87892 465760 865506 473038 101751 473038 815536
465760 87892 465760 865506 476535 101751 476535 815536
476743 87892 476743 865506 476535 101751 476535 815536
476890 87892 476890 865506 476535 101751 476535 815536
483624 87892 483624 865506 476535 101751 476535 815536
483624 87892 483624 865506 483988 101751 483988 815536
486775 87892 486775 865506 483988 101751 483988 815536
486775 87892 486775 865506 487262 101751 487262 815536
486775 87892 486775 865506 488868 101751 488868 815536
490602 87892 490602 865506 488868 101751 488868 815536
490602 87892 490602 865506 498559 101751 498559 815536
499691 87892 499691 865506 498559 101751 498559 815536
500286 87892 500286 865506 498559 101751 498559 815536
500286 87892 500286 865506 501622 101751 501622 815536
502764 87892 502764 865506 501622 101751 501622 815536
502764 87892 502764 865506 503067 101751 503067 815536
502764 87892 502764 865506 506222 101751 506222 815536
502764 87892 502764 865506 508957 101751 508957 815536
502764 87892 502764 865506 511819 101751 511819 815536
514446 87892 514446 865506 511819 101751 511819 815536
514446 87892 514446 865506 521409 101751 521409 815536
514446 87892 514446 865506 525089 101751 525089 815536
514446 87892 514446 865506 526215 101751 526215 815536
526968 87892 526968 865506 526215 101751 526215 815536
526968 87892 526968 865506 527720 101751 527720 815536
529657 87892 529657 865506 527720 101751 527720 815536
529990 87892 529990 865506 527720 101751 527720 815536
529990 87892 529990 865506 530263 101751 530263 815536
529990 87892 529990 865506 531548 101751 531548 815536
529990 87892 529990 865506 532159 101751 532159 815536
529990 87892 529990 865506 532405 101751 532405 815536
533312 87892 533312 865506 532405 101751 532405 815536
533312 87892 533312 865506 533665 101751 533665 815536
533312 87892 533312 865506 539785 101751 539785 815536
544960 87892 544960 865506 539785 101751 539785 815536
545939 87892 545939 865506 539785 101751 539785 815536
547261 87892 547261 865506 539785 101751 539785 815536
548544 87892 548544 865506 539785 101751 539785 815536
548544 87892 548544 865506 550925 101751 550925 815536
548544 87892 548544 865506 551568 101751 551568 815536
548544 87892 548544 865506 555290 101751 555290 815536
548544 87892 548544 865506 558898 101751 558898 815536
558991 87892 558991 865506 558898 101751 558898 815536
559180 87892 559180 865506 558898 101751 558898 815536
561533 87892 561533 865506 558898 101751 558898 815536
566013 87892 566013 865506 558898 101751 558898 815536
567472 87892 567472 865506 558898 101751 558898 815536
567472 87892 567472 865506 567961 101751 567961 815536
567472 87892 567472 865506 568559 101751 568559 815536
572560 87892 572560 865506 568559 101751 568559 815536
575443 87892 575443 865506 568559 101751 568559 815536
579394 87892 579394 865506 568559 101751 568559 815536
584467 87892 584467 865506 568559 101751 568559 815536
585495 87892 585495 865506 568559 101751 568559 815536
585495 87892 585495 865506 586630 101751 586630 815536
598118 87892 598118 865506 586630 101751 586630 815536
599192 87892 599192 865506 586630 101751 586630 815536
600957 87892 600957 865506 586630 101751 586630 815536
604480 87892 604480 865506 586630 101751 586630 815536
609094 87892 609094 865506 586630 101751 586630 815536
609683 87892 609683 865506 586630 101751 586630 815536
614800 87892 614800 865506 586630 101751 586630 815536
621873 87892 621873 865506 586630 101751 586630 815536
622573 87892 622573 865506 586630 101751 586630 815536
627096 87892 627096 865506 586630 101751 586630 815536
627096 87892 627096 865506 640431 101751 640431 815536
640733 87892 640733 865506 640431 101751 640431 815536
644626 87892 644626 865506 640431 101751 640431 815536
645700 87892 645700 865506 640431 101751 640431 815536
664868 87892 664868 865506 640431 101751 640431 815536
666644 87892 666644 865506 640431 101751 640431 815536
666644 87892 666644 865506 668433 101751 668433 815536
669014 87892 669014 865506 668433 101751 668433 815536
670419 87892 670419 865506 668433 101751 668433 815536
674559 87892 674559 865506 668433 101751 668433 815536
675533 87892 675533 865506 668433 101751 668433 815536
677280 87892 677280 865506 668433 101751 668433 815536
689819 87892 689819 865506 668433 101751 668433 815536
690605 87892 690605 865506 668433 101751 668433 815536
691679 87892 691679 865506 668433 101751 668433 815536
692142 87892 692142 865506 668433 101751 668433 815536
693916 87892 693916 865506 668433 101751 668433 815536
694193 87892 694193 865506 668433 101751 668433 815536
701993 87892 701993 865506 668433 101751 668433 815536
701993 87892 701993 865506 703479 101751 703479 815536
706518 87892 706518 865506 703479 101751 703479 815536
708300 87892 708300 865506 703479 101751 703479 815536
708858 87892 708858 865506 703479 101751 703479 815536
708858 87892 708858 865506 718176 101751 718176 815536
719177 87892 719177 865506 718176 101751 718176 815536
726810 87892 726810 865506 718176 101751 718176 815536
730277 87892 730277 865506 718176 101751 718176 815536
731404 87892 731404 865506 718176 101751 718176 815536
733931 87892 733931 865506 718176 101751 718176 815536
733931 87892 733931 865506 736010 101751 736010 815536
736433 87892 736433 865506 736010 101751 736010 815536
736433 87892 736433 865506 736687 101751 736687 815536
739899 87892 739899 865506 736687 101751 736687 815536
740568 87892 740568 865506 736687 101751 736687 815536
752670 87892 752670 865506 736687 101751 736687 815536
752670 87892 752670 865506 761216 101751 761216 815536
752670 87892 752670 865506 761552 101751 761552 815536
752670 87892 752670 865506 767900 101751 767900 815536
779894 87892 779894 865506 767900 101751 767900 815536
779894 87892 779894 865506 794088 101751 794088 815536
779894 87892 779894 865506 797141 101751 797141 815536
779894 87892 779894 865506 804617 101751 804617 815536
779894 87892 779894 865506 816916 101751 816916 815536
779894 87892 779894 865506 823970 101751 823970 815536
779894 87892 779894 865506 826317 101751 826317 815536
779894 87892 779894 865506 852934 101751 852934 815536
779894 87892 779894 865506 866557 101751 866557 815536
779894 87892 779894 865506 869579 101751 869579 815536
