58261 173629 58261 899176 68439 208630 68439 812792
58261 173629 58261 899176 68439 208630 68439 812792
58261 173629 58261 899176 97233 208630 97233 812792
104947 173629 104947 899176 97233 208630 97233 812792
104947 173629 104947 899176 110827 208630 110827 812792
104947 173629 104947 899176 144348 208630 144348 812792
149625 173629 149625 899176 144348 208630 144348 812792
176847 173629 176847 899176 144348 208630 144348 812792
176847 173629 176847 899176 179090 208630 179090 812792
193153 173629 193153 899176 179090 208630 179090 812792
208325 173629 208325 899176 179090 208630 179090 812792
208325 173629 208325 899176 222043 208630 222043 812792
244681 173629 244681 899176 222043 208630 222043 812792
245304 173629 245304 899176 222043 208630 222043 812792
261065 173629 261065 899176 222043 208630 222043 812792
261772 173629 261772 899176 222043 208630 222043 812792
261772 173629 261772 899176 282942 208630 282942 812792
261772 173629 261772 899176 302792 208630 302792 812792
303105 173629 303105 899176 302792 208630 302792 812792
306048 173629 306048 899176 302792 208630 302792 812792
306048 173629 306048 899176 315473 208630 315473 812792
317625 173629 317625 899176 315473 208630 315473 812792
317625 173629 317625 899176 322404 208630 322404 812792
326340 173629 326340 899176 322404 208630 322404 812792
328935 173629 328935 899176 322404 208630 322404 812792
328935 173629 328935 899176 329043 208630 329043 812792
329123 173629 329123 899176 329043 208630 329043 812792
333015 173629 333015 899176 329043 208630 329043 812792
333015 173629 333015 899176 336968 208630 336968 812792
333015 173629 333015 899176 339768 208630 339768 812792
333015 173629 333015 899176 340206 208630 340206 812792
349595 173629 349595 899176 340206 208630 340206 812792
351708 173629 351708 899176 340206 208630 340206 812792
351708 173629 351708 899176 352944 208630 352944 812792
351708 173629 351708 899176 355291 208630 355291 812792
356307 173629 356307 899176 355291 208630 355291 812792
356307 173629 356307 899176 359258 208630 359258 812792
356307 173629 356307 899176 363116 208630 363116 812792
356307 173629 356307 899176 374058 208630 374058 812792
375867 173629 375867 899176 374058 208630 374058 812792
375997 173629 375997 899176 374058 208630 374058 812792
375997 173629 375997 899176 379010 208630 379010 812792
375997 173629 375997 899176 379102 208630 379102 812792
375997 173629 375997 899176 391472 208630 391472 812792
375997 173629 375997 899176 399036 208630 399036 812792
399060 173629 399060 899176 399036 208630 399036 812792
404136 173629 404136 899176 399036 208630 399036 812792
404136 173629 404136 899176 405483 208630 405483 812792
404136 173629 404136 899176 405671 208630 405671 812792
404136 173629 404136 899176 423939 208630 423939 812792
404136 173629 404136 899176 426585 208630 426585 812792
404136 173629 404136 899176 426697 208630 426697 812792
404136 173629 404136 899176 429494 208630 429494 812792
430253 173629 430253 899176 429494 208630 429494 812792
430253 173629 430253 899176 431394 208630 431394 812792
430253 173629 430253 899176 431646 208630 431646 812792
430253 173629 430253 899176 438318 208630 438318 812792
430253 173629 430253 899176 440801 208630 440801 812792
430253 173629 430253 899176 441048 208630 441048 812792
443646 173629 443646 899176 441048 208630 441048 812792
443646 173629 443646 899176 450862 208630 450862 812792
443646 173629 443646 899176 457975 208630 457975 812792
458359 173629 458359 899176 457975 208630 457975 812792
458359 173629 458359 899176 459877 208630 459877 812792
458359 173629 458359 899176 463827 208630 463827 812792
458359 173629 458359 899176 464738 208630 464738 812792
458359 173629 458359 899176 470082 208630 470082 812792
470644 173629 470644 899176 470082 208630 470082 812792
470644 173629 470644 899176 471795 208630 471795 812792
470644 173629 470644 899176 473692 208630 473692 812792
470644 173629 470644 899176 475317 208630 475317 812792
475836 173629 475836 899176 475317 208630 475317 812792
475836 173629 475836 899176 476304 208630 476304 812792
475836 173629 475836 899176 477455 208630 477455 812792
475836 173629 475836 899176 483282 208630 483282 812792
475836 173629 475836 899176 491225 208630 491225 812792
475836 173629 475836 899176 493856 208630 493856 812792
475836 173629 475836 899176 498023 208630 498023 812792
475836 173629 475836 899176 503359 208630 503359 812792
475836 173629 475836 899176 508490 208630 508490 812792
475836 173629 475836 899176 508920 208630 508920 812792
475836 173629 475836 899176 510580 208630 510580 812792
475836 173629 475836 899176 511550 208630 511550 812792
475836 173629 475836 899176 522043 208630 522043 812792
475836 173629 475836 899176 522702 208630 522702 812792
526181 173629 526181 899176 522702 208630 522702 812792
526181 173629 526181 899176 526493 208630 526493 812792
526181 173629 526181 899176 527446 208630 527446 812792
526181 173629 526181 899176 544771 208630 544771 812792
526181 173629 526181 899176 545151 208630 545151 812792
526181 173629 526181 899176 549091 208630 549091 812792
526181 173629 526181 899176 559345 208630 559345 812792
562494 173629 562494 899176 559345 208630 559345 812792
564466 173629 564466 899176 559345 208630 559345 812792
564466 173629 564466 899176 568142 208630 568142 812792
568823 173629 568823 899176 568142 208630 568142 812792
571056 173629 571056 899176 568142 208630 568142 812792
574810 173629 574810 899176 568142 208630 568142 812792
574810 173629 574810 899176 576094 208630 576094 812792
574810 173629 574810 899176 577485 208630 577485 812792
580459 173629 580459 899176 577485 208630 577485 812792
580459 173629 580459 899176 582236 208630 582236 812792
582829 173629 582829 899176 582236 208630 582236 812792
582829 173629 582829 899176 585533 208630 585533 812792
582829 173629 582829 899176 589682 208630 589682 812792
590399 173629 590399 899176 589682 208630 589682 812792
590399 173629 590399 899176 591347 208630 591347 812792
591952 173629 591952 899176 591347 208630 591347 812792
591952 173629 591952 899176 594874 208630 594874 812792
595470 173629 595470 899176 594874 208630 594874 812792
597588 173629 597588 899176 594874 208630 594874 812792
599250 173629 599250 899176 594874 208630 594874 812792
601234 173629 601234 899176 594874 208630 594874 812792
601234 173629 601234 899176 601968 208630 601968 812792
606992 173629 606992 899176 601968 208630 601968 812792
608257 173629 608257 899176 601968 208630 601968 812792
608257 173629 608257 899176 611621 208630 611621 812792
608257 173629 608257 899176 612056 208630 612056 812792
612089 173629 612089 899176 612056 208630 612056 812792
612299 173629 612299 899176 612056 208630 612056 812792
612299 173629 612299 899176 613117 208630 613117 812792
612299 173629 612299 899176 614986 208630 614986 812792
615089 173629 615089 899176 614986 208630 614986 812792
616579 173629 616579 899176 614986 208630 614986 812792
616579 173629 616579 899176 619352 208630 619352 812792
620674 173629 620674 899176 619352 208630 619352 812792
620823 173629 620823 899176 619352 208630 619352 812792
620830 173629 620830 899176 619352 208630 619352 812792
620830 173629 620830 899176 620892 208630 620892 812792
621312 173629 621312 899176 620892 208630 620892 812792
623449 173629 623449 899176 620892 208630 620892 812792
623449 173629 623449 899176 626196 208630 626196 812792
627539 173629 627539 899176 626196 208630 626196 812792
627539 173629 627539 899176 628532 208630 628532 812792
627539 173629 627539 899176 634454 208630 634454 812792
627539 173629 627539 899176 636203 208630 636203 812792
638629 173629 638629 899176 636203 208630 636203 812792
638882 173629 638882 899176 636203 208630 636203 812792
638882 173629 638882 899176 640534 208630 640534 812792
644237 173629 644237 899176 640534 208630 640534 812792
644237 173629 644237 899176 646296 208630 646296 812792
653775 173629 653775 899176 646296 208630 646296 812792
655398 173629 655398 899176 646296 208630 646296 812792
656180 173629 656180 899176 646296 208630 646296 812792
656581 173629 656581 899176 646296 208630 646296 812792
657135 173629 657135 899176 646296 208630 646296 812792
662190 173629 662190 899176 646296 208630 646296 812792
673514 173629 673514 899176 646296 208630 646296 812792
673849 173629 673849 899176 646296 208630 646296 812792
675768 173629 675768 899176 646296 208630 646296 812792
676590 173629 676590 899176 646296 208630 646296 812792
676792 173629 676792 899176 646296 208630 646296 812792
677251 173629 677251 899176 646296 208630 646296 812792
677251 173629 677251 899176 677587 208630 677587 812792
687797 173629 687797 899176 677587 208630 677587 812792
692291 173629 692291 899176 677587 208630 677587 812792
692291 173629 692291 899176 693550 208630 693550 812792
694293 173629 694293 899176 693550 208630 693550 812792
700840 173629 700840 899176 693550 208630 693550 812792
702623 173629 702623 899176 693550 208630 693550 812792
702623 173629 702623 899176 703173 208630 703173 812792
706624 173629 706624 899176 703173 208630 703173 812792
708173 173629 708173 899176 703173 208630 703173 812792
709873 173629 709873 899176 703173 208630 703173 812792
709873 173629 709873 899176 712238 208630 712238 812792
709873 173629 709873 899176 713821 208630 713821 812792
715274 173629 715274 899176 713821 208630 713821 812792
717468 173629 717468 899176 713821 208630 713821 812792
721093 173629 721093 899176 713821 208630 713821 812792
721093 173629 721093 899176 722948 208630 722948 812792
727215 173629 727215 899176 722948 208630 722948 812792
733365 173629 733365 899176 722948 208630 722948 812792
739318 173629 739318 899176 722948 208630 722948 812792
740221 173629 740221 899176 722948 208630 722948 812792
740221 173629 740221 899176 740249 208630 740249 812792
743983 173629 743983 899176 740249 208630 740249 812792
743983 173629 743983 899176 746087 208630 746087 812792
743983 173629 743983 899176 748300 208630 748300 812792
749417 173629 749417 899176 748300 208630 748300 812792
750277 173629 750277 899176 748300 208630 748300 812792
750277 173629 750277 899176 750658 208630 750658 812792
750738 173629 750738 899176 750658 208630 750658 812792
754072 173629 754072 899176 750658 208630 750658 812792
754802 173629 754802 899176 750658 208630 750658 812792
755133 173629 755133 899176 750658 208630 750658 812792
759613 173629 759613 899176 750658 208630 750658 812792
760685 173629 760685 899176 750658 208630 750658 812792
770233 173629 770233 899176 750658 208630 750658 812792
771415 173629 771415 899176 750658 208630 750658 812792
772770 173629 772770 899176 750658 208630 750658 812792
772770 173629 772770 899176 782668 208630 782668 812792
772770 173629 772770 899176 783567 208630 783567 812792
772770 173629 772770 899176 790154 208630 790154 812792
798499 173629 798499 899176 790154 208630 790154 812792
798499 173629 798499 899176 802891 208630 802891 812792
804820 173629 804820 899176 802891 208630 802891 812792
804820 173629 804820 899176 825733 208630 825733 812792
804820 173629 804820 899176 828388 208630 828388 812792
833162 173629 833162 899176 828388 208630 828388 812792
833162 173629 833162 899176 843088 208630 843088 812792
