23426 52478 23426 854283 78160 152698 78160 861632
23426 52478 23426 854283 78160 152698 78160 861632
23426 52478 23426 854283 120089 152698 120089 861632
23426 52478 23426 854283 132165 152698 132165 861632
23426 52478 23426 854283 149197 152698 149197 861632
23426 52478 23426 854283 153670 152698 153670 861632
160930 52478 160930 854283 153670 152698 153670 861632
160930 52478 160930 854283 170679 152698 170679 861632
160930 52478 160930 854283 174499 152698 174499 861632
160930 52478 160930 854283 178112 152698 178112 861632
178605 52478 178605 854283 178112 152698 178112 861632
181900 52478 181900 854283 178112 152698 178112 861632
182827 52478 182827 854283 178112 152698 178112 861632
191668 52478 191668 854283 178112 152698 178112 861632
201625 52478 201625 854283 178112 152698 178112 861632
201625 52478 201625 854283 201831 152698 201831 861632
205626 52478 205626 854283 201831 152698 201831 861632
205626 52478 205626 854283 210510 152698 210510 861632
205626 52478 205626 854283 212680 152698 212680 861632
215704 52478 215704 854283 212680 152698 212680 861632
215704 52478 215704 854283 217243 152698 217243 861632
224813 52478 224813 854283 217243 152698 217243 861632
224813 52478 224813 854283 226011 152698 226011 861632
230873 52478 230873 854283 226011 152698 226011 861632
231878 52478 231878 854283 226011 152698 226011 861632
231878 52478 231878 854283 232653 152698 232653 861632
231878 52478 231878 854283 232708 152698 232708 861632
233063 52478 233063 854283 232708 152698 232708 861632
237008 52478 237008 854283 232708 152698 232708 861632
237008 52478 237008 854283 240402 152698 240402 861632
241042 52478 241042 854283 240402 152698 240402 861632
241042 52478 241042 854283 243948 152698 243948 861632
241042 52478 241042 854283 244670 152698 244670 861632
241042 52478 241042 854283 250445 152698 250445 861632
241042 52478 241042 854283 256345 152698 256345 861632
241042 52478 241042 854283 256648 152698 256648 861632
258659 52478 258659 854283 256648 152698 256648 861632
259627 52478 259627 854283 256648 152698 256648 861632
264605 52478 264605 854283 256648 152698 256648 861632
273779 52478 273779 854283 256648 152698 256648 861632
273779 52478 273779 854283 274007 152698 274007 861632
273779 52478 273779 854283 274132 152698 274132 861632
273779 52478 273779 854283 277832 152698 277832 861632
278688 52478 278688 854283 277832 152698 277832 861632
278688 52478 278688 854283 279743 152698 279743 861632
278688 52478 278688 854283 280086 152698 280086 861632
288619 52478 288619 854283 280086 152698 280086 861632
288619 52478 288619 854283 292149 152698 292149 861632
288619 52478 288619 854283 292931 152698 292931 861632
288619 52478 288619 854283 293708 152698 293708 861632
288619 52478 288619 854283 294384 152698 294384 861632
288619 52478 288619 854283 298469 152698 298469 861632
288619 52478 288619 854283 299826 152698 299826 861632
305376 52478 305376 854283 299826 152698 299826 861632
305376 52478 305376 854283 307999 152698 307999 861632
305376 52478 305376 854283 309875 152698 309875 861632
305376 52478 305376 854283 310629 152698 310629 861632
305376 52478 305376 854283 311476 152698 311476 861632
305376 52478 305376 854283 312105 152698 312105 861632
312406 52478 312406 854283 312105 152698 312105 861632
312406 52478 312406 854283 312912 152698 312912 861632
314056 52478 314056 854283 312912 152698 312912 861632
315773 52478 315773 854283 312912 152698 312912 861632
315773 52478 315773 854283 317578 152698 317578 861632
315773 52478 315773 854283 322326 152698 322326 861632
315773 52478 315773 854283 323367 152698 323367 861632
332003 52478 332003 854283 323367 152698 323367 861632
332003 52478 332003 854283 332923 152698 332923 861632
333286 52478 333286 854283 332923 152698 332923 861632
333286 52478 333286 854283 335393 152698 335393 861632
337025 52478 337025 854283 335393 152698 335393 861632
337025 52478 337025 854283 339646 152698 339646 861632
337025 52478 337025 854283 340624 152698 340624 861632
337025 52478 337025 854283 341474 152698 341474 861632
342410 52478 342410 854283 341474 152698 341474 861632
342410 52478 342410 854283 342992 152698 342992 861632
345046 52478 345046 854283 342992 152698 342992 861632
346745 52478 346745 854283 342992 152698 342992 861632
346745 52478 346745 854283 348516 152698 348516 861632
346745 52478 346745 854283 353737 152698 353737 861632
346745 52478 346745 854283 356524 152698 356524 861632
346745 52478 346745 854283 360292 152698 360292 861632
346745 52478 346745 854283 361357 152698 361357 861632
346745 52478 346745 854283 363500 152698 363500 861632
346745 52478 346745 854283 364706 152698 364706 861632
370575 52478 370575 854283 364706 152698 364706 861632
376991 52478 376991 854283 364706 152698 364706 861632
376991 52478 376991 854283 384919 152698 384919 861632
376991 52478 376991 854283 386780 152698 386780 861632
376991 52478 376991 854283 387292 152698 387292 861632
376991 52478 376991 854283 387571 152698 387571 861632
376991 52478 376991 854283 390490 152698 390490 861632
392556 52478 392556 854283 390490 152698 390490 861632
392556 52478 392556 854283 393236 152698 393236 861632
392556 52478 392556 854283 396662 152698 396662 861632
392556 52478 392556 854283 396692 152698 396692 861632
392556 52478 392556 854283 403147 152698 403147 861632
392556 52478 392556 854283 403549 152698 403549 861632
392556 52478 392556 854283 406309 152698 406309 861632
392556 52478 392556 854283 421212 152698 421212 861632
392556 52478 392556 854283 421259 152698 421259 861632
392556 52478 392556 854283 427388 152698 427388 861632
392556 52478 392556 854283 433034 152698 433034 861632
392556 52478 392556 854283 438708 152698 438708 861632
392556 52478 392556 854283 438830 152698 438830 861632
392556 52478 392556 854283 439670 152698 439670 861632
454907 52478 454907 854283 439670 152698 439670 861632
454907 52478 454907 854283 460033 152698 460033 861632
454907 52478 454907 854283 463422 152698 463422 861632
454907 52478 454907 854283 464217 152698 464217 861632
454907 52478 454907 854283 466055 152698 466055 861632
454907 52478 454907 854283 471358 152698 471358 861632
454907 52478 454907 854283 481332 152698 481332 861632
454907 52478 454907 854283 488547 152698 488547 861632
494976 52478 494976 854283 488547 152698 488547 861632
494976 52478 494976 854283 495037 152698 495037 861632
498204 52478 498204 854283 495037 152698 495037 861632
499840 52478 499840 854283 495037 152698 495037 861632
499840 52478 499840 854283 511619 152698 511619 861632
521364 52478 521364 854283 511619 152698 511619 861632
521364 52478 521364 854283 521758 152698 521758 861632
521364 52478 521364 854283 526100 152698 526100 861632
521364 52478 521364 854283 543630 152698 543630 861632
521364 52478 521364 854283 546251 152698 546251 861632
521364 52478 521364 854283 549835 152698 549835 861632
521364 52478 521364 854283 550871 152698 550871 861632
567304 52478 567304 854283 550871 152698 550871 861632
567304 52478 567304 854283 568420 152698 568420 861632
571574 52478 571574 854283 568420 152698 568420 861632
571574 52478 571574 854283 574282 152698 574282 861632
583888 52478 583888 854283 574282 152698 574282 861632
590207 52478 590207 854283 574282 152698 574282 861632
590207 52478 590207 854283 596184 152698 596184 861632
590207 52478 590207 854283 602244 152698 602244 861632
604347 52478 604347 854283 602244 152698 602244 861632
608489 52478 608489 854283 602244 152698 602244 861632
609352 52478 609352 854283 602244 152698 602244 861632
612614 52478 612614 854283 602244 152698 602244 861632
615423 52478 615423 854283 602244 152698 602244 861632
617221 52478 617221 854283 602244 152698 602244 861632
617440 52478 617440 854283 602244 152698 602244 861632
617873 52478 617873 854283 602244 152698 602244 861632
619967 52478 619967 854283 602244 152698 602244 861632
625429 52478 625429 854283 602244 152698 602244 861632
625429 52478 625429 854283 626944 152698 626944 861632
636345 52478 636345 854283 626944 152698 626944 861632
636345 52478 636345 854283 640786 152698 640786 861632
642797 52478 642797 854283 640786 152698 640786 861632
642797 52478 642797 854283 644633 152698 644633 861632
645901 52478 645901 854283 644633 152698 644633 861632
646367 52478 646367 854283 644633 152698 644633 861632
646656 52478 646656 854283 644633 152698 644633 861632
647171 52478 647171 854283 644633 152698 644633 861632
647171 52478 647171 854283 650648 152698 650648 861632
651468 52478 651468 854283 650648 152698 650648 861632
651900 52478 651900 854283 650648 152698 650648 861632
651905 52478 651905 854283 650648 152698 650648 861632
652373 52478 652373 854283 650648 152698 650648 861632
652900 52478 652900 854283 650648 152698 650648 861632
655621 52478 655621 854283 650648 152698 650648 861632
655621 52478 655621 854283 658869 152698 658869 861632
669494 52478 669494 854283 658869 152698 658869 861632
672616 52478 672616 854283 658869 152698 658869 861632
673516 52478 673516 854283 658869 152698 658869 861632
675643 52478 675643 854283 658869 152698 658869 861632
679674 52478 679674 854283 658869 152698 658869 861632
679674 52478 679674 854283 681620 152698 681620 861632
682753 52478 682753 854283 681620 152698 681620 861632
682753 52478 682753 854283 690093 152698 690093 861632
692124 52478 692124 854283 690093 152698 690093 861632
694083 52478 694083 854283 690093 152698 690093 861632
694574 52478 694574 854283 690093 152698 690093 861632
694574 52478 694574 854283 697799 152698 697799 861632
700987 52478 700987 854283 697799 152698 697799 861632
705216 52478 705216 854283 697799 152698 697799 861632
716233 52478 716233 854283 697799 152698 697799 861632
722021 52478 722021 854283 697799 152698 697799 861632
727229 52478 727229 854283 697799 152698 697799 861632
727519 52478 727519 854283 697799 152698 697799 861632
741180 52478 741180 854283 697799 152698 697799 861632
743335 52478 743335 854283 697799 152698 697799 861632
760800 52478 760800 854283 697799 152698 697799 861632
765121 52478 765121 854283 697799 152698 697799 861632
767663 52478 767663 854283 697799 152698 697799 861632
768843 52478 768843 854283 697799 152698 697799 861632
769144 52478 769144 854283 697799 152698 697799 861632
770228 52478 770228 854283 697799 152698 697799 861632
770228 52478 770228 854283 787764 152698 787764 861632
791971 52478 791971 854283 787764 152698 787764 861632
794012 52478 794012 854283 787764 152698 787764 861632
796344 52478 796344 854283 787764 152698 787764 861632
799264 52478 799264 854283 787764 152698 787764 861632
811525 52478 811525 854283 787764 152698 787764 861632
816575 52478 816575 854283 787764 152698 787764 861632
817527 52478 817527 854283 787764 152698 787764 861632
827049 52478 827049 854283 787764 152698 787764 861632
829633 52478 829633 854283 787764 152698 787764 861632
832034 52478 832034 854283 787764 152698 787764 861632
874520 52478 874520 854283 787764 152698 787764 861632
883724 52478 883724 854283 787764 152698 787764 861632
