297851 110126 297851 846857 237944 146026 237944 752564
297851 110126 297851 846857 237944 146026 237944 752564
297851 110126 297851 846857 248682 146026 248682 752564
297851 110126 297851 846857 254042 146026 254042 752564
297851 110126 297851 846857 287006 146026 287006 752564
297851 110126 297851 846857 295053 146026 295053 752564
297851 110126 297851 846857 299121 146026 299121 752564
297851 110126 297851 846857 309241 146026 309241 752564
312269 110126 312269 846857 309241 146026 309241 752564
312269 110126 312269 846857 316304 146026 316304 752564
324632 110126 324632 846857 316304 146026 316304 752564
324632 110126 324632 846857 327410 146026 327410 752564
324632 110126 324632 846857 337341 146026 337341 752564
324632 110126 324632 846857 341863 146026 341863 752564
324632 110126 324632 846857 346886 146026 346886 752564
324632 110126 324632 846857 349768 146026 349768 752564
357268 110126 357268 846857 349768 146026 349768 752564
358299 110126 358299 846857 349768 146026 349768 752564
358299 110126 358299 846857 359624 146026 359624 752564
362266 110126 362266 846857 359624 146026 359624 752564
362266 110126 362266 846857 370578 146026 370578 752564
382527 110126 382527 846857 370578 146026 370578 752564
384678 110126 384678 846857 370578 146026 370578 752564
384678 110126 384678 846857 384733 146026 384733 752564
386373 110126 386373 846857 384733 146026 384733 752564
386373 110126 386373 846857 392813 146026 392813 752564
386373 110126 386373 846857 393980 146026 393980 752564
386373 110126 386373 846857 399548 146026 399548 752564
401059 110126 401059 846857 399548 146026 399548 752564
401430 110126 401430 846857 399548 146026 399548 752564
402120 110126 402120 846857 399548 146026 399548 752564
402180 110126 402180 846857 399548 146026 399548 752564
402180 110126 402180 846857 402625 146026 402625 752564
405708 110126 405708 846857 402625 146026 402625 752564
405708 110126 405708 846857 409490 146026 409490 752564
405708 110126 405708 846857 409886 146026 409886 752564
414171 110126 414171 846857 409886 146026 409886 752564
416572 110126 416572 846857 409886 146026 409886 752564
416660 110126 416660 846857 409886 146026 409886 752564
416660 110126 416660 846857 417090 146026 417090 752564
416660 110126 416660 846857 419777 146026 419777 752564
427462 110126 427462 846857 419777 146026 419777 752564
429939 110126 429939 846857 419777 146026 419777 752564
429939 110126 429939 846857 430944 146026 430944 752564
429939 110126 429939 846857 431626 146026 431626 752564
429939 110126 429939 846857 432917 146026 432917 752564
433947 110126 433947 846857 432917 146026 432917 752564
434742 110126 434742 846857 432917 146026 432917 752564
435709 110126 435709 846857 432917 146026 432917 752564
436592 110126 436592 846857 432917 146026 432917 752564
436592 110126 436592 846857 437314 146026 437314 752564
439454 110126 439454 846857 437314 146026 437314 752564
440129 110126 440129 846857 437314 146026 437314 752564
443045 110126 443045 846857 437314 146026 437314 752564
447742 110126 447742 846857 437314 146026 437314 752564
447742 110126 447742 846857 448575 146026 448575 752564
451553 110126 451553 846857 448575 146026 448575 752564
451553 110126 451553 846857 454269 146026 454269 752564
451553 110126 451553 846857 455578 146026 455578 752564
451553 110126 451553 846857 455765 146026 455765 752564
451553 110126 451553 846857 457540 146026 457540 752564
451553 110126 451553 846857 461103 146026 461103 752564
462323 110126 462323 846857 461103 146026 461103 752564
462323 110126 462323 846857 463749 146026 463749 752564
462323 110126 462323 846857 463815 146026 463815 752564
464217 110126 464217 846857 463815 146026 463815 752564
464217 110126 464217 846857 464719 146026 464719 752564
464217 110126 464217 846857 467433 146026 467433 752564
467832 110126 467832 846857 467433 146026 467433 752564
467832 110126 467832 846857 468386 146026 468386 752564
467832 110126 467832 846857 468928 146026 468928 752564
469914 110126 469914 846857 468928 146026 468928 752564
469914 110126 469914 846857 470425 146026 470425 752564
469914 110126 469914 846857 473424 146026 473424 752564
469914 110126 469914 846857 476436 146026 476436 752564
476729 110126 476729 846857 476436 146026 476436 752564
477866 110126 477866 846857 476436 146026 476436 752564
479315 110126 479315 846857 476436 146026 476436 752564
479315 110126 479315 846857 480372 146026 480372 752564
486568 110126 486568 846857 480372 146026 480372 752564
486568 110126 486568 846857 492220 146026 492220 752564
486568 110126 486568 846857 492663 146026 492663 752564
495729 110126 495729 846857 492663 146026 492663 752564
496837 110126 496837 846857 492663 146026 492663 752564
497732 110126 497732 846857 492663 146026 492663 752564
500317 110126 500317 846857 492663 146026 492663 752564
500317 110126 500317 846857 503452 146026 503452 752564
503750 110126 503750 846857 503452 146026 503452 752564
504340 110126 504340 846857 503452 146026 503452 752564
504340 110126 504340 846857 505427 146026 505427 752564
504340 110126 504340 846857 505583 146026 505583 752564
506174 110126 506174 846857 505583 146026 505583 752564
506482 110126 506482 846857 505583 146026 505583 752564
506482 110126 506482 846857 507553 146026 507553 752564
506482 110126 506482 846857 507666 146026 507666 752564
506482 110126 506482 846857 508107 146026 508107 752564
506482 110126 506482 846857 508462 146026 508462 752564
509700 110126 509700 846857 508462 146026 508462 752564
509700 110126 509700 846857 510065 146026 510065 752564
510688 110126 510688 846857 510065 146026 510065 752564
513814 110126 513814 846857 510065 146026 510065 752564
513814 110126 513814 846857 515072 146026 515072 752564
513814 110126 513814 846857 516767 146026 516767 752564
517380 110126 517380 846857 516767 146026 516767 752564
532333 110126 532333 846857 516767 146026 516767 752564
534668 110126 534668 846857 516767 146026 516767 752564
535134 110126 535134 846857 516767 146026 516767 752564
536063 110126 536063 846857 516767 146026 516767 752564
536063 110126 536063 846857 537256 146026 537256 752564
539443 110126 539443 846857 537256 146026 537256 752564
539443 110126 539443 846857 541843 146026 541843 752564
539443 110126 539443 846857 543346 146026 543346 752564
539443 110126 539443 846857 544880 146026 544880 752564
539443 110126 539443 846857 545035 146026 545035 752564
553123 110126 553123 846857 545035 146026 545035 752564
554243 110126 554243 846857 545035 146026 545035 752564
554243 110126 554243 846857 554571 146026 554571 752564
554243 110126 554243 846857 555709 146026 555709 752564
554243 110126 554243 846857 556328 146026 556328 752564
560180 110126 560180 846857 556328 146026 556328 752564
563734 110126 563734 846857 556328 146026 556328 752564
563893 110126 563893 846857 556328 146026 556328 752564
563893 110126 563893 846857 564572 146026 564572 752564
568261 110126 568261 846857 564572 146026 564572 752564
570736 110126 570736 846857 564572 146026 564572 752564
570736 110126 570736 846857 572476 146026 572476 752564
574784 110126 574784 846857 572476 146026 572476 752564
574784 110126 574784 846857 575497 146026 575497 752564
576308 110126 576308 846857 575497 146026 575497 752564
576702 110126 576702 846857 575497 146026 575497 752564
577229 110126 577229 846857 575497 146026 575497 752564
578086 110126 578086 846857 575497 146026 575497 752564
579634 110126 579634 846857 575497 146026 575497 752564
579634 110126 579634 846857 585452 146026 585452 752564
579634 110126 579634 846857 587129 146026 587129 752564
587433 110126 587433 846857 587129 146026 587129 752564
587433 110126 587433 846857 593564 146026 593564 752564
596052 110126 596052 846857 593564 146026 593564 752564
596052 110126 596052 846857 597837 146026 597837 752564
601792 110126 601792 846857 597837 146026 597837 752564
601792 110126 601792 846857 602764 146026 602764 752564
608607 110126 608607 846857 602764 146026 602764 752564
608607 110126 608607 846857 618712 146026 618712 752564
619923 110126 619923 846857 618712 146026 618712 752564
620747 110126 620747 846857 618712 146026 618712 752564
623188 110126 623188 846857 618712 146026 618712 752564
627137 110126 627137 846857 618712 146026 618712 752564
630292 110126 630292 846857 618712 146026 618712 752564
633820 110126 633820 846857 618712 146026 618712 752564
634051 110126 634051 846857 618712 146026 618712 752564
634051 110126 634051 846857 636847 146026 636847 752564
640082 110126 640082 846857 636847 146026 636847 752564
640082 110126 640082 846857 641920 146026 641920 752564
643670 110126 643670 846857 641920 146026 641920 752564
643823 110126 643823 846857 641920 146026 641920 752564
649066 110126 649066 846857 641920 146026 641920 752564
655420 110126 655420 846857 641920 146026 641920 752564
655420 110126 655420 846857 657235 146026 657235 752564
655420 110126 655420 846857 657702 146026 657702 752564
655420 110126 655420 846857 658902 146026 658902 752564
661342 110126 661342 846857 658902 146026 658902 752564
661342 110126 661342 846857 661904 146026 661904 752564
661342 110126 661342 846857 668215 146026 668215 752564
661342 110126 661342 846857 672098 146026 672098 752564
661342 110126 661342 846857 673353 146026 673353 752564
661342 110126 661342 846857 674230 146026 674230 752564
675680 110126 675680 846857 674230 146026 674230 752564
675680 110126 675680 846857 681050 146026 681050 752564
675680 110126 675680 846857 688053 146026 688053 752564
675680 110126 675680 846857 689046 146026 689046 752564
675680 110126 675680 846857 690497 146026 690497 752564
690849 110126 690849 846857 690497 146026 690497 752564
690849 110126 690849 846857 696473 146026 696473 752564
690849 110126 690849 846857 696894 146026 696894 752564
690849 110126 690849 846857 699178 146026 699178 752564
706204 110126 706204 846857 699178 146026 699178 752564
711758 110126 711758 846857 699178 146026 699178 752564
711758 110126 711758 846857 719381 146026 719381 752564
711758 110126 711758 846857 721537 146026 721537 752564
735291 110126 735291 846857 721537 146026 721537 752564
735291 110126 735291 846857 745107 146026 745107 752564
751068 110126 751068 846857 745107 146026 745107 752564
751793 110126 751793 846857 745107 146026 745107 752564
751793 110126 751793 846857 752044 146026 752044 752564
751793 110126 751793 846857 752466 146026 752466 752564
758923 110126 758923 846857 752466 146026 752466 752564
762236 110126 762236 846857 752466 146026 752466 752564
765029 110126 765029 846857 752466 146026 752466 752564
769816 110126 769816 846857 752466 146026 752466 752564
775478 110126 775478 846857 752466 146026 752466 752564
779689 110126 779689 846857 752466 146026 752466 752564
779689 110126 779689 846857 782448 146026 782448 752564
779689 110126 779689 846857 796123 146026 796123 752564
797915 110126 797915 846857 796123 146026 796123 752564
797915 110126 797915 846857 803229 146026 803229 752564
797915 110126 797915 846857 847394 146026 847394 752564
797915 110126 797915 846857 851086 146026 851086 752564
870407 110126 870407 846857 851086 146026 851086 752564
892434 110126 892434 846857 851086 146026 851086 752564
899881 110126 899881 846857 851086 146026 851086 752564
