236293 171160 236293 807186 331358 33912 331358 818204
236293 171160 236293 807186 331358 33912 331358 818204
282062 171160 282062 807186 331358 33912 331358 818204
302510 171160 302510 807186 331358 33912 331358 818204
313783 171160 313783 807186 331358 33912 331358 818204
323631 171160 323631 807186 331358 33912 331358 818204
331190 171160 331190 807186 331358 33912 331358 818204
331190 171160 331190 807186 339951 33912 339951 818204
331190 171160 331190 807186 340420 33912 340420 818204
344910 171160 344910 807186 340420 33912 340420 818204
344910 171160 344910 807186 345990 33912 345990 818204
352385 171160 352385 807186 345990 33912 345990 818204
356472 171160 356472 807186 345990 33912 345990 818204
356472 171160 356472 807186 358678 33912 358678 818204
356472 171160 356472 807186 361289 33912 361289 818204
365128 171160 365128 807186 361289 33912 361289 818204
367988 171160 367988 807186 361289 33912 361289 818204
367988 171160 367988 807186 375846 33912 375846 818204
367988 171160 367988 807186 379605 33912 379605 818204
367988 171160 367988 807186 386820 33912 386820 818204
392771 171160 392771 807186 386820 33912 386820 818204
392771 171160 392771 807186 394527 33912 394527 818204
395796 171160 395796 807186 394527 33912 394527 818204
406930 171160 406930 807186 394527 33912 394527 818204
406930 171160 406930 807186 409401 33912 409401 818204
406930 171160 406930 807186 410264 33912 410264 818204
406930 171160 406930 807186 413313 33912 413313 818204
406930 171160 406930 807186 413425 33912 413425 818204
413515 171160 413515 807186 413425 33912 413425 818204
413515 171160 413515 807186 415888 33912 415888 818204
413515 171160 413515 807186 418075 33912 418075 818204
413515 171160 413515 807186 418228 33912 418228 818204
413515 171160 413515 807186 420445 33912 420445 818204
413515 171160 413515 807186 425202 33912 425202 818204
425465 171160 425465 807186 425202 33912 425202 818204
425465 171160 425465 807186 428357 33912 428357 818204
428503 171160 428503 807186 428357 33912 428357 818204
428503 171160 428503 807186 429688 33912 429688 818204
428503 171160 428503 807186 429770 33912 429770 818204
428503 171160 428503 807186 436245 33912 436245 818204
436600 171160 436600 807186 436245 33912 436245 818204
436600 171160 436600 807186 444106 33912 444106 818204
445064 171160 445064 807186 444106 33912 444106 818204
445064 171160 445064 807186 445070 33912 445070 818204
445064 171160 445064 807186 449939 33912 449939 818204
445064 171160 445064 807186 452519 33912 452519 818204
452793 171160 452793 807186 452519 33912 452519 818204
452793 171160 452793 807186 454443 33912 454443 818204
452793 171160 452793 807186 461093 33912 461093 818204
452793 171160 452793 807186 461097 33912 461097 818204
452793 171160 452793 807186 461194 33912 461194 818204
452793 171160 452793 807186 467688 33912 467688 818204
452793 171160 452793 807186 468242 33912 468242 818204
452793 171160 452793 807186 473235 33912 473235 818204
477360 171160 477360 807186 473235 33912 473235 818204
477360 171160 477360 807186 482000 33912 482000 818204
477360 171160 477360 807186 482293 33912 482293 818204
477360 171160 477360 807186 482642 33912 482642 818204
477360 171160 477360 807186 483576 33912 483576 818204
483616 171160 483616 807186 483576 33912 483576 818204
483616 171160 483616 807186 485517 33912 485517 818204
483616 171160 483616 807186 485584 33912 485584 818204
483616 171160 483616 807186 486529 33912 486529 818204
483616 171160 483616 807186 490015 33912 490015 818204
483616 171160 483616 807186 493297 33912 493297 818204
483616 171160 483616 807186 498496 33912 498496 818204
483616 171160 483616 807186 500045 33912 500045 818204
483616 171160 483616 807186 500877 33912 500877 818204
483616 171160 483616 807186 505568 33912 505568 818204
483616 171160 483616 807186 505677 33912 505677 818204
483616 171160 483616 807186 510918 33912 510918 818204
483616 171160 483616 807186 515911 33912 515911 818204
483616 171160 483616 807186 527143 33912 527143 818204
483616 171160 483616 807186 531640 33912 531640 818204
483616 171160 483616 807186 532715 33912 532715 818204
483616 171160 483616 807186 537430 33912 537430 818204
483616 171160 483616 807186 541621 33912 541621 818204
543443 171160 543443 807186 541621 33912 541621 818204
543443 171160 543443 807186 543658 33912 543658 818204
543443 171160 543443 807186 546077 33912 546077 818204
543443 171160 543443 807186 550192 33912 550192 818204
543443 171160 543443 807186 551904 33912 551904 818204
543443 171160 543443 807186 565671 33912 565671 818204
543443 171160 543443 807186 572498 33912 572498 818204
543443 171160 543443 807186 575146 33912 575146 818204
543443 171160 543443 807186 575693 33912 575693 818204
576871 171160 576871 807186 575693 33912 575693 818204
576871 171160 576871 807186 589334 33912 589334 818204
576871 171160 576871 807186 597918 33912 597918 818204
576871 171160 576871 807186 600072 33912 600072 818204
576871 171160 576871 807186 600701 33912 600701 818204
576871 171160 576871 807186 608137 33912 608137 818204
576871 171160 576871 807186 616323 33912 616323 818204
618915 171160 618915 807186 616323 33912 616323 818204
618915 171160 618915 807186 620123 33912 620123 818204
618915 171160 618915 807186 621784 33912 621784 818204
624592 171160 624592 807186 621784 33912 621784 818204
624592 171160 624592 807186 626333 33912 626333 818204
624592 171160 624592 807186 628881 33912 628881 818204
631690 171160 631690 807186 628881 33912 628881 818204
631690 171160 631690 807186 632850 33912 632850 818204
631690 171160 631690 807186 634522 33912 634522 818204
631690 171160 631690 807186 634596 33912 634596 818204
636184 171160 636184 807186 634596 33912 634596 818204
636184 171160 636184 807186 636480 33912 636480 818204
638253 171160 638253 807186 636480 33912 636480 818204
642325 171160 642325 807186 636480 33912 636480 818204
645045 171160 645045 807186 636480 33912 636480 818204
645045 171160 645045 807186 645541 33912 645541 818204
645045 171160 645045 807186 645743 33912 645743 818204
645045 171160 645045 807186 652013 33912 652013 818204
655441 171160 655441 807186 652013 33912 652013 818204
656287 171160 656287 807186 652013 33912 652013 818204
656676 171160 656676 807186 652013 33912 652013 818204
656676 171160 656676 807186 658324 33912 658324 818204
656676 171160 656676 807186 666673 33912 666673 818204
656676 171160 656676 807186 667168 33912 667168 818204
669976 171160 669976 807186 667168 33912 667168 818204
671046 171160 671046 807186 667168 33912 667168 818204
674120 171160 674120 807186 667168 33912 667168 818204
674120 171160 674120 807186 674515 33912 674515 818204
674965 171160 674965 807186 674515 33912 674515 818204
674965 171160 674965 807186 675640 33912 675640 818204
677380 171160 677380 807186 675640 33912 675640 818204
677380 171160 677380 807186 679458 33912 679458 818204
677380 171160 677380 807186 679981 33912 679981 818204
677380 171160 677380 807186 683297 33912 683297 818204
686378 171160 686378 807186 683297 33912 683297 818204
686378 171160 686378 807186 688256 33912 688256 818204
690232 171160 690232 807186 688256 33912 688256 818204
693202 171160 693202 807186 688256 33912 688256 818204
693294 171160 693294 807186 688256 33912 688256 818204
693294 171160 693294 807186 695841 33912 695841 818204
697349 171160 697349 807186 695841 33912 695841 818204
697349 171160 697349 807186 697627 33912 697627 818204
697349 171160 697349 807186 703203 33912 703203 818204
705285 171160 705285 807186 703203 33912 703203 818204
705285 171160 705285 807186 709644 33912 709644 818204
711272 171160 711272 807186 709644 33912 709644 818204
712158 171160 712158 807186 709644 33912 709644 818204
712158 171160 712158 807186 715544 33912 715544 818204
712158 171160 712158 807186 716101 33912 716101 818204
723932 171160 723932 807186 716101 33912 716101 818204
723932 171160 723932 807186 725929 33912 725929 818204
727247 171160 727247 807186 725929 33912 725929 818204
737816 171160 737816 807186 725929 33912 725929 818204
737816 171160 737816 807186 744215 33912 744215 818204
745293 171160 745293 807186 744215 33912 744215 818204
745293 171160 745293 807186 746732 33912 746732 818204
749393 171160 749393 807186 746732 33912 746732 818204
753874 171160 753874 807186 746732 33912 746732 818204
754416 171160 754416 807186 746732 33912 746732 818204
754416 171160 754416 807186 754811 33912 754811 818204
755238 171160 755238 807186 754811 33912 754811 818204
757076 171160 757076 807186 754811 33912 754811 818204
763303 171160 763303 807186 754811 33912 754811 818204
766454 171160 766454 807186 754811 33912 754811 818204
774294 171160 774294 807186 754811 33912 754811 818204
781761 171160 781761 807186 754811 33912 754811 818204
782157 171160 782157 807186 754811 33912 754811 818204
783791 171160 783791 807186 754811 33912 754811 818204
783791 171160 783791 807186 786391 33912 786391 818204
792594 171160 792594 807186 786391 33912 786391 818204
792753 171160 792753 807186 786391 33912 786391 818204
793078 171160 793078 807186 786391 33912 786391 818204
795110 171160 795110 807186 786391 33912 786391 818204
796365 171160 796365 807186 786391 33912 786391 818204
796763 171160 796763 807186 786391 33912 786391 818204
797030 171160 797030 807186 786391 33912 786391 818204
797200 171160 797200 807186 786391 33912 786391 818204
798896 171160 798896 807186 786391 33912 786391 818204
802169 171160 802169 807186 786391 33912 786391 818204
802621 171160 802621 807186 786391 33912 786391 818204
803430 171160 803430 807186 786391 33912 786391 818204
804729 171160 804729 807186 786391 33912 786391 818204
805873 171160 805873 807186 786391 33912 786391 818204
810160 171160 810160 807186 786391 33912 786391 818204
814150 171160 814150 807186 786391 33912 786391 818204
815144 171160 815144 807186 786391 33912 786391 818204
816776 171160 816776 807186 786391 33912 786391 818204
818248 171160 818248 807186 786391 33912 786391 818204
820207 171160 820207 807186 786391 33912 786391 818204
825910 171160 825910 807186 786391 33912 786391 818204
830684 171160 830684 807186 786391 33912 786391 818204
835169 171160 835169 807186 786391 33912 786391 818204
835446 171160 835446 807186 786391 33912 786391 818204
838547 171160 838547 807186 786391 33912 786391 818204
847420 171160 847420 807186 786391 33912 786391 818204
863274 171160 863274 807186 786391 33912 786391 818204
871979 171160 871979 807186 786391 33912 786391 818204
876221 171160 876221 807186 786391 33912 786391 818204
877091 171160 877091 807186 786391 33912 786391 818204
878073 171160 878073 807186 786391 33912 786391 818204
893195 171160 893195 807186 786391 33912 786391 818204
898776 171160 898776 807186 786391 33912 786391 818204
900163 171160 900163 807186 786391 33912 786391 818204
903935 171160 903935 807186 786391 33912 786391 818204
911342 171160 911342 807186 786391 33912 786391 818204
921601 171160 921601 807186 786391 33912 786391 818204
922950 171160 922950 807186 786391 33912 786391 818204
