140648 117806 140648 786897 172995 116832 172995 669554
140648 117806 140648 786897 172995 116832 172995 669554
181671 117806 181671 786897 172995 116832 172995 669554
181671 117806 181671 786897 190143 116832 190143 669554
181671 117806 181671 786897 192519 116832 192519 669554
192937 117806 192937 786897 192519 116832 192519 669554
201534 117806 201534 786897 192519 116832 192519 669554
201534 117806 201534 786897 205033 116832 205033 669554
212722 117806 212722 786897 205033 116832 205033 669554
212722 117806 212722 786897 219761 116832 219761 669554
212722 117806 212722 786897 220001 116832 220001 669554
212722 117806 212722 786897 220978 116832 220978 669554
212722 117806 212722 786897 226541 116832 226541 669554
238262 117806 238262 786897 226541 116832 226541 669554
239274 117806 239274 786897 226541 116832 226541 669554
239274 117806 239274 786897 241570 116832 241570 669554
239274 117806 239274 786897 244313 116832 244313 669554
239274 117806 239274 786897 247379 116832 247379 669554
239274 117806 239274 786897 248949 116832 248949 669554
239274 117806 239274 786897 251259 116832 251259 669554
239274 117806 239274 786897 252277 116832 252277 669554
239274 117806 239274 786897 257834 116832 257834 669554
239274 117806 239274 786897 261594 116832 261594 669554
239274 117806 239274 786897 262922 116832 262922 669554
239274 117806 239274 786897 263523 116832 263523 669554
264896 117806 264896 786897 263523 116832 263523 669554
267237 117806 267237 786897 263523 116832 263523 669554
269602 117806 269602 786897 263523 116832 263523 669554
269602 117806 269602 786897 273202 116832 273202 669554
269602 117806 269602 786897 275851 116832 275851 669554
269602 117806 269602 786897 275908 116832 275908 669554
269602 117806 269602 786897 276187 116832 276187 669554
276274 117806 276274 786897 276187 116832 276187 669554
276274 117806 276274 786897 278555 116832 278555 669554
276274 117806 276274 786897 279377 116832 279377 669554
276274 117806 276274 786897 279830 116832 279830 669554
281966 117806 281966 786897 279830 116832 279830 669554
281966 117806 281966 786897 282039 116832 282039 669554
283194 117806 283194 786897 282039 116832 282039 669554
283194 117806 283194 786897 284525 116832 284525 669554
283194 117806 283194 786897 285682 116832 285682 669554
285800 117806 285800 786897 285682 116832 285682 669554
285879 117806 285879 786897 285682 116832 285682 669554
285879 117806 285879 786897 286893 116832 286893 669554
285879 117806 285879 786897 288944 116832 288944 669554
285879 117806 285879 786897 289966 116832 289966 669554
285879 117806 285879 786897 291993 116832 291993 669554
285879 117806 285879 786897 293097 116832 293097 669554
285879 117806 285879 786897 293852 116832 293852 669554
285879 117806 285879 786897 293892 116832 293892 669554
296124 117806 296124 786897 293892 116832 293892 669554
296124 117806 296124 786897 305043 116832 305043 669554
296124 117806 296124 786897 306351 116832 306351 669554
296124 117806 296124 786897 306794 116832 306794 669554
296124 117806 296124 786897 310408 116832 310408 669554
314795 117806 314795 786897 310408 116832 310408 669554
314795 117806 314795 786897 316105 116832 316105 669554
317190 117806 317190 786897 316105 116832 316105 669554
317190 117806 317190 786897 319574 116832 319574 669554
317190 117806 317190 786897 321181 116832 321181 669554
324806 117806 324806 786897 321181 116832 321181 669554
324806 117806 324806 786897 325057 116832 325057 669554
324806 117806 324806 786897 325261 116832 325261 669554
324806 117806 324806 786897 328249 116832 328249 669554
330202 117806 330202 786897 328249 116832 328249 669554
330271 117806 330271 786897 328249 116832 328249 669554
330271 117806 330271 786897 330845 116832 330845 669554
330271 117806 330271 786897 330951 116832 330951 669554
332440 117806 332440 786897 330951 116832 330951 669554
332440 117806 332440 786897 332919 116832 332919 669554
333294 117806 333294 786897 332919 116832 332919 669554
333294 117806 333294 786897 334665 116832 334665 669554
333294 117806 333294 786897 336345 116832 336345 669554
336848 117806 336848 786897 336345 116832 336345 669554
336848 117806 336848 786897 340025 116832 340025 669554
345186 117806 345186 786897 340025 116832 340025 669554
345186 117806 345186 786897 350580 116832 350580 669554
351338 117806 351338 786897 350580 116832 350580 669554
354881 117806 354881 786897 350580 116832 350580 669554
355274 117806 355274 786897 350580 116832 350580 669554
355285 117806 355285 786897 350580 116832 350580 669554
356052 117806 356052 786897 350580 116832 350580 669554
356052 117806 356052 786897 357278 116832 357278 669554
356052 117806 356052 786897 358685 116832 358685 669554
360697 117806 360697 786897 358685 116832 358685 669554
361146 117806 361146 786897 358685 116832 358685 669554
363496 117806 363496 786897 358685 116832 358685 669554
363496 117806 363496 786897 365154 116832 365154 669554
363496 117806 363496 786897 366208 116832 366208 669554
370200 117806 370200 786897 366208 116832 366208 669554
370441 117806 370441 786897 366208 116832 366208 669554
371198 117806 371198 786897 366208 116832 366208 669554
371198 117806 371198 786897 375948 116832 375948 669554
371198 117806 371198 786897 376008 116832 376008 669554
371198 117806 371198 786897 377435 116832 377435 669554
371198 117806 371198 786897 377820 116832 377820 669554
377994 117806 377994 786897 377820 116832 377820 669554
380176 117806 380176 786897 377820 116832 377820 669554
380881 117806 380881 786897 377820 116832 377820 669554
380881 117806 380881 786897 382822 116832 382822 669554
383410 117806 383410 786897 382822 116832 382822 669554
383410 117806 383410 786897 386436 116832 386436 669554
388161 117806 388161 786897 386436 116832 386436 669554
391285 117806 391285 786897 386436 116832 386436 669554
391285 117806 391285 786897 391322 116832 391322 669554
391285 117806 391285 786897 392434 116832 392434 669554
393528 117806 393528 786897 392434 116832 392434 669554
395810 117806 395810 786897 392434 116832 392434 669554
397435 117806 397435 786897 392434 116832 392434 669554
397435 117806 397435 786897 398464 116832 398464 669554
397435 117806 397435 786897 399502 116832 399502 669554
397435 117806 397435 786897 410118 116832 410118 669554
397435 117806 397435 786897 412000 116832 412000 669554
412811 117806 412811 786897 412000 116832 412000 669554
413886 117806 413886 786897 412000 116832 412000 669554
413886 117806 413886 786897 415855 116832 415855 669554
413886 117806 413886 786897 416891 116832 416891 669554
413886 117806 413886 786897 420321 116832 420321 669554
426505 117806 426505 786897 420321 116832 420321 669554
426505 117806 426505 786897 427297 116832 427297 669554
433115 117806 433115 786897 427297 116832 427297 669554
435291 117806 435291 786897 427297 116832 427297 669554
435291 117806 435291 786897 438441 116832 438441 669554
435291 117806 435291 786897 453277 116832 453277 669554
435291 117806 435291 786897 454426 116832 454426 669554
455170 117806 455170 786897 454426 116832 454426 669554
458474 117806 458474 786897 454426 116832 454426 669554
458474 117806 458474 786897 460483 116832 460483 669554
463614 117806 463614 786897 460483 116832 460483 669554
466497 117806 466497 786897 460483 116832 460483 669554
466497 117806 466497 786897 467879 116832 467879 669554
466497 117806 466497 786897 468124 116832 468124 669554
466497 117806 466497 786897 468641 116832 468641 669554
466497 117806 466497 786897 471366 116832 471366 669554
466497 117806 466497 786897 471753 116832 471753 669554
466497 117806 466497 786897 478100 116832 478100 669554
478887 117806 478887 786897 478100 116832 478100 669554
478887 117806 478887 786897 481997 116832 481997 669554
482194 117806 482194 786897 481997 116832 481997 669554
483246 117806 483246 786897 481997 116832 481997 669554
483246 117806 483246 786897 483376 116832 483376 669554
485536 117806 485536 786897 483376 116832 483376 669554
485536 117806 485536 786897 488686 116832 488686 669554
485536 117806 485536 786897 496345 116832 496345 669554
499167 117806 499167 786897 496345 116832 496345 669554
499167 117806 499167 786897 502502 116832 502502 669554
499167 117806 499167 786897 505033 116832 505033 669554
506325 117806 506325 786897 505033 116832 505033 669554
506325 117806 506325 786897 507855 116832 507855 669554
506325 117806 506325 786897 510315 116832 510315 669554
506325 117806 506325 786897 518249 116832 518249 669554
506325 117806 506325 786897 521202 116832 521202 669554
522012 117806 522012 786897 521202 116832 521202 669554
522012 117806 522012 786897 523289 116832 523289 669554
522012 117806 522012 786897 527829 116832 527829 669554
522012 117806 522012 786897 528414 116832 528414 669554
522012 117806 522012 786897 533263 116832 533263 669554
522012 117806 522012 786897 538440 116832 538440 669554
541993 117806 541993 786897 538440 116832 538440 669554
550803 117806 550803 786897 538440 116832 538440 669554
551676 117806 551676 786897 538440 116832 538440 669554
552099 117806 552099 786897 538440 116832 538440 669554
552585 117806 552585 786897 538440 116832 538440 669554
553932 117806 553932 786897 538440 116832 538440 669554
554332 117806 554332 786897 538440 116832 538440 669554
554332 117806 554332 786897 563586 116832 563586 669554
564455 117806 564455 786897 563586 116832 563586 669554
564455 117806 564455 786897 565640 116832 565640 669554
571191 117806 571191 786897 565640 116832 565640 669554
582222 117806 582222 786897 565640 116832 565640 669554
582222 117806 582222 786897 588097 116832 588097 669554
599772 117806 599772 786897 588097 116832 588097 669554
607626 117806 607626 786897 588097 116832 588097 669554
613390 117806 613390 786897 588097 116832 588097 669554
618149 117806 618149 786897 588097 116832 588097 669554
621975 117806 621975 786897 588097 116832 588097 669554
642020 117806 642020 786897 588097 116832 588097 669554
643555 117806 643555 786897 588097 116832 588097 669554
669304 117806 669304 786897 588097 116832 588097 669554
673355 117806 673355 786897 588097 116832 588097 669554
687204 117806 687204 786897 588097 116832 588097 669554
689956 117806 689956 786897 588097 116832 588097 669554
698520 117806 698520 786897 588097 116832 588097 669554
699675 117806 699675 786897 588097 116832 588097 669554
707499 117806 707499 786897 588097 116832 588097 669554
715555 117806 715555 786897 588097 116832 588097 669554
732053 117806 732053 786897 588097 116832 588097 669554
732748 117806 732748 786897 588097 116832 588097 669554
733869 117806 733869 786897 588097 116832 588097 669554
752202 117806 752202 786897 588097 116832 588097 669554
756265 117806 756265 786897 588097 116832 588097 669554
757637 117806 757637 786897 588097 116832 588097 669554
759867 117806 759867 786897 588097 116832 588097 669554
764674 117806 764674 786897 588097 116832 588097 669554
770453 117806 770453 786897 588097 116832 588097 669554
801746 117806 801746 786897 588097 116832 588097 669554
810345 117806 810345 786897 588097 116832 588097 669554
816404 117806 816404 786897 588097 116832 588097 669554
842601 117806 842601 786897 588097 116832 588097 669554
864247 117806 864247 786897 588097 116832 588097 669554
