140752 120029 140752 906778 408450 160876 408450 852196
140752 120029 140752 906778 408450 160876 408450 852196
145250 120029 145250 906778 408450 160876 408450 852196
157653 120029 157653 906778 408450 160876 408450 852196
160889 120029 160889 906778 408450 160876 408450 852196
162235 120029 162235 906778 408450 160876 408450 852196
177500 120029 177500 906778 408450 160876 408450 852196
180285 120029 180285 906778 408450 160876 408450 852196
209587 120029 209587 906778 408450 160876 408450 852196
211865 120029 211865 906778 408450 160876 408450 852196
240735 120029 240735 906778 408450 160876 408450 852196
250394 120029 250394 906778 408450 160876 408450 852196
252868 120029 252868 906778 408450 160876 408450 852196
259679 120029 259679 906778 408450 160876 408450 852196
259995 120029 259995 906778 408450 160876 408450 852196
261103 120029 261103 906778 408450 160876 408450 852196
263259 120029 263259 906778 408450 160876 408450 852196
267567 120029 267567 906778 408450 160876 408450 852196
267999 120029 267999 906778 408450 160876 408450 852196
274654 120029 274654 906778 408450 160876 408450 852196
276269 120029 276269 906778 408450 160876 408450 852196
277855 120029 277855 906778 408450 160876 408450 852196
285414 120029 285414 906778 408450 160876 408450 852196
287886 120029 287886 906778 408450 160876 408450 852196
299783 120029 299783 906778 408450 160876 408450 852196
302596 120029 302596 906778 408450 160876 408450 852196
307926 120029 307926 906778 408450 160876 408450 852196
314893 120029 314893 906778 408450 160876 408450 852196
317619 120029 317619 906778 408450 160876 408450 852196
317838 120029 317838 906778 408450 160876 408450 852196
328898 120029 328898 906778 408450 160876 408450 852196
335807 120029 335807 906778 408450 160876 408450 852196
337539 120029 337539 906778 408450 160876 408450 852196
345440 120029 345440 906778 408450 160876 408450 852196
346227 120029 346227 906778 408450 160876 408450 852196
348537 120029 348537 906778 408450 160876 408450 852196
349700 120029 349700 906778 408450 160876 408450 852196
360550 120029 360550 906778 408450 160876 408450 852196
373343 120029 373343 906778 408450 160876 408450 852196
374312 120029 374312 906778 408450 160876 408450 852196
374332 120029 374332 906778 408450 160876 408450 852196
379848 120029 379848 906778 408450 160876 408450 852196
385545 120029 385545 906778 408450 160876 408450 852196
386593 120029 386593 906778 408450 160876 408450 852196
392230 120029 392230 906778 408450 160876 408450 852196
407336 120029 407336 906778 408450 160876 408450 852196
408495 120029 408495 906778 408450 160876 408450 852196
408787 120029 408787 906778 408450 160876 408450 852196
412090 120029 412090 906778 408450 160876 408450 852196
413162 120029 413162 906778 408450 160876 408450 852196
413817 120029 413817 906778 408450 160876 408450 852196
415575 120029 415575 906778 408450 160876 408450 852196
429192 120029 429192 906778 408450 160876 408450 852196
429192 120029 429192 906778 438454 160876 438454 852196
429192 120029 429192 906778 441218 160876 441218 852196
429192 120029 429192 906778 442618 160876 442618 852196
443089 120029 443089 906778 442618 160876 442618 852196
447882 120029 447882 906778 442618 160876 442618 852196
453422 120029 453422 906778 442618 160876 442618 852196
453422 120029 453422 906778 459978 160876 459978 852196
453422 120029 453422 906778 460608 160876 460608 852196
466044 120029 466044 906778 460608 160876 460608 852196
466044 120029 466044 906778 470893 160876 470893 852196
472965 120029 472965 906778 470893 160876 470893 852196
472965 120029 472965 906778 484558 160876 484558 852196
472965 120029 472965 906778 489167 160876 489167 852196
472965 120029 472965 906778 492664 160876 492664 852196
472965 120029 472965 906778 492715 160876 492715 852196
493093 120029 493093 906778 492715 160876 492715 852196
495236 120029 495236 906778 492715 160876 492715 852196
499531 120029 499531 906778 492715 160876 492715 852196
499531 120029 499531 906778 501269 160876 501269 852196
506294 120029 506294 906778 501269 160876 501269 852196
506294 120029 506294 906778 506339 160876 506339 852196
506294 120029 506294 906778 517126 160876 517126 852196
506294 120029 506294 906778 518111 160876 518111 852196
506294 120029 506294 906778 524515 160876 524515 852196
529099 120029 529099 906778 524515 160876 524515 852196
529099 120029 529099 906778 531863 160876 531863 852196
529099 120029 529099 906778 533579 160876 533579 852196
534951 120029 534951 906778 533579 160876 533579 852196
534951 120029 534951 906778 535562 160876 535562 852196
534951 120029 534951 906778 536269 160876 536269 852196
534951 120029 534951 906778 540585 160876 540585 852196
534951 120029 534951 906778 545037 160876 545037 852196
545063 120029 545063 906778 545037 160876 545037 852196
545063 120029 545063 906778 545921 160876 545921 852196
545063 120029 545063 906778 547924 160876 547924 852196
545063 120029 545063 906778 548838 160876 548838 852196
553046 120029 553046 906778 548838 160876 548838 852196
553046 120029 553046 906778 556318 160876 556318 852196
553046 120029 553046 906778 557292 160876 557292 852196
558994 120029 558994 906778 557292 160876 557292 852196
558994 120029 558994 906778 559747 160876 559747 852196
558994 120029 558994 906778 560533 160876 560533 852196
558994 120029 558994 906778 561194 160876 561194 852196
563865 120029 563865 906778 561194 160876 561194 852196
563865 120029 563865 906778 564536 160876 564536 852196
563865 120029 563865 906778 564546 160876 564546 852196
566119 120029 566119 906778 564546 160876 564546 852196
566119 120029 566119 906778 568512 160876 568512 852196
566119 120029 566119 906778 569748 160876 569748 852196
570000 120029 570000 906778 569748 160876 569748 852196
574282 120029 574282 906778 569748 160876 569748 852196
574282 120029 574282 906778 574918 160876 574918 852196
574282 120029 574282 906778 575942 160876 575942 852196
574282 120029 574282 906778 576499 160876 576499 852196
574282 120029 574282 906778 580698 160876 580698 852196
574282 120029 574282 906778 583410 160876 583410 852196
574282 120029 574282 906778 586301 160876 586301 852196
574282 120029 574282 906778 586800 160876 586800 852196
574282 120029 574282 906778 589350 160876 589350 852196
574282 120029 574282 906778 593880 160876 593880 852196
574282 120029 574282 906778 594624 160876 594624 852196
574282 120029 574282 906778 595566 160876 595566 852196
597064 120029 597064 906778 595566 160876 595566 852196
597064 120029 597064 906778 597331 160876 597331 852196
597064 120029 597064 906778 597331 160876 597331 852196
597064 120029 597064 906778 597712 160876 597712 852196
597064 120029 597064 906778 597766 160876 597766 852196
597064 120029 597064 906778 597907 160876 597907 852196
597064 120029 597064 906778 600369 160876 600369 852196
597064 120029 597064 906778 601600 160876 601600 852196
597064 120029 597064 906778 602781 160876 602781 852196
597064 120029 597064 906778 602805 160876 602805 852196
602963 120029 602963 906778 602805 160876 602805 852196
602963 120029 602963 906778 605407 160876 605407 852196
602963 120029 602963 906778 606547 160876 606547 852196
602963 120029 602963 906778 608537 160876 608537 852196
602963 120029 602963 906778 615511 160876 615511 852196
617540 120029 617540 906778 615511 160876 615511 852196
617540 120029 617540 906778 620963 160876 620963 852196
617540 120029 617540 906778 630237 160876 630237 852196
617540 120029 617540 906778 630396 160876 630396 852196
617540 120029 617540 906778 630399 160876 630399 852196
617540 120029 617540 906778 631334 160876 631334 852196
633293 120029 633293 906778 631334 160876 631334 852196
633293 120029 633293 906778 634916 160876 634916 852196
638346 120029 638346 906778 634916 160876 634916 852196
638346 120029 638346 906778 639988 160876 639988 852196
638346 120029 638346 906778 640588 160876 640588 852196
638346 120029 638346 906778 645234 160876 645234 852196
638346 120029 638346 906778 645343 160876 645343 852196
638346 120029 638346 906778 646329 160876 646329 852196
638346 120029 638346 906778 647516 160876 647516 852196
649876 120029 649876 906778 647516 160876 647516 852196
649876 120029 649876 906778 655902 160876 655902 852196
649876 120029 649876 906778 656041 160876 656041 852196
649876 120029 649876 906778 659971 160876 659971 852196
649876 120029 649876 906778 661751 160876 661751 852196
649876 120029 649876 906778 666910 160876 666910 852196
649876 120029 649876 906778 668943 160876 668943 852196
649876 120029 649876 906778 672727 160876 672727 852196
649876 120029 649876 906778 680042 160876 680042 852196
649876 120029 649876 906778 680192 160876 680192 852196
649876 120029 649876 906778 684737 160876 684737 852196
687444 120029 687444 906778 684737 160876 684737 852196
687444 120029 687444 906778 692141 160876 692141 852196
695587 120029 695587 906778 692141 160876 692141 852196
696705 120029 696705 906778 692141 160876 692141 852196
700131 120029 700131 906778 692141 160876 692141 852196
701239 120029 701239 906778 692141 160876 692141 852196
701239 120029 701239 906778 706556 160876 706556 852196
701239 120029 701239 906778 712019 160876 712019 852196
701239 120029 701239 906778 714247 160876 714247 852196
701239 120029 701239 906778 714921 160876 714921 852196
701239 120029 701239 906778 717299 160876 717299 852196
717458 120029 717458 906778 717299 160876 717299 852196
717458 120029 717458 906778 721032 160876 721032 852196
717458 120029 717458 906778 721797 160876 721797 852196
726389 120029 726389 906778 721797 160876 721797 852196
727381 120029 727381 906778 721797 160876 721797 852196
727381 120029 727381 906778 730321 160876 730321 852196
732010 120029 732010 906778 730321 160876 730321 852196
732010 120029 732010 906778 732257 160876 732257 852196
733461 120029 733461 906778 732257 160876 732257 852196
733461 120029 733461 906778 735811 160876 735811 852196
733461 120029 733461 906778 736386 160876 736386 852196
743155 120029 743155 906778 736386 160876 736386 852196
743155 120029 743155 906778 745537 160876 745537 852196
748767 120029 748767 906778 745537 160876 745537 852196
750883 120029 750883 906778 745537 160876 745537 852196
750883 120029 750883 906778 755428 160876 755428 852196
758004 120029 758004 906778 755428 160876 755428 852196
758004 120029 758004 906778 761847 160876 761847 852196
762500 120029 762500 906778 761847 160876 761847 852196
762500 120029 762500 906778 762787 160876 762787 852196
767218 120029 767218 906778 762787 160876 762787 852196
778630 120029 778630 906778 762787 160876 762787 852196
778630 120029 778630 906778 779295 160876 779295 852196
779541 120029 779541 906778 779295 160876 779295 852196
780228 120029 780228 906778 779295 160876 779295 852196
786617 120029 786617 906778 779295 160876 779295 852196
786617 120029 786617 906778 800411 160876 800411 852196
786617 120029 786617 906778 803489 160876 803489 852196
829311 120029 829311 906778 803489 160876 803489 852196
836234 120029 836234 906778 803489 160876 803489 852196
847296 120029 847296 906778 803489 160876 803489 852196
847296 120029 847296 906778 866678 160876 866678 852196
877284 120029 877284 906778 866678 160876 866678 852196
