171596 204676 837111 204676 123893 157454 658184 157454
171596 204676 837111 204676 123893 157454 658184 157454
171596 204676 837111 204676 123893 188947 658184 188947
171596 208330 837111 208330 123893 188947 658184 188947
171596 213512 837111 213512 123893 188947 658184 188947
171596 213512 837111 213512 123893 214617 658184 214617
171596 217554 837111 217554 123893 214617 658184 214617
171596 217554 837111 217554 123893 220506 658184 220506
171596 217554 837111 217554 123893 221178 658184 221178
171596 229564 837111 229564 123893 221178 658184 221178
171596 250140 837111 250140 123893 221178 658184 221178
171596 254142 837111 254142 123893 221178 658184 221178
171596 255927 837111 255927 123893 221178 658184 221178
171596 257784 837111 257784 123893 221178 658184 221178
171596 258438 837111 258438 123893 221178 658184 221178
171596 258438 837111 258438 123893 261105 658184 261105
171596 266652 837111 266652 123893 261105 658184 261105
171596 270003 837111 270003 123893 261105 658184 261105
171596 272114 837111 272114 123893 261105 658184 261105
171596 272851 837111 272851 123893 261105 658184 261105
171596 272851 837111 272851 123893 275293 658184 275293
171596 272851 837111 272851 123893 275810 658184 275810
171596 280162 837111 280162 123893 275810 658184 275810
171596 282215 837111 282215 123893 275810 658184 275810
171596 282215 837111 282215 123893 285923 658184 285923
171596 286369 837111 286369 123893 285923 658184 285923
171596 286498 837111 286498 123893 285923 658184 285923
171596 294970 837111 294970 123893 285923 658184 285923
171596 294970 837111 294970 123893 295786 658184 295786
171596 297165 837111 297165 123893 295786 658184 295786
171596 299975 837111 299975 123893 295786 658184 295786
171596 303850 837111 303850 123893 295786 658184 295786
171596 305010 837111 305010 123893 295786 658184 295786
171596 309255 837111 309255 123893 295786 658184 295786
171596 314090 837111 314090 123893 295786 658184 295786
171596 314753 837111 314753 123893 295786 658184 295786
171596 315140 837111 315140 123893 295786 658184 295786
171596 318180 837111 318180 123893 295786 658184 295786
171596 321957 837111 321957 123893 295786 658184 295786
171596 323780 837111 323780 123893 295786 658184 295786
171596 325980 837111 325980 123893 295786 658184 295786
171596 329102 837111 329102 123893 295786 658184 295786
171596 339666 837111 339666 123893 295786 658184 295786
171596 342103 837111 342103 123893 295786 658184 295786
171596 343244 837111 343244 123893 295786 658184 295786
171596 346639 837111 346639 123893 295786 658184 295786
171596 346639 837111 346639 123893 349015 658184 349015
171596 361915 837111 361915 123893 349015 658184 349015
171596 361915 837111 361915 123893 363697 658184 363697
171596 361915 837111 361915 123893 365173 658184 365173
171596 365735 837111 365735 123893 365173 658184 365173
171596 365901 837111 365901 123893 365173 658184 365173
171596 365901 837111 365901 123893 370028 658184 370028
171596 370291 837111 370291 123893 370028 658184 370028
171596 376361 837111 376361 123893 370028 658184 370028
171596 376361 837111 376361 123893 376502 658184 376502
171596 376904 837111 376904 123893 376502 658184 376502
171596 376904 837111 376904 123893 381937 658184 381937
171596 376904 837111 376904 123893 386563 658184 386563
171596 376904 837111 376904 123893 387806 658184 387806
171596 388122 837111 388122 123893 387806 658184 387806
171596 389756 837111 389756 123893 387806 658184 387806
171596 389861 837111 389861 123893 387806 658184 387806
171596 389861 837111 389861 123893 389864 658184 389864
171596 390524 837111 390524 123893 389864 658184 389864
171596 390665 837111 390665 123893 389864 658184 389864
171596 391090 837111 391090 123893 389864 658184 389864
171596 391090 837111 391090 123893 398663 658184 398663
171596 400625 837111 400625 123893 398663 658184 398663
171596 400625 837111 400625 123893 401036 658184 401036
171596 400625 837111 400625 123893 404722 658184 404722
171596 400625 837111 400625 123893 407393 658184 407393
171596 407499 837111 407499 123893 407393 658184 407393
171596 407499 837111 407499 123893 407669 658184 407669
171596 407499 837111 407499 123893 409007 658184 409007
171596 410687 837111 410687 123893 409007 658184 409007
171596 410687 837111 410687 123893 412803 658184 412803
171596 413786 837111 413786 123893 412803 658184 412803
171596 413786 837111 413786 123893 414021 658184 414021
171596 418226 837111 418226 123893 414021 658184 414021
171596 423010 837111 423010 123893 414021 658184 414021
171596 423010 837111 423010 123893 430542 658184 430542
171596 431820 837111 431820 123893 430542 658184 430542
171596 431820 837111 431820 123893 434852 658184 434852
171596 431820 837111 431820 123893 435225 658184 435225
171596 441802 837111 441802 123893 435225 658184 435225
171596 441802 837111 441802 123893 444176 658184 444176
171596 441802 837111 441802 123893 444958 658184 444958
171596 446292 837111 446292 123893 444958 658184 444958
171596 446292 837111 446292 123893 447653 658184 447653
171596 446292 837111 446292 123893 448146 658184 448146
171596 446292 837111 446292 123893 448518 658184 448518
171596 448829 837111 448829 123893 448518 658184 448518
171596 453209 837111 453209 123893 448518 658184 448518
171596 453521 837111 453521 123893 448518 658184 448518
171596 453521 837111 453521 123893 460176 658184 460176
171596 464029 837111 464029 123893 460176 658184 460176
171596 464029 837111 464029 123893 465606 658184 465606
171596 467764 837111 467764 123893 465606 658184 465606
171596 472297 837111 472297 123893 465606 658184 465606
171596 472297 837111 472297 123893 472515 658184 472515
171596 475338 837111 475338 123893 472515 658184 472515
171596 475338 837111 475338 123893 476359 658184 476359
171596 475338 837111 475338 123893 477165 658184 477165
171596 486780 837111 486780 123893 477165 658184 477165
171596 488713 837111 488713 123893 477165 658184 477165
171596 488713 837111 488713 123893 492000 658184 492000
171596 497086 837111 497086 123893 492000 658184 492000
171596 499547 837111 499547 123893 492000 658184 492000
171596 499547 837111 499547 123893 499978 658184 499978
171596 499547 837111 499547 123893 500935 658184 500935
171596 501289 837111 501289 123893 500935 658184 500935
171596 501638 837111 501638 123893 500935 658184 500935
171596 508183 837111 508183 123893 500935 658184 500935
171596 509061 837111 509061 123893 500935 658184 500935
171596 509061 837111 509061 123893 510382 658184 510382
171596 511502 837111 511502 123893 510382 658184 510382
171596 515271 837111 515271 123893 510382 658184 510382
171596 515271 837111 515271 123893 515385 658184 515385
171596 515271 837111 515271 123893 516165 658184 516165
171596 516734 837111 516734 123893 516165 658184 516165
171596 523053 837111 523053 123893 516165 658184 516165
171596 523053 837111 523053 123893 523881 658184 523881
171596 523053 837111 523053 123893 526842 658184 526842
171596 523053 837111 523053 123893 529015 658184 529015
171596 538453 837111 538453 123893 529015 658184 529015
171596 538453 837111 538453 123893 539227 658184 539227
171596 538453 837111 538453 123893 541448 658184 541448
171596 542784 837111 542784 123893 541448 658184 541448
171596 546267 837111 546267 123893 541448 658184 541448
171596 546267 837111 546267 123893 555890 658184 555890
171596 558340 837111 558340 123893 555890 658184 555890
171596 558340 837111 558340 123893 561011 658184 561011
171596 558340 837111 558340 123893 562235 658184 562235
171596 576632 837111 576632 123893 562235 658184 562235
171596 580430 837111 580430 123893 562235 658184 562235
171596 580430 837111 580430 123893 595511 658184 595511
171596 595537 837111 595537 123893 595511 658184 595511
171596 595537 837111 595537 123893 605432 658184 605432
171596 606236 837111 606236 123893 605432 658184 605432
171596 606236 837111 606236 123893 609495 658184 609495
171596 618113 837111 618113 123893 609495 658184 609495
171596 618113 837111 618113 123893 619060 658184 619060
171596 619904 837111 619904 123893 619060 658184 619060
171596 620271 837111 620271 123893 619060 658184 619060
171596 620852 837111 620852 123893 619060 658184 619060
171596 620852 837111 620852 123893 622325 658184 622325
171596 620852 837111 620852 123893 623914 658184 623914
171596 620852 837111 620852 123893 629689 658184 629689
171596 634508 837111 634508 123893 629689 658184 629689
171596 634508 837111 634508 123893 639493 658184 639493
171596 647532 837111 647532 123893 639493 658184 639493
171596 651764 837111 651764 123893 639493 658184 639493
171596 651764 837111 651764 123893 653667 658184 653667
171596 656036 837111 656036 123893 653667 658184 653667
171596 656979 837111 656979 123893 653667 658184 653667
171596 662413 837111 662413 123893 653667 658184 653667
171596 665324 837111 665324 123893 653667 658184 653667
171596 669295 837111 669295 123893 653667 658184 653667
171596 678431 837111 678431 123893 653667 658184 653667
171596 678431 837111 678431 123893 680696 658184 680696
171596 687520 837111 687520 123893 680696 658184 680696
171596 687520 837111 687520 123893 690127 658184 690127
171596 696938 837111 696938 123893 690127 658184 690127
171596 696938 837111 696938 123893 712119 658184 712119
171596 714438 837111 714438 123893 712119 658184 712119
171596 714438 837111 714438 123893 718466 658184 718466
171596 714438 837111 714438 123893 731158 658184 731158
171596 714438 837111 714438 123893 731392 658184 731392
171596 714438 837111 714438 123893 737614 658184 737614
171596 714438 837111 714438 123893 739711 658184 739711
171596 714438 837111 714438 123893 740452 658184 740452
171596 714438 837111 714438 123893 744005 658184 744005
171596 714438 837111 714438 123893 750692 658184 750692
171596 714438 837111 714438 123893 750789 658184 750789
171596 714438 837111 714438 123893 753047 658184 753047
171596 714438 837111 714438 123893 754398 658184 754398
171596 714438 837111 714438 123893 756626 658184 756626
171596 714438 837111 714438 123893 765369 658184 765369
171596 714438 837111 714438 123893 769618 658184 769618
171596 714438 837111 714438 123893 770387 658184 770387
171596 714438 837111 714438 123893 774770 658184 774770
171596 714438 837111 714438 123893 776586 658184 776586
171596 714438 837111 714438 123893 779081 658184 779081
171596 714438 837111 714438 123893 779688 658184 779688
171596 714438 837111 714438 123893 785447 658184 785447
171596 714438 837111 714438 123893 790509 658184 790509
171596 714438 837111 714438 123893 792906 658184 792906
171596 714438 837111 714438 123893 806300 658184 806300
171596 714438 837111 714438 123893 814051 658184 814051
171596 714438 837111 714438 123893 816073 658184 816073
171596 714438 837111 714438 123893 846846 658184 846846
171596 714438 837111 714438 123893 853996 658184 853996
171596 714438 837111 714438 123893 861373 658184 861373
171596 714438 837111 714438 123893 865261 658184 865261
171596 714438 837111 714438 123893 878445 658184 878445
171596 714438 837111 714438 123893 881328 658184 881328
171596 714438 837111 714438 123893 889970 658184 889970
171596 714438 837111 714438 123893 917927 658184 917927
171596 714438 837111 714438 123893 994709 658184 994709
