141461 240037 141461 813540 153737 162917 153737 961784
141461 240037 141461 813540 153737 162917 153737 961784
159214 240037 159214 813540 153737 162917 153737 961784
159214 240037 159214 813540 165961 162917 165961 961784
176249 240037 176249 813540 165961 162917 165961 961784
178977 240037 178977 813540 165961 162917 165961 961784
178977 240037 178977 813540 188688 162917 188688 961784
178977 240037 178977 813540 189727 162917 189727 961784
178977 240037 178977 813540 201738 162917 201738 961784
208842 240037 208842 813540 201738 162917 201738 961784
209336 240037 209336 813540 201738 162917 201738 961784
209336 240037 209336 813540 213066 162917 213066 961784
209336 240037 209336 813540 222352 162917 222352 961784
223985 240037 223985 813540 222352 162917 222352 961784
223985 240037 223985 813540 224786 162917 224786 961784
227099 240037 227099 813540 224786 162917 224786 961784
227099 240037 227099 813540 236979 162917 236979 961784
252188 240037 252188 813540 236979 162917 236979 961784
252188 240037 252188 813540 252388 162917 252388 961784
252188 240037 252188 813540 254405 162917 254405 961784
260210 240037 260210 813540 254405 162917 254405 961784
260210 240037 260210 813540 262288 162917 262288 961784
263089 240037 263089 813540 262288 162917 262288 961784
263089 240037 263089 813540 271638 162917 271638 961784
263089 240037 263089 813540 294962 162917 294962 961784
298431 240037 298431 813540 294962 162917 294962 961784
303523 240037 303523 813540 294962 162917 294962 961784
337105 240037 337105 813540 294962 162917 294962 961784
399210 240037 399210 813540 294962 162917 294962 961784
435678 240037 435678 813540 294962 162917 294962 961784
435678 240037 435678 813540 438725 162917 438725 961784
451249 240037 451249 813540 438725 162917 438725 961784
451249 240037 451249 813540 457426 162917 457426 961784
462508 240037 462508 813540 457426 162917 457426 961784
462508 240037 462508 813540 463383 162917 463383 961784
464175 240037 464175 813540 463383 162917 463383 961784
473512 240037 473512 813540 463383 162917 463383 961784
475181 240037 475181 813540 463383 162917 463383 961784
475910 240037 475910 813540 463383 162917 463383 961784
475910 240037 475910 813540 478442 162917 478442 961784
480608 240037 480608 813540 478442 162917 478442 961784
480608 240037 480608 813540 480676 162917 480676 961784
480608 240037 480608 813540 481873 162917 481873 961784
483032 240037 483032 813540 481873 162917 481873 961784
484782 240037 484782 813540 481873 162917 481873 961784
485307 240037 485307 813540 481873 162917 481873 961784
485307 240037 485307 813540 486297 162917 486297 961784
487708 240037 487708 813540 486297 162917 486297 961784
487902 240037 487902 813540 486297 162917 486297 961784
488627 240037 488627 813540 486297 162917 486297 961784
492801 240037 492801 813540 486297 162917 486297 961784
492801 240037 492801 813540 494613 162917 494613 961784
495499 240037 495499 813540 494613 162917 494613 961784
502250 240037 502250 813540 494613 162917 494613 961784
502250 240037 502250 813540 506060 162917 506060 961784
508543 240037 508543 813540 506060 162917 506060 961784
509101 240037 509101 813540 506060 162917 506060 961784
509101 240037 509101 813540 510516 162917 510516 961784
512073 240037 512073 813540 510516 162917 510516 961784
512073 240037 512073 813540 513172 162917 513172 961784
516272 240037 516272 813540 513172 162917 513172 961784
517144 240037 517144 813540 513172 162917 513172 961784
517206 240037 517206 813540 513172 162917 513172 961784
517206 240037 517206 813540 519654 162917 519654 961784
520449 240037 520449 813540 519654 162917 519654 961784
520510 240037 520510 813540 519654 162917 519654 961784
520510 240037 520510 813540 520593 162917 520593 961784
523356 240037 523356 813540 520593 162917 520593 961784
524278 240037 524278 813540 520593 162917 520593 961784
524278 240037 524278 813540 524968 162917 524968 961784
524278 240037 524278 813540 525826 162917 525826 961784
524278 240037 524278 813540 529957 162917 529957 961784
524278 240037 524278 813540 531750 162917 531750 961784
524278 240037 524278 813540 533220 162917 533220 961784
524278 240037 524278 813540 534333 162917 534333 961784
524278 240037 524278 813540 535346 162917 535346 961784
536123 240037 536123 813540 535346 162917 535346 961784
538866 240037 538866 813540 535346 162917 535346 961784
540066 240037 540066 813540 535346 162917 535346 961784
540111 240037 540111 813540 535346 162917 535346 961784
541627 240037 541627 813540 535346 162917 535346 961784
543318 240037 543318 813540 535346 162917 535346 961784
543318 240037 543318 813540 544406 162917 544406 961784
543318 240037 543318 813540 547045 162917 547045 961784
543318 240037 543318 813540 548155 162917 548155 961784
548970 240037 548970 813540 548155 162917 548155 961784
548970 240037 548970 813540 549030 162917 549030 961784
549819 240037 549819 813540 549030 162917 549030 961784
554855 240037 554855 813540 549030 162917 549030 961784
558113 240037 558113 813540 549030 162917 549030 961784
558113 240037 558113 813540 559247 162917 559247 961784
558113 240037 558113 813540 559683 162917 559683 961784
558113 240037 558113 813540 560370 162917 560370 961784
558113 240037 558113 813540 561847 162917 561847 961784
564301 240037 564301 813540 561847 162917 561847 961784
565158 240037 565158 813540 561847 162917 561847 961784
566189 240037 566189 813540 561847 162917 561847 961784
566189 240037 566189 813540 568210 162917 568210 961784
566189 240037 566189 813540 568310 162917 568310 961784
566189 240037 566189 813540 569195 162917 569195 961784
570537 240037 570537 813540 569195 162917 569195 961784
571417 240037 571417 813540 569195 162917 569195 961784
571417 240037 571417 813540 578181 162917 578181 961784
571417 240037 571417 813540 579134 162917 579134 961784
584872 240037 584872 813540 579134 162917 579134 961784
587814 240037 587814 813540 579134 162917 579134 961784
589005 240037 589005 813540 579134 162917 579134 961784
589005 240037 589005 813540 589614 162917 589614 961784
591324 240037 591324 813540 589614 162917 589614 961784
591324 240037 591324 813540 602469 162917 602469 961784
591324 240037 591324 813540 604529 162917 604529 961784
607298 240037 607298 813540 604529 162917 604529 961784
607298 240037 607298 813540 610344 162917 610344 961784
610746 240037 610746 813540 610344 162917 610344 961784
610746 240037 610746 813540 612829 162917 612829 961784
610746 240037 610746 813540 614687 162917 614687 961784
616087 240037 616087 813540 614687 162917 614687 961784
616905 240037 616905 813540 614687 162917 614687 961784
616905 240037 616905 813540 618424 162917 618424 961784
619074 240037 619074 813540 618424 162917 618424 961784
619074 240037 619074 813540 620520 162917 620520 961784
620836 240037 620836 813540 620520 162917 620520 961784
624431 240037 624431 813540 620520 162917 620520 961784
625693 240037 625693 813540 620520 162917 620520 961784
625693 240037 625693 813540 626693 162917 626693 961784
626989 240037 626989 813540 626693 162917 626693 961784
626989 240037 626989 813540 627055 162917 627055 961784
628879 240037 628879 813540 627055 162917 627055 961784
629072 240037 629072 813540 627055 162917 627055 961784
629072 240037 629072 813540 629399 162917 629399 961784
629072 240037 629072 813540 639141 162917 639141 961784
639768 240037 639768 813540 639141 162917 639141 961784
641562 240037 641562 813540 639141 162917 639141 961784
641599 240037 641599 813540 639141 162917 639141 961784
641599 240037 641599 813540 643202 162917 643202 961784
641599 240037 641599 813540 648499 162917 648499 961784
649327 240037 649327 813540 648499 162917 648499 961784
651449 240037 651449 813540 648499 162917 648499 961784
656287 240037 656287 813540 648499 162917 648499 961784
656287 240037 656287 813540 658396 162917 658396 961784
656287 240037 656287 813540 658880 162917 658880 961784
656287 240037 656287 813540 659796 162917 659796 961784
656287 240037 656287 813540 659879 162917 659879 961784
661018 240037 661018 813540 659879 162917 659879 961784
661018 240037 661018 813540 662805 162917 662805 961784
663724 240037 663724 813540 662805 162917 662805 961784
669653 240037 669653 813540 662805 162917 662805 961784
669653 240037 669653 813540 671043 162917 671043 961784
669653 240037 669653 813540 673600 162917 673600 961784
675026 240037 675026 813540 673600 162917 673600 961784
676038 240037 676038 813540 673600 162917 673600 961784
681663 240037 681663 813540 673600 162917 673600 961784
681663 240037 681663 813540 682930 162917 682930 961784
681663 240037 681663 813540 684254 162917 684254 961784
685406 240037 685406 813540 684254 162917 684254 961784
685406 240037 685406 813540 688697 162917 688697 961784
693690 240037 693690 813540 688697 162917 688697 961784
693690 240037 693690 813540 694090 162917 694090 961784
698670 240037 698670 813540 694090 162917 694090 961784
698670 240037 698670 813540 699896 162917 699896 961784
698670 240037 698670 813540 700615 162917 700615 961784
698670 240037 698670 813540 700657 162917 700657 961784
706351 240037 706351 813540 700657 162917 700657 961784
708936 240037 708936 813540 700657 162917 700657 961784
708936 240037 708936 813540 710207 162917 710207 961784
708936 240037 708936 813540 711956 162917 711956 961784
714305 240037 714305 813540 711956 162917 711956 961784
714691 240037 714691 813540 711956 162917 711956 961784
714691 240037 714691 813540 723468 162917 723468 961784
725989 240037 725989 813540 723468 162917 723468 961784
728207 240037 728207 813540 723468 162917 723468 961784
734828 240037 734828 813540 723468 162917 723468 961784
734828 240037 734828 813540 737008 162917 737008 961784
734828 240037 734828 813540 740683 162917 740683 961784
734828 240037 734828 813540 742304 162917 742304 961784
734828 240037 734828 813540 743840 162917 743840 961784
734828 240037 734828 813540 745158 162917 745158 961784
734828 240037 734828 813540 746985 162917 746985 961784
748225 240037 748225 813540 746985 162917 746985 961784
748225 240037 748225 813540 748889 162917 748889 961784
748225 240037 748225 813540 755777 162917 755777 961784
748225 240037 748225 813540 756415 162917 756415 961784
760030 240037 760030 813540 756415 162917 756415 961784
762199 240037 762199 813540 756415 162917 756415 961784
764745 240037 764745 813540 756415 162917 756415 961784
764745 240037 764745 813540 766519 162917 766519 961784
764745 240037 764745 813540 772087 162917 772087 961784
764745 240037 764745 813540 773953 162917 773953 961784
778467 240037 778467 813540 773953 162917 773953 961784
778467 240037 778467 813540 782985 162917 782985 961784
778467 240037 778467 813540 784636 162917 784636 961784
778467 240037 778467 813540 788419 162917 788419 961784
790023 240037 790023 813540 788419 162917 788419 961784
790023 240037 790023 813540 799769 162917 799769 961784
790023 240037 790023 813540 817814 162917 817814 961784
790023 240037 790023 813540 820864 162917 820864 961784
790023 240037 790023 813540 821626 162917 821626 961784
790023 240037 790023 813540 838838 162917 838838 961784
790023 240037 790023 813540 853670 162917 853670 961784
790023 240037 790023 813540 919806 162917 919806 961784
