139926 207671 139926 844628 73558 159799 73558 628235
139926 207671 139926 844628 73558 159799 73558 628235
139926 207671 139926 844628 99912 159799 99912 628235
139926 207671 139926 844628 129833 159799 129833 628235
139926 207671 139926 844628 130835 159799 130835 628235
139926 207671 139926 844628 133778 159799 133778 628235
139926 207671 139926 844628 143677 159799 143677 628235
139926 207671 139926 844628 143943 159799 143943 628235
139926 207671 139926 844628 147428 159799 147428 628235
139926 207671 139926 844628 149071 159799 149071 628235
159720 207671 159720 844628 149071 159799 149071 628235
159720 207671 159720 844628 169856 159799 169856 628235
171328 207671 171328 844628 169856 159799 169856 628235
171328 207671 171328 844628 172124 159799 172124 628235
172902 207671 172902 844628 172124 159799 172124 628235
175394 207671 175394 844628 172124 159799 172124 628235
180563 207671 180563 844628 172124 159799 172124 628235
180563 207671 180563 844628 183669 159799 183669 628235
180563 207671 180563 844628 188450 159799 188450 628235
180563 207671 180563 844628 190702 159799 190702 628235
180563 207671 180563 844628 191164 159799 191164 628235
180563 207671 180563 844628 194409 159799 194409 628235
194428 207671 194428 844628 194409 159799 194409 628235
194428 207671 194428 844628 194854 159799 194854 628235
194428 207671 194428 844628 197194 159799 197194 628235
194428 207671 194428 844628 198368 159799 198368 628235
194428 207671 194428 844628 199661 159799 199661 628235
194428 207671 194428 844628 201052 159799 201052 628235
201282 207671 201282 844628 201052 159799 201052 628235
201282 207671 201282 844628 203122 159799 203122 628235
207639 207671 207639 844628 203122 159799 203122 628235
207639 207671 207639 844628 214122 159799 214122 628235
207639 207671 207639 844628 215158 159799 215158 628235
217194 207671 217194 844628 215158 159799 215158 628235
217194 207671 217194 844628 217776 159799 217776 628235
218579 207671 218579 844628 217776 159799 217776 628235
218579 207671 218579 844628 218610 159799 218610 628235
219258 207671 219258 844628 218610 159799 218610 628235
219258 207671 219258 844628 219992 159799 219992 628235
219258 207671 219258 844628 220356 159799 220356 628235
219258 207671 219258 844628 220859 159799 220859 628235
222149 207671 222149 844628 220859 159799 220859 628235
222149 207671 222149 844628 223740 159799 223740 628235
222149 207671 222149 844628 224607 159799 224607 628235
222149 207671 222149 844628 225374 159799 225374 628235
226072 207671 226072 844628 225374 159799 225374 628235
226973 207671 226973 844628 225374 159799 225374 628235
226973 207671 226973 844628 227853 159799 227853 628235
229281 207671 229281 844628 227853 159799 227853 628235
229281 207671 229281 844628 229419 159799 229419 628235
229635 207671 229635 844628 229419 159799 229419 628235
231625 207671 231625 844628 229419 159799 229419 628235
231672 207671 231672 844628 229419 159799 229419 628235
232353 207671 232353 844628 229419 159799 229419 628235
232353 207671 232353 844628 232807 159799 232807 628235
234215 207671 234215 844628 232807 159799 232807 628235
234215 207671 234215 844628 235038 159799 235038 628235
234215 207671 234215 844628 238131 159799 238131 628235
238304 207671 238304 844628 238131 159799 238131 628235
240501 207671 240501 844628 238131 159799 238131 628235
241999 207671 241999 844628 238131 159799 238131 628235
242271 207671 242271 844628 238131 159799 238131 628235
242271 207671 242271 844628 242413 159799 242413 628235
242271 207671 242271 844628 243814 159799 243814 628235
242271 207671 242271 844628 243910 159799 243910 628235
243928 207671 243928 844628 243910 159799 243910 628235
243928 207671 243928 844628 244717 159799 244717 628235
245231 207671 245231 844628 244717 159799 244717 628235
245231 207671 245231 844628 246387 159799 246387 628235
245231 207671 245231 844628 247499 159799 247499 628235
245231 207671 245231 844628 248966 159799 248966 628235
251605 207671 251605 844628 248966 159799 248966 628235
251605 207671 251605 844628 252980 159799 252980 628235
258994 207671 258994 844628 252980 159799 252980 628235
264638 207671 264638 844628 252980 159799 252980 628235
264638 207671 264638 844628 265172 159799 265172 628235
265648 207671 265648 844628 265172 159799 265172 628235
267906 207671 267906 844628 265172 159799 265172 628235
271625 207671 271625 844628 265172 159799 265172 628235
271930 207671 271930 844628 265172 159799 265172 628235
271942 207671 271942 844628 265172 159799 265172 628235
271951 207671 271951 844628 265172 159799 265172 628235
273992 207671 273992 844628 265172 159799 265172 628235
273992 207671 273992 844628 274922 159799 274922 628235
278334 207671 278334 844628 274922 159799 274922 628235
278643 207671 278643 844628 274922 159799 274922 628235
278643 207671 278643 844628 279331 159799 279331 628235
278643 207671 278643 844628 279621 159799 279621 628235
281153 207671 281153 844628 279621 159799 279621 628235
281153 207671 281153 844628 283231 159799 283231 628235
281153 207671 281153 844628 284837 159799 284837 628235
281153 207671 281153 844628 286041 159799 286041 628235
281153 207671 281153 844628 290664 159799 290664 628235
281153 207671 281153 844628 294042 159799 294042 628235
294303 207671 294303 844628 294042 159799 294042 628235
294303 207671 294303 844628 295115 159799 295115 628235
298640 207671 298640 844628 295115 159799 295115 628235
298640 207671 298640 844628 310034 159799 310034 628235
298640 207671 298640 844628 313797 159799 313797 628235
298640 207671 298640 844628 314765 159799 314765 628235
298640 207671 298640 844628 315759 159799 315759 628235
298640 207671 298640 844628 316568 159799 316568 628235
298640 207671 298640 844628 317089 159799 317089 628235
319939 207671 319939 844628 317089 159799 317089 628235
328389 207671 328389 844628 317089 159799 317089 628235
328389 207671 328389 844628 330244 159799 330244 628235
328389 207671 328389 844628 332453 159799 332453 628235
336513 207671 336513 844628 332453 159799 332453 628235
337831 207671 337831 844628 332453 159799 332453 628235
343963 207671 343963 844628 332453 159799 332453 628235
343963 207671 343963 844628 348558 159799 348558 628235
351796 207671 351796 844628 348558 159799 348558 628235
372451 207671 372451 844628 348558 159799 348558 628235
372451 207671 372451 844628 381470 159799 381470 628235
372451 207671 372451 844628 383101 159799 383101 628235
372451 207671 372451 844628 406577 159799 406577 628235
372451 207671 372451 844628 410101 159799 410101 628235
372451 207671 372451 844628 427586 159799 427586 628235
439395 207671 439395 844628 427586 159799 427586 628235
439622 207671 439622 844628 427586 159799 427586 628235
439622 207671 439622 844628 440660 159799 440660 628235
440676 207671 440676 844628 440660 159799 440660 628235
440676 207671 440676 844628 441017 159799 441017 628235
440676 207671 440676 844628 445369 159799 445369 628235
447331 207671 447331 844628 445369 159799 445369 628235
450119 207671 450119 844628 445369 159799 445369 628235
450233 207671 450233 844628 445369 159799 445369 628235
455650 207671 455650 844628 445369 159799 445369 628235
455650 207671 455650 844628 460429 159799 460429 628235
467694 207671 467694 844628 460429 159799 460429 628235
467694 207671 467694 844628 474056 159799 474056 628235
467694 207671 467694 844628 475237 159799 475237 628235
467694 207671 467694 844628 476589 159799 476589 628235
467694 207671 467694 844628 477799 159799 477799 628235
478304 207671 478304 844628 477799 159799 477799 628235
481897 207671 481897 844628 477799 159799 477799 628235
483299 207671 483299 844628 477799 159799 477799 628235
485339 207671 485339 844628 477799 159799 477799 628235
485587 207671 485587 844628 477799 159799 477799 628235
486650 207671 486650 844628 477799 159799 477799 628235
489412 207671 489412 844628 477799 159799 477799 628235
491097 207671 491097 844628 477799 159799 477799 628235
494705 207671 494705 844628 477799 159799 477799 628235
495221 207671 495221 844628 477799 159799 477799 628235
495294 207671 495294 844628 477799 159799 477799 628235
496647 207671 496647 844628 477799 159799 477799 628235
501581 207671 501581 844628 477799 159799 477799 628235
502096 207671 502096 844628 477799 159799 477799 628235
504856 207671 504856 844628 477799 159799 477799 628235
504856 207671 504856 844628 505445 159799 505445 628235
506722 207671 506722 844628 505445 159799 505445 628235
506722 207671 506722 844628 507161 159799 507161 628235
510264 207671 510264 844628 507161 159799 507161 628235
510264 207671 510264 844628 515923 159799 515923 628235
510264 207671 510264 844628 521396 159799 521396 628235
510264 207671 510264 844628 531366 159799 531366 628235
510264 207671 510264 844628 531409 159799 531409 628235
531574 207671 531574 844628 531409 159799 531409 628235
534689 207671 534689 844628 531409 159799 531409 628235
534705 207671 534705 844628 531409 159799 531409 628235
535450 207671 535450 844628 531409 159799 531409 628235
535450 207671 535450 844628 536290 159799 536290 628235
537631 207671 537631 844628 536290 159799 536290 628235
537631 207671 537631 844628 537750 159799 537750 628235
540034 207671 540034 844628 537750 159799 537750 628235
540713 207671 540713 844628 537750 159799 537750 628235
540846 207671 540846 844628 537750 159799 537750 628235
541932 207671 541932 844628 537750 159799 537750 628235
556153 207671 556153 844628 537750 159799 537750 628235
556887 207671 556887 844628 537750 159799 537750 628235
562494 207671 562494 844628 537750 159799 537750 628235
567458 207671 567458 844628 537750 159799 537750 628235
567458 207671 567458 844628 576971 159799 576971 628235
587268 207671 587268 844628 576971 159799 576971 628235
587572 207671 587572 844628 576971 159799 576971 628235
588481 207671 588481 844628 576971 159799 576971 628235
588481 207671 588481 844628 593082 159799 593082 628235
593475 207671 593475 844628 593082 159799 593082 628235
608430 207671 608430 844628 593082 159799 593082 628235
608430 207671 608430 844628 613694 159799 613694 628235
608430 207671 608430 844628 620962 159799 620962 628235
633472 207671 633472 844628 620962 159799 620962 628235
633472 207671 633472 844628 638089 159799 638089 628235
633472 207671 633472 844628 671854 159799 671854 628235
633472 207671 633472 844628 678561 159799 678561 628235
633472 207671 633472 844628 689311 159799 689311 628235
692428 207671 692428 844628 689311 159799 689311 628235
692428 207671 692428 844628 697766 159799 697766 628235
692428 207671 692428 844628 700087 159799 700087 628235
721249 207671 721249 844628 700087 159799 700087 628235
721249 207671 721249 844628 723796 159799 723796 628235
721249 207671 721249 844628 735740 159799 735740 628235
759438 207671 759438 844628 735740 159799 735740 628235
759438 207671 759438 844628 765103 159799 765103 628235
759438 207671 759438 844628 767755 159799 767755 628235
791398 207671 791398 844628 767755 159799 767755 628235
794630 207671 794630 844628 767755 159799 767755 628235
794630 207671 794630 844628 806004 159799 806004 628235
825308 207671 825308 844628 806004 159799 806004 628235
840677 207671 840677 844628 806004 159799 806004 628235
