111046 98481 111046 872478 213490 297195 213490 878122
111046 98481 111046 872478 213490 297195 213490 878122
120882 98481 120882 872478 213490 297195 213490 878122
125924 98481 125924 872478 213490 297195 213490 878122
132210 98481 132210 872478 213490 297195 213490 878122
171251 98481 171251 872478 213490 297195 213490 878122
174472 98481 174472 872478 213490 297195 213490 878122
178514 98481 178514 872478 213490 297195 213490 878122
189816 98481 189816 872478 213490 297195 213490 878122
201075 98481 201075 872478 213490 297195 213490 878122
201075 98481 201075 872478 213928 297195 213928 878122
201075 98481 201075 872478 222273 297195 222273 878122
222602 98481 222602 872478 222273 297195 222273 878122
222602 98481 222602 872478 232743 297195 232743 878122
222602 98481 222602 872478 233296 297195 233296 878122
222602 98481 222602 872478 235937 297195 235937 878122
222602 98481 222602 872478 246567 297195 246567 878122
222602 98481 222602 872478 249939 297195 249939 878122
222602 98481 222602 872478 252452 297195 252452 878122
222602 98481 222602 872478 253282 297195 253282 878122
222602 98481 222602 872478 254464 297195 254464 878122
222602 98481 222602 872478 262262 297195 262262 878122
263180 98481 263180 872478 262262 297195 262262 878122
263180 98481 263180 872478 277894 297195 277894 878122
279816 98481 279816 872478 277894 297195 277894 878122
279816 98481 279816 872478 287096 297195 287096 878122
279816 98481 279816 872478 310068 297195 310068 878122
279816 98481 279816 872478 314532 297195 314532 878122
279816 98481 279816 872478 314714 297195 314714 878122
279816 98481 279816 872478 316845 297195 316845 878122
318616 98481 318616 872478 316845 297195 316845 878122
318616 98481 318616 872478 324484 297195 324484 878122
318616 98481 318616 872478 337133 297195 337133 878122
318616 98481 318616 872478 341377 297195 341377 878122
345728 98481 345728 872478 341377 297195 341377 878122
345728 98481 345728 872478 352201 297195 352201 878122
367736 98481 367736 872478 352201 297195 352201 878122
367736 98481 367736 872478 371326 297195 371326 878122
367736 98481 367736 872478 375055 297195 375055 878122
367736 98481 367736 872478 375129 297195 375129 878122
367736 98481 367736 872478 379327 297195 379327 878122
387663 98481 387663 872478 379327 297195 379327 878122
388699 98481 388699 872478 379327 297195 379327 878122
390118 98481 390118 872478 379327 297195 379327 878122
393979 98481 393979 872478 379327 297195 379327 878122
393979 98481 393979 872478 395451 297195 395451 878122
408102 98481 408102 872478 395451 297195 395451 878122
409173 98481 409173 872478 395451 297195 395451 878122
412251 98481 412251 872478 395451 297195 395451 878122
412251 98481 412251 872478 414807 297195 414807 878122
418225 98481 418225 872478 414807 297195 414807 878122
419609 98481 419609 872478 414807 297195 414807 878122
419609 98481 419609 872478 419757 297195 419757 878122
423392 98481 423392 872478 419757 297195 419757 878122
427604 98481 427604 872478 419757 297195 419757 878122
429317 98481 429317 872478 419757 297195 419757 878122
430792 98481 430792 872478 419757 297195 419757 878122
433443 98481 433443 872478 419757 297195 419757 878122
434666 98481 434666 872478 419757 297195 419757 878122
434666 98481 434666 872478 437046 297195 437046 878122
440389 98481 440389 872478 437046 297195 437046 878122
442681 98481 442681 872478 437046 297195 437046 878122
442681 98481 442681 872478 442899 297195 442899 878122
446383 98481 446383 872478 442899 297195 442899 878122
446383 98481 446383 872478 446697 297195 446697 878122
446383 98481 446383 872478 451775 297195 451775 878122
460371 98481 460371 872478 451775 297195 451775 878122
461204 98481 461204 872478 451775 297195 451775 878122
461204 98481 461204 872478 461818 297195 461818 878122
468240 98481 468240 872478 461818 297195 461818 878122
469116 98481 469116 872478 461818 297195 461818 878122
469116 98481 469116 872478 470608 297195 470608 878122
471052 98481 471052 872478 470608 297195 470608 878122
472797 98481 472797 872478 470608 297195 470608 878122
472797 98481 472797 872478 472851 297195 472851 878122
472797 98481 472797 872478 472858 297195 472858 878122
473042 98481 473042 872478 472858 297195 472858 878122
481382 98481 481382 872478 472858 297195 472858 878122
482982 98481 482982 872478 472858 297195 472858 878122
482982 98481 482982 872478 484638 297195 484638 878122
484793 98481 484793 872478 484638 297195 484638 878122
484793 98481 484793 872478 486073 297195 486073 878122
488470 98481 488470 872478 486073 297195 486073 878122
488470 98481 488470 872478 489085 297195 489085 878122
496704 98481 496704 872478 489085 297195 489085 878122
497314 98481 497314 872478 489085 297195 489085 878122
497314 98481 497314 872478 498636 297195 498636 878122
499799 98481 499799 872478 498636 297195 498636 878122
501056 98481 501056 872478 498636 297195 498636 878122
501666 98481 501666 872478 498636 297195 498636 878122
501956 98481 501956 872478 498636 297195 498636 878122
502501 98481 502501 872478 498636 297195 498636 878122
502501 98481 502501 872478 502668 297195 502668 878122
502501 98481 502501 872478 506011 297195 506011 878122
508759 98481 508759 872478 506011 297195 506011 878122
509893 98481 509893 872478 506011 297195 506011 878122
509893 98481 509893 872478 509905 297195 509905 878122
509961 98481 509961 872478 509905 297195 509905 878122
509961 98481 509961 872478 512147 297195 512147 878122
509961 98481 509961 872478 512487 297195 512487 878122
517012 98481 517012 872478 512487 297195 512487 878122
517012 98481 517012 872478 522678 297195 522678 878122
517012 98481 517012 872478 523256 297195 523256 878122
517012 98481 517012 872478 523430 297195 523430 878122
524100 98481 524100 872478 523430 297195 523430 878122
524642 98481 524642 872478 523430 297195 523430 878122
524642 98481 524642 872478 525763 297195 525763 878122
525781 98481 525781 872478 525763 297195 525763 878122
525781 98481 525781 872478 529300 297195 529300 878122
530617 98481 530617 872478 529300 297195 529300 878122
530617 98481 530617 872478 531014 297195 531014 878122
530617 98481 530617 872478 536665 297195 536665 878122
536798 98481 536798 872478 536665 297195 536665 878122
537495 98481 537495 872478 536665 297195 536665 878122
537495 98481 537495 872478 543155 297195 543155 878122
545291 98481 545291 872478 543155 297195 543155 878122
545291 98481 545291 872478 545529 297195 545529 878122
546557 98481 546557 872478 545529 297195 545529 878122
547672 98481 547672 872478 545529 297195 545529 878122
549491 98481 549491 872478 545529 297195 545529 878122
550494 98481 550494 872478 545529 297195 545529 878122
559880 98481 559880 872478 545529 297195 545529 878122
560554 98481 560554 872478 545529 297195 545529 878122
560554 98481 560554 872478 561713 297195 561713 878122
562793 98481 562793 872478 561713 297195 561713 878122
563326 98481 563326 872478 561713 297195 561713 878122
568698 98481 568698 872478 561713 297195 561713 878122
568698 98481 568698 872478 576190 297195 576190 878122
568698 98481 568698 872478 576255 297195 576255 878122
576583 98481 576583 872478 576255 297195 576255 878122
576583 98481 576583 872478 578134 297195 578134 878122
578234 98481 578234 872478 578134 297195 578134 878122
582866 98481 582866 872478 578134 297195 578134 878122
582866 98481 582866 872478 585070 297195 585070 878122
586794 98481 586794 872478 585070 297195 585070 878122
586794 98481 586794 872478 587166 297195 587166 878122
588499 98481 588499 872478 587166 297195 587166 878122
588499 98481 588499 872478 590055 297195 590055 878122
590931 98481 590931 872478 590055 297195 590055 878122
591187 98481 591187 872478 590055 297195 590055 878122
591187 98481 591187 872478 598496 297195 598496 878122
591187 98481 591187 872478 598778 297195 598778 878122
591187 98481 591187 872478 605697 297195 605697 878122
591187 98481 591187 872478 609475 297195 609475 878122
591187 98481 591187 872478 612132 297195 612132 878122
591187 98481 591187 872478 615384 297195 615384 878122
591187 98481 591187 872478 619327 297195 619327 878122
591187 98481 591187 872478 622161 297195 622161 878122
591187 98481 591187 872478 622992 297195 622992 878122
591187 98481 591187 872478 631107 297195 631107 878122
591187 98481 591187 872478 631246 297195 631246 878122
591187 98481 591187 872478 631306 297195 631306 878122
591187 98481 591187 872478 633342 297195 633342 878122
591187 98481 591187 872478 635929 297195 635929 878122
591187 98481 591187 872478 639114 297195 639114 878122
639199 98481 639199 872478 639114 297195 639114 878122
639522 98481 639522 872478 639114 297195 639114 878122
639522 98481 639522 872478 655566 297195 655566 878122
639522 98481 639522 872478 660195 297195 660195 878122
639522 98481 639522 872478 664543 297195 664543 878122
639522 98481 639522 872478 667754 297195 667754 878122
639522 98481 639522 872478 670416 297195 670416 878122
674128 98481 674128 872478 670416 297195 670416 878122
674128 98481 674128 872478 676981 297195 676981 878122
674128 98481 674128 872478 689660 297195 689660 878122
674128 98481 674128 872478 692234 297195 692234 878122
674128 98481 674128 872478 699258 297195 699258 878122
701741 98481 701741 872478 699258 297195 699258 878122
701741 98481 701741 872478 702117 297195 702117 878122
701741 98481 701741 872478 719449 297195 719449 878122
701741 98481 701741 872478 724432 297195 724432 878122
701741 98481 701741 872478 737295 297195 737295 878122
701741 98481 701741 872478 740407 297195 740407 878122
701741 98481 701741 872478 741172 297195 741172 878122
701741 98481 701741 872478 743314 297195 743314 878122
743808 98481 743808 872478 743314 297195 743314 878122
748582 98481 748582 872478 743314 297195 743314 878122
748582 98481 748582 872478 750929 297195 750929 878122
748582 98481 748582 872478 754557 297195 754557 878122
756223 98481 756223 872478 754557 297195 754557 878122
766072 98481 766072 872478 754557 297195 754557 878122
769096 98481 769096 872478 754557 297195 754557 878122
769096 98481 769096 872478 771511 297195 771511 878122
778869 98481 778869 872478 771511 297195 771511 878122
778869 98481 778869 872478 779313 297195 779313 878122
780803 98481 780803 872478 779313 297195 779313 878122
790805 98481 790805 872478 779313 297195 779313 878122
790805 98481 790805 872478 791638 297195 791638 878122
793116 98481 793116 872478 791638 297195 791638 878122
801882 98481 801882 872478 791638 297195 791638 878122
816087 98481 816087 872478 791638 297195 791638 878122
816770 98481 816770 872478 791638 297195 791638 878122
821704 98481 821704 872478 791638 297195 791638 878122
821704 98481 821704 872478 836061 297195 836061 878122
838129 98481 838129 872478 836061 297195 836061 878122
850515 98481 850515 872478 836061 297195 836061 878122
860619 98481 860619 872478 836061 297195 836061 878122
860619 98481 860619 872478 864519 297195 864519 878122
871255 98481 871255 872478 864519 297195 864519 878122
962055 98481 962055 872478 864519 297195 864519 878122
