235333 243756 235333 872627 88092 153309 88092 851229
235333 243756 235333 872627 88092 153309 88092 851229
235333 243756 235333 872627 117506 153309 117506 851229
235333 243756 235333 872627 128724 153309 128724 851229
235333 243756 235333 872627 141541 153309 141541 851229
235333 243756 235333 872627 149190 153309 149190 851229
235333 243756 235333 872627 155032 153309 155032 851229
235333 243756 235333 872627 161357 153309 161357 851229
235333 243756 235333 872627 170015 153309 170015 851229
235333 243756 235333 872627 184054 153309 184054 851229
235333 243756 235333 872627 189154 153309 189154 851229
235333 243756 235333 872627 189459 153309 189459 851229
235333 243756 235333 872627 196667 153309 196667 851229
235333 243756 235333 872627 217696 153309 217696 851229
235333 243756 235333 872627 220681 153309 220681 851229
235333 243756 235333 872627 225190 153309 225190 851229
235333 243756 235333 872627 242124 153309 242124 851229
235333 243756 235333 872627 242903 153309 242903 851229
235333 243756 235333 872627 247257 153309 247257 851229
235333 243756 235333 872627 247708 153309 247708 851229
235333 243756 235333 872627 248807 153309 248807 851229
253617 243756 253617 872627 248807 153309 248807 851229
253617 243756 253617 872627 255805 153309 255805 851229
253617 243756 253617 872627 257550 153309 257550 851229
253617 243756 253617 872627 260968 153309 260968 851229
253617 243756 253617 872627 261174 153309 261174 851229
253617 243756 253617 872627 265015 153309 265015 851229
253617 243756 253617 872627 271213 153309 271213 851229
253617 243756 253617 872627 274746 153309 274746 851229
253617 243756 253617 872627 279257 153309 279257 851229
253617 243756 253617 872627 283842 153309 283842 851229
253617 243756 253617 872627 286542 153309 286542 851229
253617 243756 253617 872627 287022 153309 287022 851229
253617 243756 253617 872627 291503 153309 291503 851229
253617 243756 253617 872627 298743 153309 298743 851229
253617 243756 253617 872627 299770 153309 299770 851229
302367 243756 302367 872627 299770 153309 299770 851229
302367 243756 302367 872627 304280 153309 304280 851229
302367 243756 302367 872627 308754 153309 308754 851229
302367 243756 302367 872627 313935 153309 313935 851229
302367 243756 302367 872627 314619 153309 314619 851229
302367 243756 302367 872627 322498 153309 322498 851229
302367 243756 302367 872627 334394 153309 334394 851229
302367 243756 302367 872627 336295 153309 336295 851229
302367 243756 302367 872627 336495 153309 336495 851229
302367 243756 302367 872627 336546 153309 336546 851229
302367 243756 302367 872627 338890 153309 338890 851229
302367 243756 302367 872627 339135 153309 339135 851229
302367 243756 302367 872627 339861 153309 339861 851229
302367 243756 302367 872627 340964 153309 340964 851229
302367 243756 302367 872627 343987 153309 343987 851229
302367 243756 302367 872627 358569 153309 358569 851229
302367 243756 302367 872627 359082 153309 359082 851229
362855 243756 362855 872627 359082 153309 359082 851229
364760 243756 364760 872627 359082 153309 359082 851229
365470 243756 365470 872627 359082 153309 359082 851229
365470 243756 365470 872627 365688 153309 365688 851229
365470 243756 365470 872627 372326 153309 372326 851229
365470 243756 365470 872627 374212 153309 374212 851229
365470 243756 365470 872627 376049 153309 376049 851229
365470 243756 365470 872627 376351 153309 376351 851229
365470 243756 365470 872627 381109 153309 381109 851229
386984 243756 386984 872627 381109 153309 381109 851229
388157 243756 388157 872627 381109 153309 381109 851229
388157 243756 388157 872627 389083 153309 389083 851229
388157 243756 388157 872627 389448 153309 389448 851229
390141 243756 390141 872627 389448 153309 389448 851229
390141 243756 390141 872627 390549 153309 390549 851229
390141 243756 390141 872627 391930 153309 391930 851229
392809 243756 392809 872627 391930 153309 391930 851229
392809 243756 392809 872627 394574 153309 394574 851229
392809 243756 392809 872627 396116 153309 396116 851229
392809 243756 392809 872627 396556 153309 396556 851229
392809 243756 392809 872627 399473 153309 399473 851229
392809 243756 392809 872627 400353 153309 400353 851229
392809 243756 392809 872627 400783 153309 400783 851229
392809 243756 392809 872627 402924 153309 402924 851229
392809 243756 392809 872627 404063 153309 404063 851229
404104 243756 404104 872627 404063 153309 404063 851229
404104 243756 404104 872627 406000 153309 406000 851229
406920 243756 406920 872627 406000 153309 406000 851229
410035 243756 410035 872627 406000 153309 406000 851229
411876 243756 411876 872627 406000 153309 406000 851229
411876 243756 411876 872627 412897 153309 412897 851229
413490 243756 413490 872627 412897 153309 412897 851229
413973 243756 413973 872627 412897 153309 412897 851229
417330 243756 417330 872627 412897 153309 412897 851229
417330 243756 417330 872627 419891 153309 419891 851229
419976 243756 419976 872627 419891 153309 419891 851229
419976 243756 419976 872627 421824 153309 421824 851229
424547 243756 424547 872627 421824 153309 421824 851229
425825 243756 425825 872627 421824 153309 421824 851229
425825 243756 425825 872627 429459 153309 429459 851229
425825 243756 425825 872627 432496 153309 432496 851229
425825 243756 425825 872627 438421 153309 438421 851229
425825 243756 425825 872627 438735 153309 438735 851229
442357 243756 442357 872627 438735 153309 438735 851229
443273 243756 443273 872627 438735 153309 438735 851229
443620 243756 443620 872627 438735 153309 438735 851229
444895 243756 444895 872627 438735 153309 438735 851229
445691 243756 445691 872627 438735 153309 438735 851229
445691 243756 445691 872627 448523 153309 448523 851229
445691 243756 445691 872627 455024 153309 455024 851229
455263 243756 455263 872627 455024 153309 455024 851229
455263 243756 455263 872627 461977 153309 461977 851229
467825 243756 467825 872627 461977 153309 461977 851229
467825 243756 467825 872627 469707 153309 469707 851229
467825 243756 467825 872627 472920 153309 472920 851229
475225 243756 475225 872627 472920 153309 472920 851229
475225 243756 475225 872627 475521 153309 475521 851229
475225 243756 475225 872627 477246 153309 477246 851229
479978 243756 479978 872627 477246 153309 477246 851229
481452 243756 481452 872627 477246 153309 477246 851229
494017 243756 494017 872627 477246 153309 477246 851229
494017 243756 494017 872627 494699 153309 494699 851229
494017 243756 494017 872627 495207 153309 495207 851229
494017 243756 494017 872627 498198 153309 498198 851229
498389 243756 498389 872627 498198 153309 498198 851229
498389 243756 498389 872627 505991 153309 505991 851229
498389 243756 498389 872627 508104 153309 508104 851229
498389 243756 498389 872627 508250 153309 508250 851229
510205 243756 510205 872627 508250 153309 508250 851229
513481 243756 513481 872627 508250 153309 508250 851229
513481 243756 513481 872627 524307 153309 524307 851229
527231 243756 527231 872627 524307 153309 524307 851229
529974 243756 529974 872627 524307 153309 524307 851229
529974 243756 529974 872627 538440 153309 538440 851229
541712 243756 541712 872627 538440 153309 538440 851229
544998 243756 544998 872627 538440 153309 538440 851229
545254 243756 545254 872627 538440 153309 538440 851229
545254 243756 545254 872627 548549 153309 548549 851229
557682 243756 557682 872627 548549 153309 548549 851229
558449 243756 558449 872627 548549 153309 548549 851229
558449 243756 558449 872627 561318 153309 561318 851229
563749 243756 563749 872627 561318 153309 561318 851229
564103 243756 564103 872627 561318 153309 561318 851229
564103 243756 564103 872627 567023 153309 567023 851229
564103 243756 564103 872627 568387 153309 568387 851229
564103 243756 564103 872627 568572 153309 568572 851229
568738 243756 568738 872627 568572 153309 568572 851229
568738 243756 568738 872627 573900 153309 573900 851229
568738 243756 568738 872627 577928 153309 577928 851229
586153 243756 586153 872627 577928 153309 577928 851229
586153 243756 586153 872627 586272 153309 586272 851229
612033 243756 612033 872627 586272 153309 586272 851229
614812 243756 614812 872627 586272 153309 586272 851229
619166 243756 619166 872627 586272 153309 586272 851229
619568 243756 619568 872627 586272 153309 586272 851229
619885 243756 619885 872627 586272 153309 586272 851229
620286 243756 620286 872627 586272 153309 586272 851229
627304 243756 627304 872627 586272 153309 586272 851229
632792 243756 632792 872627 586272 153309 586272 851229
632792 243756 632792 872627 634100 153309 634100 851229
638383 243756 638383 872627 634100 153309 634100 851229
641458 243756 641458 872627 634100 153309 634100 851229
646058 243756 646058 872627 634100 153309 634100 851229
649755 243756 649755 872627 634100 153309 634100 851229
658172 243756 658172 872627 634100 153309 634100 851229
659468 243756 659468 872627 634100 153309 634100 851229
664976 243756 664976 872627 634100 153309 634100 851229
666501 243756 666501 872627 634100 153309 634100 851229
666625 243756 666625 872627 634100 153309 634100 851229
674895 243756 674895 872627 634100 153309 634100 851229
675138 243756 675138 872627 634100 153309 634100 851229
677951 243756 677951 872627 634100 153309 634100 851229
684258 243756 684258 872627 634100 153309 634100 851229
685833 243756 685833 872627 634100 153309 634100 851229
687801 243756 687801 872627 634100 153309 634100 851229
690888 243756 690888 872627 634100 153309 634100 851229
692614 243756 692614 872627 634100 153309 634100 851229
693877 243756 693877 872627 634100 153309 634100 851229
697925 243756 697925 872627 634100 153309 634100 851229
702933 243756 702933 872627 634100 153309 634100 851229
708149 243756 708149 872627 634100 153309 634100 851229
711003 243756 711003 872627 634100 153309 634100 851229
714973 243756 714973 872627 634100 153309 634100 851229
717904 243756 717904 872627 634100 153309 634100 851229
730288 243756 730288 872627 634100 153309 634100 851229
735186 243756 735186 872627 634100 153309 634100 851229
735499 243756 735499 872627 634100 153309 634100 851229
735860 243756 735860 872627 634100 153309 634100 851229
736231 243756 736231 872627 634100 153309 634100 851229
742173 243756 742173 872627 634100 153309 634100 851229
743788 243756 743788 872627 634100 153309 634100 851229
751632 243756 751632 872627 634100 153309 634100 851229
765413 243756 765413 872627 634100 153309 634100 851229
769976 243756 769976 872627 634100 153309 634100 851229
781634 243756 781634 872627 634100 153309 634100 851229
791801 243756 791801 872627 634100 153309 634100 851229
792478 243756 792478 872627 634100 153309 634100 851229
794484 243756 794484 872627 634100 153309 634100 851229
804347 243756 804347 872627 634100 153309 634100 851229
811942 243756 811942 872627 634100 153309 634100 851229
816223 243756 816223 872627 634100 153309 634100 851229
823262 243756 823262 872627 634100 153309 634100 851229
826354 243756 826354 872627 634100 153309 634100 851229
830967 243756 830967 872627 634100 153309 634100 851229
861249 243756 861249 872627 634100 153309 634100 851229
867571 243756 867571 872627 634100 153309 634100 851229
962437 243756 962437 872627 634100 153309 634100 851229
