238683 243228 238683 870355 114753 79865 114753 838162
238683 243228 238683 870355 114753 79865 114753 838162
238683 243228 238683 870355 132610 79865 132610 838162
238683 243228 238683 870355 133679 79865 133679 838162
238683 243228 238683 870355 139995 79865 139995 838162
238683 243228 238683 870355 171408 79865 171408 838162
238683 243228 238683 870355 173267 79865 173267 838162
238683 243228 238683 870355 202595 79865 202595 838162
238683 243228 238683 870355 213884 79865 213884 838162
238683 243228 238683 870355 256055 79865 256055 838162
238683 243228 238683 870355 259496 79865 259496 838162
238683 243228 238683 870355 262562 79865 262562 838162
265535 243228 265535 870355 262562 79865 262562 838162
265535 243228 265535 870355 265775 79865 265775 838162
265535 243228 265535 870355 266539 79865 266539 838162
276076 243228 276076 870355 266539 79865 266539 838162
277141 243228 277141 870355 266539 79865 266539 838162
277141 243228 277141 870355 281487 79865 281487 838162
289447 243228 289447 870355 281487 79865 281487 838162
290218 243228 290218 870355 281487 79865 281487 838162
290727 243228 290727 870355 281487 79865 281487 838162
290727 243228 290727 870355 295681 79865 295681 838162
290727 243228 290727 870355 297191 79865 297191 838162
290727 243228 290727 870355 305310 79865 305310 838162
290727 243228 290727 870355 306612 79865 306612 838162
290727 243228 290727 870355 307940 79865 307940 838162
290727 243228 290727 870355 308121 79865 308121 838162
290727 243228 290727 870355 312277 79865 312277 838162
316464 243228 316464 870355 312277 79865 312277 838162
317868 243228 317868 870355 312277 79865 312277 838162
317868 243228 317868 870355 318122 79865 318122 838162
317868 243228 317868 870355 320259 79865 320259 838162
320814 243228 320814 870355 320259 79865 320259 838162
320814 243228 320814 870355 322213 79865 322213 838162
322552 243228 322552 870355 322213 79865 322213 838162
328848 243228 328848 870355 322213 79865 322213 838162
335201 243228 335201 870355 322213 79865 322213 838162
335201 243228 335201 870355 336088 79865 336088 838162
338765 243228 338765 870355 336088 79865 336088 838162
338907 243228 338907 870355 336088 79865 336088 838162
338907 243228 338907 870355 345810 79865 345810 838162
338907 243228 338907 870355 345973 79865 345973 838162
353014 243228 353014 870355 345973 79865 345973 838162
353014 243228 353014 870355 353743 79865 353743 838162
354810 243228 354810 870355 353743 79865 353743 838162
356486 243228 356486 870355 353743 79865 353743 838162
356486 243228 356486 870355 359258 79865 359258 838162
359539 243228 359539 870355 359258 79865 359258 838162
359539 243228 359539 870355 361705 79865 361705 838162
359539 243228 359539 870355 366030 79865 366030 838162
366076 243228 366076 870355 366030 79865 366030 838162
366443 243228 366443 870355 366030 79865 366030 838162
366443 243228 366443 870355 369750 79865 369750 838162
370138 243228 370138 870355 369750 79865 369750 838162
370468 243228 370468 870355 369750 79865 369750 838162
371266 243228 371266 870355 369750 79865 369750 838162
371747 243228 371747 870355 369750 79865 369750 838162
372133 243228 372133 870355 369750 79865 369750 838162
374719 243228 374719 870355 369750 79865 369750 838162
374719 243228 374719 870355 376437 79865 376437 838162
378297 243228 378297 870355 376437 79865 376437 838162
379479 243228 379479 870355 376437 79865 376437 838162
381744 243228 381744 870355 376437 79865 376437 838162
381744 243228 381744 870355 381979 79865 381979 838162
382261 243228 382261 870355 381979 79865 381979 838162
384344 243228 384344 870355 381979 79865 381979 838162
385188 243228 385188 870355 381979 79865 381979 838162
385188 243228 385188 870355 386881 79865 386881 838162
387374 243228 387374 870355 386881 79865 386881 838162
387374 243228 387374 870355 393822 79865 393822 838162
394670 243228 394670 870355 393822 79865 393822 838162
394670 243228 394670 870355 396245 79865 396245 838162
400846 243228 400846 870355 396245 79865 396245 838162
400846 243228 400846 870355 406847 79865 406847 838162
410153 243228 410153 870355 406847 79865 406847 838162
410153 243228 410153 870355 410716 79865 410716 838162
410153 243228 410153 870355 415514 79865 415514 838162
417349 243228 417349 870355 415514 79865 415514 838162
417492 243228 417492 870355 415514 79865 415514 838162
421467 243228 421467 870355 415514 79865 415514 838162
422917 243228 422917 870355 415514 79865 415514 838162
422917 243228 422917 870355 425246 79865 425246 838162
422917 243228 422917 870355 430505 79865 430505 838162
422917 243228 422917 870355 431320 79865 431320 838162
436800 243228 436800 870355 431320 79865 431320 838162
436800 243228 436800 870355 444178 79865 444178 838162
436800 243228 436800 870355 448771 79865 448771 838162
449334 243228 449334 870355 448771 79865 448771 838162
451180 243228 451180 870355 448771 79865 448771 838162
451180 243228 451180 870355 453717 79865 453717 838162
451180 243228 451180 870355 456493 79865 456493 838162
451180 243228 451180 870355 463838 79865 463838 838162
464092 243228 464092 870355 463838 79865 463838 838162
468414 243228 468414 870355 463838 79865 463838 838162
468414 243228 468414 870355 471954 79865 471954 838162
478639 243228 478639 870355 471954 79865 471954 838162
478696 243228 478696 870355 471954 79865 471954 838162
478696 243228 478696 870355 480679 79865 480679 838162
478696 243228 478696 870355 482615 79865 482615 838162
484981 243228 484981 870355 482615 79865 482615 838162
484981 243228 484981 870355 487419 79865 487419 838162
490842 243228 490842 870355 487419 79865 487419 838162
496278 243228 496278 870355 487419 79865 487419 838162
496278 243228 496278 870355 496408 79865 496408 838162
496278 243228 496278 870355 497065 79865 497065 838162
496278 243228 496278 870355 497560 79865 497560 838162
496278 243228 496278 870355 499805 79865 499805 838162
496278 243228 496278 870355 501581 79865 501581 838162
510590 243228 510590 870355 501581 79865 501581 838162
510590 243228 510590 870355 512557 79865 512557 838162
512993 243228 512993 870355 512557 79865 512557 838162
519195 243228 519195 870355 512557 79865 512557 838162
519195 243228 519195 870355 521597 79865 521597 838162
519195 243228 519195 870355 524506 79865 524506 838162
524684 243228 524684 870355 524506 79865 524506 838162
529882 243228 529882 870355 524506 79865 524506 838162
529882 243228 529882 870355 536198 79865 536198 838162
529882 243228 529882 870355 539660 79865 539660 838162
529882 243228 529882 870355 543141 79865 543141 838162
529882 243228 529882 870355 545520 79865 545520 838162
529882 243228 529882 870355 549505 79865 549505 838162
549852 243228 549852 870355 549505 79865 549505 838162
549931 243228 549931 870355 549505 79865 549505 838162
549931 243228 549931 870355 553835 79865 553835 838162
556604 243228 556604 870355 553835 79865 553835 838162
556604 243228 556604 870355 562002 79865 562002 838162
556604 243228 556604 870355 562911 79865 562911 838162
556604 243228 556604 870355 566980 79865 566980 838162
556604 243228 556604 870355 573723 79865 573723 838162
589765 243228 589765 870355 573723 79865 573723 838162
589765 243228 589765 870355 594509 79865 594509 838162
589765 243228 589765 870355 598912 79865 598912 838162
589765 243228 589765 870355 604909 79865 604909 838162
620376 243228 620376 870355 604909 79865 604909 838162
627406 243228 627406 870355 604909 79865 604909 838162
627406 243228 627406 870355 630082 79865 630082 838162
630773 243228 630773 870355 630082 79865 630082 838162
633058 243228 633058 870355 630082 79865 630082 838162
633058 243228 633058 870355 634647 79865 634647 838162
636847 243228 636847 870355 634647 79865 634647 838162
636847 243228 636847 870355 639831 79865 639831 838162
636847 243228 636847 870355 645922 79865 645922 838162
646248 243228 646248 870355 645922 79865 645922 838162
646248 243228 646248 870355 646690 79865 646690 838162
646248 243228 646248 870355 649173 79865 649173 838162
651202 243228 651202 870355 649173 79865 649173 838162
654095 243228 654095 870355 649173 79865 649173 838162
654095 243228 654095 870355 658190 79865 658190 838162
658406 243228 658406 870355 658190 79865 658190 838162
658406 243228 658406 870355 661788 79865 661788 838162
662145 243228 662145 870355 661788 79865 661788 838162
662145 243228 662145 870355 665168 79865 665168 838162
666413 243228 666413 870355 665168 79865 665168 838162
666413 243228 666413 870355 667278 79865 667278 838162
666413 243228 666413 870355 667305 79865 667305 838162
671802 243228 671802 870355 667305 79865 667305 838162
684324 243228 684324 870355 667305 79865 667305 838162
687661 243228 687661 870355 667305 79865 667305 838162
687661 243228 687661 870355 689240 79865 689240 838162
687661 243228 687661 870355 694145 79865 694145 838162
687661 243228 687661 870355 694656 79865 694656 838162
687661 243228 687661 870355 697783 79865 697783 838162
687661 243228 687661 870355 702134 79865 702134 838162
702269 243228 702269 870355 702134 79865 702134 838162
702269 243228 702269 870355 705678 79865 705678 838162
702269 243228 702269 870355 707874 79865 707874 838162
707883 243228 707883 870355 707874 79865 707874 838162
707883 243228 707883 870355 711829 79865 711829 838162
707883 243228 707883 870355 713704 79865 713704 838162
717555 243228 717555 870355 713704 79865 713704 838162
717555 243228 717555 870355 721982 79865 721982 838162
724690 243228 724690 870355 721982 79865 721982 838162
724690 243228 724690 870355 726799 79865 726799 838162
724690 243228 724690 870355 726947 79865 726947 838162
724690 243228 724690 870355 728040 79865 728040 838162
728569 243228 728569 870355 728040 79865 728040 838162
728569 243228 728569 870355 729007 79865 729007 838162
736584 243228 736584 870355 729007 79865 729007 838162
736584 243228 736584 870355 740680 79865 740680 838162
745353 243228 745353 870355 740680 79865 740680 838162
745702 243228 745702 870355 740680 79865 740680 838162
746164 243228 746164 870355 740680 79865 740680 838162
752539 243228 752539 870355 740680 79865 740680 838162
754669 243228 754669 870355 740680 79865 740680 838162
754669 243228 754669 870355 758750 79865 758750 838162
767807 243228 767807 870355 758750 79865 758750 838162
775719 243228 775719 870355 758750 79865 758750 838162
781429 243228 781429 870355 758750 79865 758750 838162
785983 243228 785983 870355 758750 79865 758750 838162
788891 243228 788891 870355 758750 79865 758750 838162
798771 243228 798771 870355 758750 79865 758750 838162
805110 243228 805110 870355 758750 79865 758750 838162
805611 243228 805611 870355 758750 79865 758750 838162
810978 243228 810978 870355 758750 79865 758750 838162
814807 243228 814807 870355 758750 79865 758750 838162
820293 243228 820293 870355 758750 79865 758750 838162
821998 243228 821998 870355 758750 79865 758750 838162
826667 243228 826667 870355 758750 79865 758750 838162
844890 243228 844890 870355 758750 79865 758750 838162
882180 243228 882180 870355 758750 79865 758750 838162
