68112 160681 68112 910021 116621 141690 116621 911187
68112 160681 68112 910021 116621 141690 116621 911187
148368 160681 148368 910021 116621 141690 116621 911187
148368 160681 148368 910021 154092 141690 154092 911187
148368 160681 148368 910021 161115 141690 161115 911187
148368 160681 148368 910021 174896 141690 174896 911187
148368 160681 148368 910021 182304 141690 182304 911187
184397 160681 184397 910021 182304 141690 182304 911187
185339 160681 185339 910021 182304 141690 182304 911187
185339 160681 185339 910021 189138 141690 189138 911187
190218 160681 190218 910021 189138 141690 189138 911187
190218 160681 190218 910021 193903 141690 193903 911187
194836 160681 194836 910021 193903 141690 193903 911187
195513 160681 195513 910021 193903 141690 193903 911187
195513 160681 195513 910021 198494 141690 198494 911187
200279 160681 200279 910021 198494 141690 198494 911187
200509 160681 200509 910021 198494 141690 198494 911187
202374 160681 202374 910021 198494 141690 198494 911187
206734 160681 206734 910021 198494 141690 198494 911187
212221 160681 212221 910021 198494 141690 198494 911187
214073 160681 214073 910021 198494 141690 198494 911187
217157 160681 217157 910021 198494 141690 198494 911187
220020 160681 220020 910021 198494 141690 198494 911187
222696 160681 222696 910021 198494 141690 198494 911187
224572 160681 224572 910021 198494 141690 198494 911187
227798 160681 227798 910021 198494 141690 198494 911187
229123 160681 229123 910021 198494 141690 198494 911187
229123 160681 229123 910021 230422 141690 230422 911187
230987 160681 230987 910021 230422 141690 230422 911187
231147 160681 231147 910021 230422 141690 230422 911187
231281 160681 231281 910021 230422 141690 230422 911187
233135 160681 233135 910021 230422 141690 230422 911187
233135 160681 233135 910021 238022 141690 238022 911187
241632 160681 241632 910021 238022 141690 238022 911187
248682 160681 248682 910021 238022 141690 238022 911187
250751 160681 250751 910021 238022 141690 238022 911187
251078 160681 251078 910021 238022 141690 238022 911187
252884 160681 252884 910021 238022 141690 238022 911187
252884 160681 252884 910021 254042 141690 254042 911187
254535 160681 254535 910021 254042 141690 254042 911187
254535 160681 254535 910021 257115 141690 257115 911187
262242 160681 262242 910021 257115 141690 257115 911187
262242 160681 262242 910021 270775 141690 270775 911187
273116 160681 273116 910021 270775 141690 270775 911187
273528 160681 273528 910021 270775 141690 270775 911187
273528 160681 273528 910021 274542 141690 274542 911187
283259 160681 283259 910021 274542 141690 274542 911187
288616 160681 288616 910021 274542 141690 274542 911187
288616 160681 288616 910021 296566 141690 296566 911187
288616 160681 288616 910021 298034 141690 298034 911187
301227 160681 301227 910021 298034 141690 298034 911187
301227 160681 301227 910021 301682 141690 301682 911187
301227 160681 301227 910021 303404 141690 303404 911187
301227 160681 301227 910021 305099 141690 305099 911187
301227 160681 301227 910021 310162 141690 310162 911187
312919 160681 312919 910021 310162 141690 310162 911187
312919 160681 312919 910021 313204 141690 313204 911187
312919 160681 312919 910021 314240 141690 314240 911187
312919 160681 312919 910021 316583 141690 316583 911187
325177 160681 325177 910021 316583 141690 316583 911187
325177 160681 325177 910021 325539 141690 325539 911187
325177 160681 325177 910021 327498 141690 327498 911187
325177 160681 325177 910021 328736 141690 328736 911187
325177 160681 325177 910021 329463 141690 329463 911187
330823 160681 330823 910021 329463 141690 329463 911187
330823 160681 330823 910021 337875 141690 337875 911187
330823 160681 330823 910021 350728 141690 350728 911187
351285 160681 351285 910021 350728 141690 350728 911187
358250 160681 358250 910021 350728 141690 350728 911187
358250 160681 358250 910021 360184 141690 360184 911187
358250 160681 358250 910021 362291 141690 362291 911187
358250 160681 358250 910021 362416 141690 362416 911187
358250 160681 358250 910021 365791 141690 365791 911187
358250 160681 358250 910021 367839 141690 367839 911187
358250 160681 358250 910021 371411 141690 371411 911187
358250 160681 358250 910021 373054 141690 373054 911187
358250 160681 358250 910021 373085 141690 373085 911187
358250 160681 358250 910021 374991 141690 374991 911187
358250 160681 358250 910021 375680 141690 375680 911187
390154 160681 390154 910021 375680 141690 375680 911187
390154 160681 390154 910021 391400 141690 391400 911187
390154 160681 390154 910021 396657 141690 396657 911187
390154 160681 390154 910021 402461 141690 402461 911187
390154 160681 390154 910021 407584 141690 407584 911187
390154 160681 390154 910021 409450 141690 409450 911187
390154 160681 390154 910021 409627 141690 409627 911187
390154 160681 390154 910021 413247 141690 413247 911187
390154 160681 390154 910021 416007 141690 416007 911187
390154 160681 390154 910021 419992 141690 419992 911187
390154 160681 390154 910021 420059 141690 420059 911187
427260 160681 427260 910021 420059 141690 420059 911187
427260 160681 427260 910021 428063 141690 428063 911187
427260 160681 427260 910021 430241 141690 430241 911187
427260 160681 427260 910021 434349 141690 434349 911187
427260 160681 427260 910021 439275 141690 439275 911187
427260 160681 427260 910021 442853 141690 442853 911187
427260 160681 427260 910021 445711 141690 445711 911187
427260 160681 427260 910021 446560 141690 446560 911187
427260 160681 427260 910021 447601 141690 447601 911187
427260 160681 427260 910021 449976 141690 449976 911187
427260 160681 427260 910021 460722 141690 460722 911187
462961 160681 462961 910021 460722 141690 460722 911187
466495 160681 466495 910021 460722 141690 460722 911187
468447 160681 468447 910021 460722 141690 460722 911187
477286 160681 477286 910021 460722 141690 460722 911187
477286 160681 477286 910021 478612 141690 478612 911187
478954 160681 478954 910021 478612 141690 478612 911187
478954 160681 478954 910021 481290 141690 481290 911187
485607 160681 485607 910021 481290 141690 481290 911187
487368 160681 487368 910021 481290 141690 481290 911187
487368 160681 487368 910021 505170 141690 505170 911187
507746 160681 507746 910021 505170 141690 505170 911187
507746 160681 507746 910021 510650 141690 510650 911187
512303 160681 512303 910021 510650 141690 510650 911187
517216 160681 517216 910021 510650 141690 510650 911187
520520 160681 520520 910021 510650 141690 510650 911187
520761 160681 520761 910021 510650 141690 510650 911187
521663 160681 521663 910021 510650 141690 510650 911187
523234 160681 523234 910021 510650 141690 510650 911187
527111 160681 527111 910021 510650 141690 510650 911187
527934 160681 527934 910021 510650 141690 510650 911187
527934 160681 527934 910021 531229 141690 531229 911187
527934 160681 527934 910021 531303 141690 531303 911187
527934 160681 527934 910021 531912 141690 531912 911187
527934 160681 527934 910021 533386 141690 533386 911187
547302 160681 547302 910021 533386 141690 533386 911187
552393 160681 552393 910021 533386 141690 533386 911187
556108 160681 556108 910021 533386 141690 533386 911187
563614 160681 563614 910021 533386 141690 533386 911187
564218 160681 564218 910021 533386 141690 533386 911187
565919 160681 565919 910021 533386 141690 533386 911187
570406 160681 570406 910021 533386 141690 533386 911187
570604 160681 570604 910021 533386 141690 533386 911187
573241 160681 573241 910021 533386 141690 533386 911187
575828 160681 575828 910021 533386 141690 533386 911187
581392 160681 581392 910021 533386 141690 533386 911187
584646 160681 584646 910021 533386 141690 533386 911187
585422 160681 585422 910021 533386 141690 533386 911187
585694 160681 585694 910021 533386 141690 533386 911187
586591 160681 586591 910021 533386 141690 533386 911187
598844 160681 598844 910021 533386 141690 533386 911187
603665 160681 603665 910021 533386 141690 533386 911187
611265 160681 611265 910021 533386 141690 533386 911187
620827 160681 620827 910021 533386 141690 533386 911187
622119 160681 622119 910021 533386 141690 533386 911187
629610 160681 629610 910021 533386 141690 533386 911187
641490 160681 641490 910021 533386 141690 533386 911187
643949 160681 643949 910021 533386 141690 533386 911187
645688 160681 645688 910021 533386 141690 533386 911187
648679 160681 648679 910021 533386 141690 533386 911187
648679 160681 648679 910021 649280 141690 649280 911187
654372 160681 654372 910021 649280 141690 649280 911187
654372 160681 654372 910021 655834 141690 655834 911187
660023 160681 660023 910021 655834 141690 655834 911187
660023 160681 660023 910021 676876 141690 676876 911187
677566 160681 677566 910021 676876 141690 676876 911187
680634 160681 680634 910021 676876 141690 676876 911187
684331 160681 684331 910021 676876 141690 676876 911187
689399 160681 689399 910021 676876 141690 676876 911187
692672 160681 692672 910021 676876 141690 676876 911187
692672 160681 692672 910021 697025 141690 697025 911187
692672 160681 692672 910021 698763 141690 698763 911187
700294 160681 700294 910021 698763 141690 698763 911187
702277 160681 702277 910021 698763 141690 698763 911187
702277 160681 702277 910021 702686 141690 702686 911187
702277 160681 702277 910021 702903 141690 702903 911187
704993 160681 704993 910021 702903 141690 702903 911187
704993 160681 704993 910021 708777 141690 708777 911187
704993 160681 704993 910021 709229 141690 709229 911187
704993 160681 704993 910021 710556 141690 710556 911187
704993 160681 704993 910021 714157 141690 714157 911187
704993 160681 704993 910021 721505 141690 721505 911187
723555 160681 723555 910021 721505 141690 721505 911187
723555 160681 723555 910021 724798 141690 724798 911187
726239 160681 726239 910021 724798 141690 724798 911187
727544 160681 727544 910021 724798 141690 724798 911187
727544 160681 727544 910021 728763 141690 728763 911187
727544 160681 727544 910021 732170 141690 732170 911187
727544 160681 727544 910021 734721 141690 734721 911187
727544 160681 727544 910021 735192 141690 735192 911187
727544 160681 727544 910021 737560 141690 737560 911187
727544 160681 727544 910021 738322 141690 738322 911187
739462 160681 739462 910021 738322 141690 738322 911187
739462 160681 739462 910021 743180 141690 743180 911187
746938 160681 746938 910021 743180 141690 743180 911187
746938 160681 746938 910021 749171 141690 749171 911187
753180 160681 753180 910021 749171 141690 749171 911187
755886 160681 755886 910021 749171 141690 749171 911187
755886 160681 755886 910021 755955 141690 755955 911187
755886 160681 755886 910021 763462 141690 763462 911187
755886 160681 755886 910021 771123 141690 771123 911187
755886 160681 755886 910021 789892 141690 789892 911187
755886 160681 755886 910021 790950 141690 790950 911187
755886 160681 755886 910021 793329 141690 793329 911187
755886 160681 755886 910021 797970 141690 797970 911187
755886 160681 755886 910021 798353 141690 798353 911187
755886 160681 755886 910021 805577 141690 805577 911187
755886 160681 755886 910021 806090 141690 806090 911187
755886 160681 755886 910021 861869 141690 861869 911187
755886 160681 755886 910021 862831 141690 862831 911187
