227176 73522 227176 943303 146989 134236 146989 844684
227176 73522 227176 943303 146989 134236 146989 844684
227176 73522 227176 943303 179506 134236 179506 844684
227176 73522 227176 943303 186519 134236 186519 844684
227176 73522 227176 943303 188590 134236 188590 844684
227176 73522 227176 943303 190285 134236 190285 844684
227176 73522 227176 943303 190564 134236 190564 844684
227176 73522 227176 943303 195750 134236 195750 844684
227176 73522 227176 943303 196777 134236 196777 844684
227176 73522 227176 943303 196824 134236 196824 844684
227176 73522 227176 943303 197366 134236 197366 844684
227176 73522 227176 943303 203025 134236 203025 844684
227176 73522 227176 943303 206679 134236 206679 844684
227176 73522 227176 943303 209454 134236 209454 844684
227176 73522 227176 943303 212627 134236 212627 844684
227176 73522 227176 943303 212726 134236 212726 844684
227176 73522 227176 943303 216933 134236 216933 844684
227176 73522 227176 943303 220015 134236 220015 844684
227176 73522 227176 943303 230550 134236 230550 844684
235785 73522 235785 943303 230550 134236 230550 844684
235785 73522 235785 943303 268631 134236 268631 844684
235785 73522 235785 943303 271155 134236 271155 844684
235785 73522 235785 943303 274151 134236 274151 844684
235785 73522 235785 943303 275558 134236 275558 844684
280724 73522 280724 943303 275558 134236 275558 844684
280724 73522 280724 943303 287356 134236 287356 844684
280724 73522 280724 943303 290328 134236 290328 844684
280724 73522 280724 943303 294637 134236 294637 844684
301340 73522 301340 943303 294637 134236 294637 844684
301340 73522 301340 943303 311527 134236 311527 844684
301340 73522 301340 943303 322392 134236 322392 844684
301340 73522 301340 943303 322399 134236 322399 844684
301340 73522 301340 943303 327743 134236 327743 844684
332725 73522 332725 943303 327743 134236 327743 844684
332879 73522 332879 943303 327743 134236 327743 844684
333841 73522 333841 943303 327743 134236 327743 844684
339343 73522 339343 943303 327743 134236 327743 844684
346359 73522 346359 943303 327743 134236 327743 844684
346359 73522 346359 943303 348295 134236 348295 844684
346359 73522 346359 943303 348927 134236 348927 844684
348983 73522 348983 943303 348927 134236 348927 844684
348983 73522 348983 943303 355413 134236 355413 844684
358326 73522 358326 943303 355413 134236 355413 844684
358326 73522 358326 943303 360196 134236 360196 844684
358326 73522 358326 943303 360246 134236 360246 844684
363613 73522 363613 943303 360246 134236 360246 844684
363613 73522 363613 943303 363790 134236 363790 844684
365260 73522 365260 943303 363790 134236 363790 844684
365277 73522 365277 943303 363790 134236 363790 844684
366239 73522 366239 943303 363790 134236 363790 844684
366239 73522 366239 943303 368270 134236 368270 844684
369150 73522 369150 943303 368270 134236 368270 844684
371617 73522 371617 943303 368270 134236 368270 844684
371936 73522 371936 943303 368270 134236 368270 844684
373887 73522 373887 943303 368270 134236 368270 844684
373887 73522 373887 943303 373939 134236 373939 844684
373887 73522 373887 943303 376591 134236 376591 844684
373887 73522 373887 943303 381246 134236 381246 844684
382286 73522 382286 943303 381246 134236 381246 844684
382286 73522 382286 943303 383221 134236 383221 844684
382286 73522 382286 943303 383320 134236 383320 844684
382286 73522 382286 943303 383505 134236 383505 844684
384069 73522 384069 943303 383505 134236 383505 844684
384069 73522 384069 943303 391536 134236 391536 844684
384069 73522 384069 943303 391700 134236 391700 844684
384069 73522 384069 943303 392585 134236 392585 844684
384069 73522 384069 943303 393440 134236 393440 844684
393722 73522 393722 943303 393440 134236 393440 844684
393722 73522 393722 943303 397850 134236 397850 844684
393722 73522 393722 943303 399182 134236 399182 844684
393722 73522 393722 943303 399319 134236 399319 844684
393722 73522 393722 943303 404522 134236 404522 844684
393722 73522 393722 943303 406278 134236 406278 844684
407393 73522 407393 943303 406278 134236 406278 844684
407393 73522 407393 943303 409238 134236 409238 844684
407393 73522 407393 943303 413604 134236 413604 844684
407393 73522 407393 943303 414475 134236 414475 844684
407393 73522 407393 943303 421216 134236 421216 844684
407393 73522 407393 943303 431458 134236 431458 844684
407393 73522 407393 943303 431545 134236 431545 844684
407393 73522 407393 943303 434209 134236 434209 844684
407393 73522 407393 943303 436194 134236 436194 844684
407393 73522 407393 943303 438718 134236 438718 844684
440010 73522 440010 943303 438718 134236 438718 844684
440010 73522 440010 943303 442296 134236 442296 844684
440010 73522 440010 943303 443255 134236 443255 844684
443292 73522 443292 943303 443255 134236 443255 844684
443292 73522 443292 943303 445373 134236 445373 844684
443292 73522 443292 943303 446394 134236 446394 844684
446986 73522 446986 943303 446394 134236 446394 844684
446986 73522 446986 943303 449666 134236 449666 844684
446986 73522 446986 943303 450142 134236 450142 844684
446986 73522 446986 943303 450727 134236 450727 844684
446986 73522 446986 943303 453840 134236 453840 844684
454350 73522 454350 943303 453840 134236 453840 844684
454569 73522 454569 943303 453840 134236 453840 844684
454569 73522 454569 943303 455016 134236 455016 844684
455682 73522 455682 943303 455016 134236 455016 844684
455914 73522 455914 943303 455016 134236 455016 844684
455914 73522 455914 943303 459020 134236 459020 844684
463637 73522 463637 943303 459020 134236 459020 844684
463637 73522 463637 943303 465638 134236 465638 844684
466389 73522 466389 943303 465638 134236 465638 844684
466389 73522 466389 943303 468114 134236 468114 844684
466389 73522 466389 943303 469598 134236 469598 844684
470422 73522 470422 943303 469598 134236 469598 844684
472333 73522 472333 943303 469598 134236 469598 844684
475431 73522 475431 943303 469598 134236 469598 844684
476693 73522 476693 943303 469598 134236 469598 844684
478520 73522 478520 943303 469598 134236 469598 844684
478520 73522 478520 943303 479276 134236 479276 844684
484755 73522 484755 943303 479276 134236 479276 844684
484755 73522 484755 943303 487416 134236 487416 844684
489376 73522 489376 943303 487416 134236 487416 844684
490237 73522 490237 943303 487416 134236 487416 844684
497880 73522 497880 943303 487416 134236 487416 844684
497912 73522 497912 943303 487416 134236 487416 844684
498014 73522 498014 943303 487416 134236 487416 844684
499978 73522 499978 943303 487416 134236 487416 844684
502081 73522 502081 943303 487416 134236 487416 844684
505216 73522 505216 943303 487416 134236 487416 844684
506408 73522 506408 943303 487416 134236 487416 844684
507050 73522 507050 943303 487416 134236 487416 844684
507050 73522 507050 943303 508700 134236 508700 844684
515085 73522 515085 943303 508700 134236 508700 844684
523076 73522 523076 943303 508700 134236 508700 844684
527711 73522 527711 943303 508700 134236 508700 844684
533028 73522 533028 943303 508700 134236 508700 844684
535174 73522 535174 943303 508700 134236 508700 844684
535174 73522 535174 943303 539227 134236 539227 844684
545808 73522 545808 943303 539227 134236 539227 844684
551258 73522 551258 943303 539227 134236 539227 844684
553875 73522 553875 943303 539227 134236 539227 844684
553875 73522 553875 943303 554780 134236 554780 844684
562214 73522 562214 943303 554780 134236 554780 844684
563117 73522 563117 943303 554780 134236 554780 844684
563117 73522 563117 943303 564729 134236 564729 844684
563117 73522 563117 943303 574493 134236 574493 844684
563117 73522 563117 943303 576207 134236 576207 844684
563117 73522 563117 943303 576689 134236 576689 844684
563117 73522 563117 943303 577587 134236 577587 844684
578997 73522 578997 943303 577587 134236 577587 844684
581646 73522 581646 943303 577587 134236 577587 844684
582144 73522 582144 943303 577587 134236 577587 844684
585112 73522 585112 943303 577587 134236 577587 844684
590436 73522 590436 943303 577587 134236 577587 844684
590612 73522 590612 943303 577587 134236 577587 844684
590612 73522 590612 943303 595102 134236 595102 844684
595110 73522 595110 943303 595102 134236 595102 844684
595110 73522 595110 943303 596525 134236 596525 844684
597519 73522 597519 943303 596525 134236 596525 844684
599043 73522 599043 943303 596525 134236 596525 844684
600768 73522 600768 943303 596525 134236 596525 844684
600768 73522 600768 943303 604960 134236 604960 844684
600768 73522 600768 943303 607269 134236 607269 844684
600768 73522 600768 943303 607725 134236 607725 844684
609032 73522 609032 943303 607725 134236 607725 844684
609032 73522 609032 943303 612229 134236 612229 844684
614692 73522 614692 943303 612229 134236 612229 844684
627551 73522 627551 943303 612229 134236 612229 844684
627551 73522 627551 943303 639428 134236 639428 844684
643548 73522 643548 943303 639428 134236 639428 844684
644657 73522 644657 943303 639428 134236 639428 844684
644657 73522 644657 943303 663044 134236 663044 844684
680077 73522 680077 943303 663044 134236 663044 844684
680077 73522 680077 943303 686496 134236 686496 844684
687904 73522 687904 943303 686496 134236 686496 844684
689327 73522 689327 943303 686496 134236 686496 844684
697213 73522 697213 943303 686496 134236 686496 844684
697213 73522 697213 943303 697286 134236 697286 844684
697213 73522 697213 943303 699266 134236 699266 844684
700316 73522 700316 943303 699266 134236 699266 844684
700811 73522 700811 943303 699266 134236 699266 844684
701129 73522 701129 943303 699266 134236 699266 844684
701244 73522 701244 943303 699266 134236 699266 844684
706693 73522 706693 943303 699266 134236 699266 844684
708017 73522 708017 943303 699266 134236 699266 844684
719167 73522 719167 943303 699266 134236 699266 844684
719167 73522 719167 943303 723503 134236 723503 844684
725701 73522 725701 943303 723503 134236 723503 844684
736860 73522 736860 943303 723503 134236 723503 844684
740256 73522 740256 943303 723503 134236 723503 844684
740256 73522 740256 943303 740747 134236 740747 844684
740989 73522 740989 943303 740747 134236 740747 844684
740989 73522 740989 943303 741795 134236 741795 844684
743233 73522 743233 943303 741795 134236 741795 844684
744001 73522 744001 943303 741795 134236 741795 844684
744001 73522 744001 943303 744702 134236 744702 844684
744001 73522 744001 943303 745722 134236 745722 844684
747880 73522 747880 943303 745722 134236 745722 844684
754616 73522 754616 943303 745722 134236 745722 844684
755369 73522 755369 943303 745722 134236 745722 844684
762995 73522 762995 943303 745722 134236 745722 844684
775006 73522 775006 943303 745722 134236 745722 844684
776607 73522 776607 943303 745722 134236 745722 844684
778967 73522 778967 943303 745722 134236 745722 844684
791849 73522 791849 943303 745722 134236 745722 844684
791849 73522 791849 943303 792319 134236 792319 844684
804656 73522 804656 943303 792319 134236 792319 844684
823982 73522 823982 943303 792319 134236 792319 844684
