103396 185797 103396 637470 199429 147379 199429 791565
103396 185797 103396 637470 199429 147379 199429 791565
115326 185797 115326 637470 199429 147379 199429 791565
121810 185797 121810 637470 199429 147379 199429 791565
137296 185797 137296 637470 199429 147379 199429 791565
148061 185797 148061 637470 199429 147379 199429 791565
155419 185797 155419 637470 199429 147379 199429 791565
162444 185797 162444 637470 199429 147379 199429 791565
164624 185797 164624 637470 199429 147379 199429 791565
178213 185797 178213 637470 199429 147379 199429 791565
179423 185797 179423 637470 199429 147379 199429 791565
180171 185797 180171 637470 199429 147379 199429 791565
180370 185797 180370 637470 199429 147379 199429 791565
183109 185797 183109 637470 199429 147379 199429 791565
192759 185797 192759 637470 199429 147379 199429 791565
197880 185797 197880 637470 199429 147379 199429 791565
198846 185797 198846 637470 199429 147379 199429 791565
200115 185797 200115 637470 199429 147379 199429 791565
201376 185797 201376 637470 199429 147379 199429 791565
209348 185797 209348 637470 199429 147379 199429 791565
209348 185797 209348 637470 210077 147379 210077 791565
209348 185797 209348 637470 213708 147379 213708 791565
214815 185797 214815 637470 213708 147379 213708 791565
215799 185797 215799 637470 213708 147379 213708 791565
215957 185797 215957 637470 213708 147379 213708 791565
217626 185797 217626 637470 213708 147379 213708 791565
219042 185797 219042 637470 213708 147379 213708 791565
224085 185797 224085 637470 213708 147379 213708 791565
226593 185797 226593 637470 213708 147379 213708 791565
228297 185797 228297 637470 213708 147379 213708 791565
228728 185797 228728 637470 213708 147379 213708 791565
233767 185797 233767 637470 213708 147379 213708 791565
234565 185797 234565 637470 213708 147379 213708 791565
240024 185797 240024 637470 213708 147379 213708 791565
246755 185797 246755 637470 213708 147379 213708 791565
248568 185797 248568 637470 213708 147379 213708 791565
248815 185797 248815 637470 213708 147379 213708 791565
249981 185797 249981 637470 213708 147379 213708 791565
252598 185797 252598 637470 213708 147379 213708 791565
253595 185797 253595 637470 213708 147379 213708 791565
257236 185797 257236 637470 213708 147379 213708 791565
261763 185797 261763 637470 213708 147379 213708 791565
261763 185797 261763 637470 263720 147379 263720 791565
264475 185797 264475 637470 263720 147379 263720 791565
269902 185797 269902 637470 263720 147379 263720 791565
271070 185797 271070 637470 263720 147379 263720 791565
273185 185797 273185 637470 263720 147379 263720 791565
273185 185797 273185 637470 277002 147379 277002 791565
279957 185797 279957 637470 277002 147379 277002 791565
281404 185797 281404 637470 277002 147379 277002 791565
281998 185797 281998 637470 277002 147379 277002 791565
290651 185797 290651 637470 277002 147379 277002 791565
290651 185797 290651 637470 290827 147379 290827 791565
293407 185797 293407 637470 290827 147379 290827 791565
293407 185797 293407 637470 301896 147379 301896 791565
306719 185797 306719 637470 301896 147379 301896 791565
306719 185797 306719 637470 315003 147379 315003 791565
315599 185797 315599 637470 315003 147379 315003 791565
316441 185797 316441 637470 315003 147379 315003 791565
318810 185797 318810 637470 315003 147379 315003 791565
320635 185797 320635 637470 315003 147379 315003 791565
321535 185797 321535 637470 315003 147379 315003 791565
321535 185797 321535 637470 329460 147379 329460 791565
330303 185797 330303 637470 329460 147379 329460 791565
330303 185797 330303 637470 332580 147379 332580 791565
334002 185797 334002 637470 332580 147379 332580 791565
334281 185797 334281 637470 332580 147379 332580 791565
334469 185797 334469 637470 332580 147379 332580 791565
335708 185797 335708 637470 332580 147379 332580 791565
338064 185797 338064 637470 332580 147379 332580 791565
339429 185797 339429 637470 332580 147379 332580 791565
342874 185797 342874 637470 332580 147379 332580 791565
342874 185797 342874 637470 344000 147379 344000 791565
345156 185797 345156 637470 344000 147379 344000 791565
347072 185797 347072 637470 344000 147379 344000 791565
347689 185797 347689 637470 344000 147379 344000 791565
351945 185797 351945 637470 344000 147379 344000 791565
356190 185797 356190 637470 344000 147379 344000 791565
358523 185797 358523 637470 344000 147379 344000 791565
358801 185797 358801 637470 344000 147379 344000 791565
358814 185797 358814 637470 344000 147379 344000 791565
358814 185797 358814 637470 360210 147379 360210 791565
358814 185797 358814 637470 362593 147379 362593 791565
358814 185797 358814 637470 364589 147379 364589 791565
358814 185797 358814 637470 366259 147379 366259 791565
358814 185797 358814 637470 369023 147379 369023 791565
369906 185797 369906 637470 369023 147379 369023 791565
370246 185797 370246 637470 369023 147379 369023 791565
371518 185797 371518 637470 369023 147379 369023 791565
371518 185797 371518 637470 372514 147379 372514 791565
371518 185797 371518 637470 372960 147379 372960 791565
373521 185797 373521 637470 372960 147379 372960 791565
379853 185797 379853 637470 372960 147379 372960 791565
383389 185797 383389 637470 372960 147379 372960 791565
390331 185797 390331 637470 372960 147379 372960 791565
390331 185797 390331 637470 391853 147379 391853 791565
396681 185797 396681 637470 391853 147379 391853 791565
396681 185797 396681 637470 402383 147379 402383 791565
403301 185797 403301 637470 402383 147379 402383 791565
403301 185797 403301 637470 404880 147379 404880 791565
405674 185797 405674 637470 404880 147379 404880 791565
408143 185797 408143 637470 404880 147379 404880 791565
408710 185797 408710 637470 404880 147379 404880 791565
408710 185797 408710 637470 411402 147379 411402 791565
412651 185797 412651 637470 411402 147379 411402 791565
412651 185797 412651 637470 413702 147379 413702 791565
412651 185797 412651 637470 414025 147379 414025 791565
414271 185797 414271 637470 414025 147379 414025 791565
415339 185797 415339 637470 414025 147379 414025 791565
417259 185797 417259 637470 414025 147379 414025 791565
417259 185797 417259 637470 418096 147379 418096 791565
419662 185797 419662 637470 418096 147379 418096 791565
419662 185797 419662 637470 422244 147379 422244 791565
426264 185797 426264 637470 422244 147379 422244 791565
426264 185797 426264 637470 426869 147379 426869 791565
426264 185797 426264 637470 427586 147379 427586 791565
426264 185797 426264 637470 429796 147379 429796 791565
426264 185797 426264 637470 431686 147379 431686 791565
434868 185797 434868 637470 431686 147379 431686 791565
436648 185797 436648 637470 431686 147379 431686 791565
436648 185797 436648 637470 439759 147379 439759 791565
436648 185797 436648 637470 440522 147379 440522 791565
436648 185797 436648 637470 446454 147379 446454 791565
436648 185797 436648 637470 450278 147379 450278 791565
436648 185797 436648 637470 452336 147379 452336 791565
436648 185797 436648 637470 456590 147379 456590 791565
458550 185797 458550 637470 456590 147379 456590 791565
458550 185797 458550 637470 460704 147379 460704 791565
458550 185797 458550 637470 461289 147379 461289 791565
458550 185797 458550 637470 465900 147379 465900 791565
458550 185797 458550 637470 467081 147379 467081 791565
458550 185797 458550 637470 467304 147379 467304 791565
458550 185797 458550 637470 473903 147379 473903 791565
458550 185797 458550 637470 475551 147379 475551 791565
458550 185797 458550 637470 476523 147379 476523 791565
458550 185797 458550 637470 478962 147379 478962 791565
458550 185797 458550 637470 480431 147379 480431 791565
458550 185797 458550 637470 483278 147379 483278 791565
458550 185797 458550 637470 487985 147379 487985 791565
458550 185797 458550 637470 490069 147379 490069 791565
458550 185797 458550 637470 492255 147379 492255 791565
458550 185797 458550 637470 493365 147379 493365 791565
458550 185797 458550 637470 494774 147379 494774 791565
458550 185797 458550 637470 498649 147379 498649 791565
458550 185797 458550 637470 499932 147379 499932 791565
458550 185797 458550 637470 502098 147379 502098 791565
458550 185797 458550 637470 508793 147379 508793 791565
458550 185797 458550 637470 509601 147379 509601 791565
458550 185797 458550 637470 516643 147379 516643 791565
458550 185797 458550 637470 523692 147379 523692 791565
458550 185797 458550 637470 530088 147379 530088 791565
458550 185797 458550 637470 530225 147379 530225 791565
458550 185797 458550 637470 543550 147379 543550 791565
458550 185797 458550 637470 553606 147379 553606 791565
458550 185797 458550 637470 562573 147379 562573 791565
458550 185797 458550 637470 579155 147379 579155 791565
458550 185797 458550 637470 582297 147379 582297 791565
458550 185797 458550 637470 588025 147379 588025 791565
458550 185797 458550 637470 589719 147379 589719 791565
625218 185797 625218 637470 589719 147379 589719 791565
651409 185797 651409 637470 589719 147379 589719 791565
651409 185797 651409 637470 651977 147379 651977 791565
654596 185797 654596 637470 651977 147379 651977 791565
654596 185797 654596 637470 676346 147379 676346 791565
654596 185797 654596 637470 686890 147379 686890 791565
654596 185797 654596 637470 690347 147379 690347 791565
697687 185797 697687 637470 690347 147379 690347 791565
697687 185797 697687 637470 704769 147379 704769 791565
697687 185797 697687 637470 712788 147379 712788 791565
697687 185797 697687 637470 713575 147379 713575 791565
715037 185797 715037 637470 713575 147379 713575 791565
715037 185797 715037 637470 719747 147379 719747 791565
715037 185797 715037 637470 727699 147379 727699 791565
715037 185797 715037 637470 730168 147379 730168 791565
735780 185797 735780 637470 730168 147379 730168 791565
735780 185797 735780 637470 746260 147379 746260 791565
735780 185797 735780 637470 746809 147379 746809 791565
751565 185797 751565 637470 746809 147379 746809 791565
751565 185797 751565 637470 755560 147379 755560 791565
751565 185797 751565 637470 756020 147379 756020 791565
751565 185797 751565 637470 756930 147379 756930 791565
751565 185797 751565 637470 758052 147379 758052 791565
751565 185797 751565 637470 761479 147379 761479 791565
751565 185797 751565 637470 765562 147379 765562 791565
751565 185797 751565 637470 766905 147379 766905 791565
774496 185797 774496 637470 766905 147379 766905 791565
774496 185797 774496 637470 779171 147379 779171 791565
774496 185797 774496 637470 795023 147379 795023 791565
774496 185797 774496 637470 801804 147379 801804 791565
774496 185797 774496 637470 804472 147379 804472 791565
774496 185797 774496 637470 809041 147379 809041 791565
774496 185797 774496 637470 811896 147379 811896 791565
774496 185797 774496 637470 822207 147379 822207 791565
774496 185797 774496 637470 834335 147379 834335 791565
774496 185797 774496 637470 835688 147379 835688 791565
774496 185797 774496 637470 844823 147379 844823 791565
854573 185797 854573 637470 844823 147379 844823 791565
854573 185797 854573 637470 855211 147379 855211 791565
854573 185797 854573 637470 858309 147379 858309 791565
854573 185797 854573 637470 859700 147379 859700 791565
