149366 314796 149366 844031 151012 128513 151012 849695
149366 314796 149366 844031 151012 128513 151012 849695
149366 314796 149366 844031 155109 128513 155109 849695
166506 314796 166506 844031 155109 128513 155109 849695
173654 314796 173654 844031 155109 128513 155109 849695
173654 314796 173654 844031 188353 128513 188353 849695
173654 314796 173654 844031 189819 128513 189819 849695
173654 314796 173654 844031 192101 128513 192101 849695
173654 314796 173654 844031 199798 128513 199798 849695
173654 314796 173654 844031 205057 128513 205057 849695
173654 314796 173654 844031 225505 128513 225505 849695
173654 314796 173654 844031 227640 128513 227640 849695
173654 314796 173654 844031 227949 128513 227949 849695
173654 314796 173654 844031 235044 128513 235044 849695
173654 314796 173654 844031 236300 128513 236300 849695
249189 314796 249189 844031 236300 128513 236300 849695
249189 314796 249189 844031 255615 128513 255615 849695
249189 314796 249189 844031 256822 128513 256822 849695
249189 314796 249189 844031 256847 128513 256847 849695
249189 314796 249189 844031 258584 128513 258584 849695
265087 314796 265087 844031 258584 128513 258584 849695
265489 314796 265489 844031 258584 128513 258584 849695
265489 314796 265489 844031 266051 128513 266051 849695
265489 314796 265489 844031 270418 128513 270418 849695
278250 314796 278250 844031 270418 128513 270418 849695
282199 314796 282199 844031 270418 128513 270418 849695
282199 314796 282199 844031 285972 128513 285972 849695
282199 314796 282199 844031 296240 128513 296240 849695
282199 314796 282199 844031 309946 128513 309946 849695
311259 314796 311259 844031 309946 128513 309946 849695
325150 314796 325150 844031 309946 128513 309946 849695
326251 314796 326251 844031 309946 128513 309946 849695
332190 314796 332190 844031 309946 128513 309946 849695
332190 314796 332190 844031 336394 128513 336394 849695
336857 314796 336857 844031 336394 128513 336394 849695
340416 314796 340416 844031 336394 128513 336394 849695
340416 314796 340416 844031 341209 128513 341209 849695
340416 314796 340416 844031 344957 128513 344957 849695
340416 314796 340416 844031 349005 128513 349005 849695
351985 314796 351985 844031 349005 128513 349005 849695
353793 314796 353793 844031 349005 128513 349005 849695
354464 314796 354464 844031 349005 128513 349005 849695
354464 314796 354464 844031 359579 128513 359579 849695
354464 314796 354464 844031 365092 128513 365092 849695
365902 314796 365902 844031 365092 128513 365092 849695
365902 314796 365902 844031 367334 128513 367334 849695
369451 314796 369451 844031 367334 128513 367334 849695
376404 314796 376404 844031 367334 128513 367334 849695
376404 314796 376404 844031 377920 128513 377920 849695
380822 314796 380822 844031 377920 128513 377920 849695
385701 314796 385701 844031 377920 128513 377920 849695
387838 314796 387838 844031 377920 128513 377920 849695
387838 314796 387838 844031 388042 128513 388042 849695
387838 314796 387838 844031 388950 128513 388950 849695
387838 314796 387838 844031 389068 128513 389068 849695
389639 314796 389639 844031 389068 128513 389068 849695
389810 314796 389810 844031 389068 128513 389068 849695
389810 314796 389810 844031 395775 128513 395775 849695
389810 314796 389810 844031 403877 128513 403877 849695
389810 314796 389810 844031 405519 128513 405519 849695
405960 314796 405960 844031 405519 128513 405519 849695
407766 314796 407766 844031 405519 128513 405519 849695
408451 314796 408451 844031 405519 128513 405519 849695
412390 314796 412390 844031 405519 128513 405519 849695
420602 314796 420602 844031 405519 128513 405519 849695
420602 314796 420602 844031 423521 128513 423521 849695
424640 314796 424640 844031 423521 128513 423521 849695
434043 314796 434043 844031 423521 128513 423521 849695
436007 314796 436007 844031 423521 128513 423521 849695
437234 314796 437234 844031 423521 128513 423521 849695
437234 314796 437234 844031 437852 128513 437852 849695
437234 314796 437234 844031 444476 128513 444476 849695
447637 314796 447637 844031 444476 128513 444476 849695
447637 314796 447637 844031 448485 128513 448485 849695
449565 314796 449565 844031 448485 128513 448485 849695
449565 314796 449565 844031 452652 128513 452652 849695
449565 314796 449565 844031 454332 128513 454332 849695
449565 314796 449565 844031 454627 128513 454627 849695
455105 314796 455105 844031 454627 128513 454627 849695
464375 314796 464375 844031 454627 128513 454627 849695
464375 314796 464375 844031 477968 128513 477968 849695
483699 314796 483699 844031 477968 128513 477968 849695
485644 314796 485644 844031 477968 128513 477968 849695
487077 314796 487077 844031 477968 128513 477968 849695
487860 314796 487860 844031 477968 128513 477968 849695
489317 314796 489317 844031 477968 128513 477968 849695
489317 314796 489317 844031 492734 128513 492734 849695
489317 314796 489317 844031 495176 128513 495176 849695
489317 314796 489317 844031 501455 128513 501455 849695
502949 314796 502949 844031 501455 128513 501455 849695
502949 314796 502949 844031 503116 128513 503116 849695
502949 314796 502949 844031 506962 128513 506962 849695
508713 314796 508713 844031 506962 128513 506962 849695
508713 314796 508713 844031 509921 128513 509921 849695
512490 314796 512490 844031 509921 128513 509921 849695
512490 314796 512490 844031 517451 128513 517451 849695
519612 314796 519612 844031 517451 128513 517451 849695
524592 314796 524592 844031 517451 128513 517451 849695
524592 314796 524592 844031 526993 128513 526993 849695
524592 314796 524592 844031 528397 128513 528397 849695
529558 314796 529558 844031 528397 128513 528397 849695
529768 314796 529768 844031 528397 128513 528397 849695
529768 314796 529768 844031 530512 128513 530512 849695
533130 314796 533130 844031 530512 128513 530512 849695
535137 314796 535137 844031 530512 128513 530512 849695
535137 314796 535137 844031 535475 128513 535475 849695
535137 314796 535137 844031 536453 128513 536453 849695
537029 314796 537029 844031 536453 128513 536453 849695
537029 314796 537029 844031 540099 128513 540099 849695
537029 314796 537029 844031 540588 128513 540588 849695
540959 314796 540959 844031 540588 128513 540588 849695
543119 314796 543119 844031 540588 128513 540588 849695
545447 314796 545447 844031 540588 128513 540588 849695
546574 314796 546574 844031 540588 128513 540588 849695
546574 314796 546574 844031 547147 128513 547147 849695
546574 314796 546574 844031 549133 128513 549133 849695
546574 314796 546574 844031 549645 128513 549645 849695
551736 314796 551736 844031 549645 128513 549645 849695
554112 314796 554112 844031 549645 128513 549645 849695
554112 314796 554112 844031 554187 128513 554187 849695
554965 314796 554965 844031 554187 128513 554187 849695
554965 314796 554965 844031 555946 128513 555946 849695
556313 314796 556313 844031 555946 128513 555946 849695
556313 314796 556313 844031 557756 128513 557756 849695
558106 314796 558106 844031 557756 128513 557756 849695
560867 314796 560867 844031 557756 128513 557756 849695
568869 314796 568869 844031 557756 128513 557756 849695
568869 314796 568869 844031 575027 128513 575027 849695
576949 314796 576949 844031 575027 128513 575027 849695
579934 314796 579934 844031 575027 128513 575027 849695
579934 314796 579934 844031 581933 128513 581933 849695
586363 314796 586363 844031 581933 128513 581933 849695
588138 314796 588138 844031 581933 128513 581933 849695
591894 314796 591894 844031 581933 128513 581933 849695
594517 314796 594517 844031 581933 128513 581933 849695
594648 314796 594648 844031 581933 128513 581933 849695
596679 314796 596679 844031 581933 128513 581933 849695
596679 314796 596679 844031 603192 128513 603192 849695
596679 314796 596679 844031 606204 128513 606204 849695
607641 314796 607641 844031 606204 128513 606204 849695
619400 314796 619400 844031 606204 128513 606204 849695
628256 314796 628256 844031 606204 128513 606204 849695
628256 314796 628256 844031 636505 128513 636505 849695
628256 314796 628256 844031 644320 128513 644320 849695
628256 314796 628256 844031 653744 128513 653744 849695
628256 314796 628256 844031 666422 128513 666422 849695
628256 314796 628256 844031 669537 128513 669537 849695
628256 314796 628256 844031 670566 128513 670566 849695
671758 314796 671758 844031 670566 128513 670566 849695
671758 314796 671758 844031 673454 128513 673454 849695
676191 314796 676191 844031 673454 128513 673454 849695
677826 314796 677826 844031 673454 128513 673454 849695
677826 314796 677826 844031 686177 128513 686177 849695
687169 314796 687169 844031 686177 128513 686177 849695
687169 314796 687169 844031 690623 128513 690623 849695
696221 314796 696221 844031 690623 128513 690623 849695
696221 314796 696221 844031 696503 128513 696503 849695
696221 314796 696221 844031 697287 128513 697287 849695
696221 314796 696221 844031 700972 128513 700972 849695
696221 314796 696221 844031 701227 128513 701227 849695
696221 314796 696221 844031 705490 128513 705490 849695
696221 314796 696221 844031 708707 128513 708707 849695
696221 314796 696221 844031 710287 128513 710287 849695
712043 314796 712043 844031 710287 128513 710287 849695
714036 314796 714036 844031 710287 128513 710287 849695
717258 314796 717258 844031 710287 128513 710287 849695
719938 314796 719938 844031 710287 128513 710287 849695
720580 314796 720580 844031 710287 128513 710287 849695
723304 314796 723304 844031 710287 128513 710287 849695
723304 314796 723304 844031 728125 128513 728125 849695
723304 314796 723304 844031 728136 128513 728136 849695
723304 314796 723304 844031 729853 128513 729853 849695
732956 314796 732956 844031 729853 128513 729853 849695
732956 314796 732956 844031 733703 128513 733703 849695
732956 314796 732956 844031 740726 128513 740726 849695
732956 314796 732956 844031 744692 128513 744692 849695
749447 314796 749447 844031 744692 128513 744692 849695
749447 314796 749447 844031 750022 128513 750022 849695
749447 314796 749447 844031 750758 128513 750758 849695
749447 314796 749447 844031 751913 128513 751913 849695
752105 314796 752105 844031 751913 128513 751913 849695
752105 314796 752105 844031 752672 128513 752672 849695
753138 314796 753138 844031 752672 128513 752672 849695
753186 314796 753186 844031 752672 128513 752672 849695
753186 314796 753186 844031 753350 128513 753350 849695
755882 314796 755882 844031 753350 128513 753350 849695
758864 314796 758864 844031 753350 128513 753350 849695
760488 314796 760488 844031 753350 128513 753350 849695
761897 314796 761897 844031 753350 128513 753350 849695
761897 314796 761897 844031 763441 128513 763441 849695
761897 314796 761897 844031 767438 128513 767438 849695
761897 314796 761897 844031 768688 128513 768688 849695
771037 314796 771037 844031 768688 128513 768688 849695
775685 314796 775685 844031 768688 128513 768688 849695
777283 314796 777283 844031 768688 128513 768688 849695
792815 314796 792815 844031 768688 128513 768688 849695
792815 314796 792815 844031 806078 128513 806078 849695
792815 314796 792815 844031 831753 128513 831753 849695
792815 314796 792815 844031 835843 128513 835843 849695
841272 314796 841272 844031 835843 128513 835843 849695
