103009 55980 103009 831964 254689 229145 254689 788529
103009 55980 103009 831964 254689 229145 254689 788529
182117 55980 182117 831964 254689 229145 254689 788529
191547 55980 191547 831964 254689 229145 254689 788529
214785 55980 214785 831964 254689 229145 254689 788529
225141 55980 225141 831964 254689 229145 254689 788529
229035 55980 229035 831964 254689 229145 254689 788529
234608 55980 234608 831964 254689 229145 254689 788529
236108 55980 236108 831964 254689 229145 254689 788529
244005 55980 244005 831964 254689 229145 254689 788529
254553 55980 254553 831964 254689 229145 254689 788529
260679 55980 260679 831964 254689 229145 254689 788529
260679 55980 260679 831964 261298 229145 261298 788529
268451 55980 268451 831964 261298 229145 261298 788529
268920 55980 268920 831964 261298 229145 261298 788529
268920 55980 268920 831964 269121 229145 269121 788529
270114 55980 270114 831964 269121 229145 269121 788529
270114 55980 270114 831964 276494 229145 276494 788529
278942 55980 278942 831964 276494 229145 276494 788529
278942 55980 278942 831964 279546 229145 279546 788529
278942 55980 278942 831964 282245 229145 282245 788529
278942 55980 278942 831964 286891 229145 286891 788529
290298 55980 290298 831964 286891 229145 286891 788529
297674 55980 297674 831964 286891 229145 286891 788529
300684 55980 300684 831964 286891 229145 286891 788529
300684 55980 300684 831964 303773 229145 303773 788529
306018 55980 306018 831964 303773 229145 303773 788529
306018 55980 306018 831964 306407 229145 306407 788529
306018 55980 306018 831964 308730 229145 308730 788529
306018 55980 306018 831964 313057 229145 313057 788529
306018 55980 306018 831964 315998 229145 315998 788529
318261 55980 318261 831964 315998 229145 315998 788529
323864 55980 323864 831964 315998 229145 315998 788529
324645 55980 324645 831964 315998 229145 315998 788529
326803 55980 326803 831964 315998 229145 315998 788529
326803 55980 326803 831964 327338 229145 327338 788529
326803 55980 326803 831964 333427 229145 333427 788529
326803 55980 326803 831964 334514 229145 334514 788529
326803 55980 326803 831964 338340 229145 338340 788529
340255 55980 340255 831964 338340 229145 338340 788529
340255 55980 340255 831964 341099 229145 341099 788529
340255 55980 340255 831964 342499 229145 342499 788529
340255 55980 340255 831964 345034 229145 345034 788529
340255 55980 340255 831964 347814 229145 347814 788529
340255 55980 340255 831964 351584 229145 351584 788529
340255 55980 340255 831964 354065 229145 354065 788529
355927 55980 355927 831964 354065 229145 354065 788529
356039 55980 356039 831964 354065 229145 354065 788529
356039 55980 356039 831964 358706 229145 358706 788529
356039 55980 356039 831964 365166 229145 365166 788529
356039 55980 356039 831964 370028 229145 370028 788529
356039 55980 356039 831964 372228 229145 372228 788529
375991 55980 375991 831964 372228 229145 372228 788529
375991 55980 375991 831964 376193 229145 376193 788529
375991 55980 375991 831964 376461 229145 376461 788529
378347 55980 378347 831964 376461 229145 376461 788529
378347 55980 378347 831964 378921 229145 378921 788529
378347 55980 378347 831964 379367 229145 379367 788529
378347 55980 378347 831964 380814 229145 380814 788529
378347 55980 378347 831964 384067 229145 384067 788529
378347 55980 378347 831964 389985 229145 389985 788529
378347 55980 378347 831964 392076 229145 392076 788529
378347 55980 378347 831964 392213 229145 392213 788529
393000 55980 393000 831964 392213 229145 392213 788529
393000 55980 393000 831964 393349 229145 393349 788529
394416 55980 394416 831964 393349 229145 393349 788529
398415 55980 398415 831964 393349 229145 393349 788529
398415 55980 398415 831964 399419 229145 399419 788529
398415 55980 398415 831964 402455 229145 402455 788529
405705 55980 405705 831964 402455 229145 402455 788529
408274 55980 408274 831964 402455 229145 402455 788529
410550 55980 410550 831964 402455 229145 402455 788529
410550 55980 410550 831964 410676 229145 410676 788529
410677 55980 410677 831964 410676 229145 410676 788529
410940 55980 410940 831964 410676 229145 410676 788529
410940 55980 410940 831964 416101 229145 416101 788529
410940 55980 410940 831964 417246 229145 417246 788529
417643 55980 417643 831964 417246 229145 417246 788529
419017 55980 419017 831964 417246 229145 417246 788529
420476 55980 420476 831964 417246 229145 417246 788529
422849 55980 422849 831964 417246 229145 417246 788529
422849 55980 422849 831964 423669 229145 423669 788529
422849 55980 422849 831964 424199 229145 424199 788529
434073 55980 434073 831964 424199 229145 424199 788529
435141 55980 435141 831964 424199 229145 424199 788529
435141 55980 435141 831964 436690 229145 436690 788529
435141 55980 435141 831964 438351 229145 438351 788529
435141 55980 435141 831964 441318 229145 441318 788529
443341 55980 443341 831964 441318 229145 441318 788529
443341 55980 443341 831964 443574 229145 443574 788529
443341 55980 443341 831964 445474 229145 445474 788529
447172 55980 447172 831964 445474 229145 445474 788529
447996 55980 447996 831964 445474 229145 445474 788529
447996 55980 447996 831964 449968 229145 449968 788529
447996 55980 447996 831964 450546 229145 450546 788529
447996 55980 447996 831964 452864 229145 452864 788529
447996 55980 447996 831964 454368 229145 454368 788529
454604 55980 454604 831964 454368 229145 454368 788529
454766 55980 454766 831964 454368 229145 454368 788529
454766 55980 454766 831964 455091 229145 455091 788529
454766 55980 454766 831964 455977 229145 455977 788529
458386 55980 458386 831964 455977 229145 455977 788529
459183 55980 459183 831964 455977 229145 455977 788529
459894 55980 459894 831964 455977 229145 455977 788529
460768 55980 460768 831964 455977 229145 455977 788529
460768 55980 460768 831964 461194 229145 461194 788529
460768 55980 460768 831964 462117 229145 462117 788529
460768 55980 460768 831964 463113 229145 463113 788529
464463 55980 464463 831964 463113 229145 463113 788529
464463 55980 464463 831964 464602 229145 464602 788529
464463 55980 464463 831964 465004 229145 465004 788529
464463 55980 464463 831964 466414 229145 466414 788529
464463 55980 464463 831964 467825 229145 467825 788529
468098 55980 468098 831964 467825 229145 467825 788529
470770 55980 470770 831964 467825 229145 467825 788529
471518 55980 471518 831964 467825 229145 467825 788529
472707 55980 472707 831964 467825 229145 467825 788529
473036 55980 473036 831964 467825 229145 467825 788529
474453 55980 474453 831964 467825 229145 467825 788529
474453 55980 474453 831964 475795 229145 475795 788529
476372 55980 476372 831964 475795 229145 475795 788529
477627 55980 477627 831964 475795 229145 475795 788529
477627 55980 477627 831964 477658 229145 477658 788529
477627 55980 477627 831964 477721 229145 477721 788529
479408 55980 479408 831964 477721 229145 477721 788529
482172 55980 482172 831964 477721 229145 477721 788529
486148 55980 486148 831964 477721 229145 477721 788529
486148 55980 486148 831964 486512 229145 486512 788529
486772 55980 486772 831964 486512 229145 486512 788529
486904 55980 486904 831964 486512 229145 486512 788529
486904 55980 486904 831964 487995 229145 487995 788529
486904 55980 486904 831964 488640 229145 488640 788529
486904 55980 486904 831964 489528 229145 489528 788529
486904 55980 486904 831964 489649 229145 489649 788529
493501 55980 493501 831964 489649 229145 489649 788529
493706 55980 493706 831964 489649 229145 489649 788529
493706 55980 493706 831964 494361 229145 494361 788529
497978 55980 497978 831964 494361 229145 494361 788529
497978 55980 497978 831964 501239 229145 501239 788529
497978 55980 497978 831964 501398 229145 501398 788529
497978 55980 497978 831964 502703 229145 502703 788529
505197 55980 505197 831964 502703 229145 502703 788529
506569 55980 506569 831964 502703 229145 502703 788529
506569 55980 506569 831964 511264 229145 511264 788529
514449 55980 514449 831964 511264 229145 511264 788529
519150 55980 519150 831964 511264 229145 511264 788529
519150 55980 519150 831964 519476 229145 519476 788529
521294 55980 521294 831964 519476 229145 519476 788529
524662 55980 524662 831964 519476 229145 519476 788529
524662 55980 524662 831964 526464 229145 526464 788529
524662 55980 524662 831964 530019 229145 530019 788529
535838 55980 535838 831964 530019 229145 530019 788529
536005 55980 536005 831964 530019 229145 530019 788529
537689 55980 537689 831964 530019 229145 530019 788529
539214 55980 539214 831964 530019 229145 530019 788529
539244 55980 539244 831964 530019 229145 530019 788529
539244 55980 539244 831964 539796 229145 539796 788529
539244 55980 539244 831964 540403 229145 540403 788529
539244 55980 539244 831964 541539 229145 541539 788529
541792 55980 541792 831964 541539 229145 541539 788529
542311 55980 542311 831964 541539 229145 541539 788529
542311 55980 542311 831964 548541 229145 548541 788529
549396 55980 549396 831964 548541 229145 548541 788529
550327 55980 550327 831964 548541 229145 548541 788529
550327 55980 550327 831964 551178 229145 551178 788529
550327 55980 550327 831964 551522 229145 551522 788529
550327 55980 550327 831964 555088 229145 555088 788529
556318 55980 556318 831964 555088 229145 555088 788529
556318 55980 556318 831964 562824 229145 562824 788529
566881 55980 566881 831964 562824 229145 562824 788529
576704 55980 576704 831964 562824 229145 562824 788529
576704 55980 576704 831964 579705 229145 579705 788529
576704 55980 576704 831964 587248 229145 587248 788529
603004 55980 603004 831964 587248 229145 587248 788529
603248 55980 603248 831964 587248 229145 587248 788529
604202 55980 604202 831964 587248 229145 587248 788529
616247 55980 616247 831964 587248 229145 587248 788529
616247 55980 616247 831964 622031 229145 622031 788529
623427 55980 623427 831964 622031 229145 622031 788529
626847 55980 626847 831964 622031 229145 622031 788529
627696 55980 627696 831964 622031 229145 622031 788529
633699 55980 633699 831964 622031 229145 622031 788529
636801 55980 636801 831964 622031 229145 622031 788529
636801 55980 636801 831964 640355 229145 640355 788529
636801 55980 636801 831964 647618 229145 647618 788529
655319 55980 655319 831964 647618 229145 647618 788529
689056 55980 689056 831964 647618 229145 647618 788529
689056 55980 689056 831964 689070 229145 689070 788529
689823 55980 689823 831964 689070 229145 689070 788529
700180 55980 700180 831964 689070 229145 689070 788529
700180 55980 700180 831964 732082 229145 732082 788529
700180 55980 700180 831964 733064 229145 733064 788529
734194 55980 734194 831964 733064 229145 733064 788529
734194 55980 734194 831964 753204 229145 753204 788529
734194 55980 734194 831964 761455 229145 761455 788529
734194 55980 734194 831964 783691 229145 783691 788529
734194 55980 734194 831964 789609 229145 789609 788529
734194 55980 734194 831964 794575 229145 794575 788529
734194 55980 734194 831964 815123 229145 815123 788529
734194 55980 734194 831964 836052 229145 836052 788529
