257482 195383 257482 872989 108633 218355 108633 891557
257482 195383 257482 872989 108633 218355 108633 891557
257482 195383 257482 872989 180860 218355 180860 891557
257482 195383 257482 872989 184305 218355 184305 891557
257482 195383 257482 872989 190317 218355 190317 891557
257482 195383 257482 872989 195524 218355 195524 891557
257482 195383 257482 872989 214418 218355 214418 891557
257482 195383 257482 872989 219020 218355 219020 891557
257482 195383 257482 872989 219099 218355 219099 891557
257482 195383 257482 872989 225345 218355 225345 891557
257482 195383 257482 872989 255127 218355 255127 891557
257482 195383 257482 872989 262023 218355 262023 891557
268446 195383 268446 872989 262023 218355 262023 891557
275017 195383 275017 872989 262023 218355 262023 891557
275017 195383 275017 872989 277766 218355 277766 891557
290391 195383 290391 872989 277766 218355 277766 891557
319265 195383 319265 872989 277766 218355 277766 891557
319265 195383 319265 872989 323868 218355 323868 891557
335512 195383 335512 872989 323868 218355 323868 891557
336806 195383 336806 872989 323868 218355 323868 891557
340004 195383 340004 872989 323868 218355 323868 891557
340231 195383 340231 872989 323868 218355 323868 891557
340231 195383 340231 872989 340307 218355 340307 891557
345072 195383 345072 872989 340307 218355 340307 891557
345072 195383 345072 872989 352601 218355 352601 891557
345072 195383 345072 872989 353036 218355 353036 891557
353451 195383 353451 872989 353036 218355 353036 891557
358154 195383 358154 872989 353036 218355 353036 891557
358154 195383 358154 872989 358434 218355 358434 891557
358154 195383 358154 872989 365208 218355 365208 891557
358154 195383 358154 872989 371507 218355 371507 891557
358154 195383 358154 872989 377751 218355 377751 891557
384228 195383 384228 872989 377751 218355 377751 891557
384228 195383 384228 872989 387277 218355 387277 891557
387419 195383 387419 872989 387277 218355 387277 891557
387419 195383 387419 872989 389028 218355 389028 891557
393232 195383 393232 872989 389028 218355 389028 891557
401139 195383 401139 872989 389028 218355 389028 891557
401139 195383 401139 872989 401974 218355 401974 891557
403568 195383 403568 872989 401974 218355 401974 891557
403568 195383 403568 872989 403596 218355 403596 891557
404087 195383 404087 872989 403596 218355 403596 891557
404087 195383 404087 872989 408522 218355 408522 891557
404087 195383 404087 872989 410888 218355 410888 891557
404087 195383 404087 872989 411911 218355 411911 891557
412706 195383 412706 872989 411911 218355 411911 891557
412706 195383 412706 872989 414594 218355 414594 891557
412706 195383 412706 872989 417095 218355 417095 891557
412706 195383 412706 872989 417498 218355 417498 891557
412706 195383 412706 872989 418011 218355 418011 891557
418865 195383 418865 872989 418011 218355 418011 891557
418865 195383 418865 872989 419556 218355 419556 891557
421745 195383 421745 872989 419556 218355 419556 891557
421745 195383 421745 872989 425246 218355 425246 891557
425772 195383 425772 872989 425246 218355 425246 891557
426847 195383 426847 872989 425246 218355 425246 891557
426847 195383 426847 872989 427671 218355 427671 891557
426847 195383 426847 872989 428031 218355 428031 891557
426847 195383 426847 872989 429019 218355 429019 891557
426847 195383 426847 872989 434523 218355 434523 891557
436283 195383 436283 872989 434523 218355 434523 891557
436448 195383 436448 872989 434523 218355 434523 891557
436448 195383 436448 872989 436942 218355 436942 891557
436448 195383 436448 872989 439702 218355 439702 891557
436448 195383 436448 872989 439924 218355 439924 891557
436448 195383 436448 872989 441249 218355 441249 891557
442264 195383 442264 872989 441249 218355 441249 891557
446361 195383 446361 872989 441249 218355 441249 891557
446407 195383 446407 872989 441249 218355 441249 891557
446856 195383 446856 872989 441249 218355 441249 891557
448947 195383 448947 872989 441249 218355 441249 891557
448947 195383 448947 872989 451672 218355 451672 891557
452387 195383 452387 872989 451672 218355 451672 891557
452673 195383 452673 872989 451672 218355 451672 891557
452673 195383 452673 872989 453235 218355 453235 891557
452673 195383 452673 872989 455789 218355 455789 891557
452673 195383 452673 872989 457259 218355 457259 891557
452673 195383 452673 872989 457670 218355 457670 891557
452673 195383 452673 872989 457821 218355 457821 891557
458413 195383 458413 872989 457821 218355 457821 891557
464335 195383 464335 872989 457821 218355 457821 891557
464335 195383 464335 872989 464975 218355 464975 891557
466796 195383 466796 872989 464975 218355 464975 891557
468299 195383 468299 872989 464975 218355 464975 891557
468748 195383 468748 872989 464975 218355 464975 891557
468748 195383 468748 872989 469249 218355 469249 891557
468748 195383 468748 872989 469715 218355 469715 891557
468748 195383 468748 872989 471449 218355 471449 891557
468748 195383 468748 872989 471511 218355 471511 891557
468748 195383 468748 872989 472842 218355 472842 891557
473689 195383 473689 872989 472842 218355 472842 891557
473689 195383 473689 872989 474086 218355 474086 891557
476957 195383 476957 872989 474086 218355 474086 891557
476957 195383 476957 872989 478476 218355 478476 891557
476957 195383 476957 872989 479938 218355 479938 891557
480475 195383 480475 872989 479938 218355 479938 891557
480475 195383 480475 872989 481250 218355 481250 891557
480475 195383 480475 872989 481778 218355 481778 891557
480475 195383 480475 872989 482049 218355 482049 891557
480475 195383 480475 872989 485410 218355 485410 891557
480475 195383 480475 872989 489464 218355 489464 891557
480475 195383 480475 872989 492565 218355 492565 891557
493570 195383 493570 872989 492565 218355 492565 891557
493570 195383 493570 872989 494934 218355 494934 891557
495972 195383 495972 872989 494934 218355 494934 891557
495972 195383 495972 872989 499738 218355 499738 891557
500566 195383 500566 872989 499738 218355 499738 891557
500566 195383 500566 872989 504412 218355 504412 891557
500566 195383 500566 872989 510125 218355 510125 891557
510700 195383 510700 872989 510125 218355 510125 891557
510700 195383 510700 872989 516639 218355 516639 891557
510700 195383 510700 872989 518117 218355 518117 891557
510700 195383 510700 872989 526025 218355 526025 891557
510700 195383 510700 872989 529722 218355 529722 891557
510700 195383 510700 872989 531771 218355 531771 891557
510700 195383 510700 872989 532816 218355 532816 891557
510700 195383 510700 872989 537338 218355 537338 891557
510700 195383 510700 872989 539153 218355 539153 891557
510700 195383 510700 872989 539914 218355 539914 891557
510700 195383 510700 872989 541062 218355 541062 891557
510700 195383 510700 872989 544854 218355 544854 891557
510700 195383 510700 872989 546529 218355 546529 891557
550338 195383 550338 872989 546529 218355 546529 891557
551442 195383 551442 872989 546529 218355 546529 891557
551885 195383 551885 872989 546529 218355 546529 891557
551885 195383 551885 872989 553590 218355 553590 891557
551885 195383 551885 872989 556594 218355 556594 891557
551885 195383 551885 872989 558584 218355 558584 891557
565636 195383 565636 872989 558584 218355 558584 891557
565636 195383 565636 872989 565750 218355 565750 891557
565636 195383 565636 872989 569765 218355 569765 891557
565636 195383 565636 872989 570168 218355 570168 891557
565636 195383 565636 872989 574842 218355 574842 891557
565636 195383 565636 872989 575065 218355 575065 891557
565636 195383 565636 872989 583002 218355 583002 891557
565636 195383 565636 872989 586378 218355 586378 891557
565636 195383 565636 872989 596278 218355 596278 891557
565636 195383 565636 872989 597611 218355 597611 891557
565636 195383 565636 872989 599034 218355 599034 891557
565636 195383 565636 872989 599135 218355 599135 891557
565636 195383 565636 872989 606345 218355 606345 891557
565636 195383 565636 872989 612957 218355 612957 891557
565636 195383 565636 872989 615199 218355 615199 891557
618782 195383 618782 872989 615199 218355 615199 891557
620428 195383 620428 872989 615199 218355 615199 891557
620428 195383 620428 872989 621568 218355 621568 891557
628123 195383 628123 872989 621568 218355 621568 891557
630713 195383 630713 872989 621568 218355 621568 891557
635837 195383 635837 872989 621568 218355 621568 891557
652737 195383 652737 872989 621568 218355 621568 891557
653233 195383 653233 872989 621568 218355 621568 891557
653490 195383 653490 872989 621568 218355 621568 891557
655299 195383 655299 872989 621568 218355 621568 891557
657359 195383 657359 872989 621568 218355 621568 891557
660158 195383 660158 872989 621568 218355 621568 891557
672268 195383 672268 872989 621568 218355 621568 891557
676205 195383 676205 872989 621568 218355 621568 891557
683995 195383 683995 872989 621568 218355 621568 891557
686615 195383 686615 872989 621568 218355 621568 891557
686615 195383 686615 872989 687266 218355 687266 891557
687476 195383 687476 872989 687266 218355 687266 891557
687476 195383 687476 872989 691477 218355 691477 891557
700690 195383 700690 872989 691477 218355 691477 891557
702844 195383 702844 872989 691477 218355 691477 891557
704644 195383 704644 872989 691477 218355 691477 891557
704831 195383 704831 872989 691477 218355 691477 891557
711026 195383 711026 872989 691477 218355 691477 891557
713076 195383 713076 872989 691477 218355 691477 891557
714660 195383 714660 872989 691477 218355 691477 891557
720013 195383 720013 872989 691477 218355 691477 891557
724678 195383 724678 872989 691477 218355 691477 891557
727811 195383 727811 872989 691477 218355 691477 891557
727811 195383 727811 872989 729226 218355 729226 891557
731693 195383 731693 872989 729226 218355 729226 891557
732115 195383 732115 872989 729226 218355 729226 891557
738679 195383 738679 872989 729226 218355 729226 891557
746230 195383 746230 872989 729226 218355 729226 891557
746230 195383 746230 872989 746660 218355 746660 891557
750290 195383 750290 872989 746660 218355 746660 891557
751671 195383 751671 872989 746660 218355 746660 891557
756424 195383 756424 872989 746660 218355 746660 891557
761124 195383 761124 872989 746660 218355 746660 891557
761369 195383 761369 872989 746660 218355 746660 891557
762708 195383 762708 872989 746660 218355 746660 891557
766885 195383 766885 872989 746660 218355 746660 891557
772166 195383 772166 872989 746660 218355 746660 891557
772190 195383 772190 872989 746660 218355 746660 891557
774018 195383 774018 872989 746660 218355 746660 891557
774968 195383 774968 872989 746660 218355 746660 891557
776234 195383 776234 872989 746660 218355 746660 891557
777895 195383 777895 872989 746660 218355 746660 891557
783309 195383 783309 872989 746660 218355 746660 891557
783628 195383 783628 872989 746660 218355 746660 891557
789162 195383 789162 872989 746660 218355 746660 891557
793927 195383 793927 872989 746660 218355 746660 891557
822385 195383 822385 872989 746660 218355 746660 891557
825465 195383 825465 872989 746660 218355 746660 891557
827684 195383 827684 872989 746660 218355 746660 891557
884815 195383 884815 872989 746660 218355 746660 891557
943442 195383 943442 872989 746660 218355 746660 891557
