156576 157787 156576 806863 160394 75550 160394 776527
156576 157787 156576 806863 160394 75550 160394 776527
156576 157787 156576 806863 171598 75550 171598 776527
156576 157787 156576 806863 183810 75550 183810 776527
187870 157787 187870 806863 183810 75550 183810 776527
187870 157787 187870 806863 206459 75550 206459 776527
187870 157787 187870 806863 209293 75550 209293 776527
187870 157787 187870 806863 237995 75550 237995 776527
187870 157787 187870 806863 246418 75550 246418 776527
259807 157787 259807 806863 246418 75550 246418 776527
259807 157787 259807 806863 272783 75550 272783 776527
259807 157787 259807 806863 282287 75550 282287 776527
259807 157787 259807 806863 282422 75550 282422 776527
259807 157787 259807 806863 284588 75550 284588 776527
259807 157787 259807 806863 286928 75550 286928 776527
296555 157787 296555 806863 286928 75550 286928 776527
304680 157787 304680 806863 286928 75550 286928 776527
304680 157787 304680 806863 311022 75550 311022 776527
314728 157787 314728 806863 311022 75550 311022 776527
314728 157787 314728 806863 325340 75550 325340 776527
314728 157787 314728 806863 326761 75550 326761 776527
331286 157787 331286 806863 326761 75550 326761 776527
335333 157787 335333 806863 326761 75550 326761 776527
347743 157787 347743 806863 326761 75550 326761 776527
350142 157787 350142 806863 326761 75550 326761 776527
352241 157787 352241 806863 326761 75550 326761 776527
352403 157787 352403 806863 326761 75550 326761 776527
355494 157787 355494 806863 326761 75550 326761 776527
362668 157787 362668 806863 326761 75550 326761 776527
363062 157787 363062 806863 326761 75550 326761 776527
365343 157787 365343 806863 326761 75550 326761 776527
365363 157787 365363 806863 326761 75550 326761 776527
367714 157787 367714 806863 326761 75550 326761 776527
368337 157787 368337 806863 326761 75550 326761 776527
368337 157787 368337 806863 368410 75550 368410 776527
375612 157787 375612 806863 368410 75550 368410 776527
389558 157787 389558 806863 368410 75550 368410 776527
392368 157787 392368 806863 368410 75550 368410 776527
393095 157787 393095 806863 368410 75550 368410 776527
393471 157787 393471 806863 368410 75550 368410 776527
396411 157787 396411 806863 368410 75550 368410 776527
401768 157787 401768 806863 368410 75550 368410 776527
402425 157787 402425 806863 368410 75550 368410 776527
403742 157787 403742 806863 368410 75550 368410 776527
409579 157787 409579 806863 368410 75550 368410 776527
412082 157787 412082 806863 368410 75550 368410 776527
412353 157787 412353 806863 368410 75550 368410 776527
414232 157787 414232 806863 368410 75550 368410 776527
414232 157787 414232 806863 416693 75550 416693 776527
418410 157787 418410 806863 416693 75550 416693 776527
418948 157787 418948 806863 416693 75550 416693 776527
418948 157787 418948 806863 420104 75550 420104 776527
420153 157787 420153 806863 420104 75550 420104 776527
423786 157787 423786 806863 420104 75550 420104 776527
426185 157787 426185 806863 420104 75550 420104 776527
426645 157787 426645 806863 420104 75550 420104 776527
426964 157787 426964 806863 420104 75550 420104 776527
430320 157787 430320 806863 420104 75550 420104 776527
431713 157787 431713 806863 420104 75550 420104 776527
433899 157787 433899 806863 420104 75550 420104 776527
433899 157787 433899 806863 438213 75550 438213 776527
438966 157787 438966 806863 438213 75550 438213 776527
442640 157787 442640 806863 438213 75550 438213 776527
445806 157787 445806 806863 438213 75550 438213 776527
446581 157787 446581 806863 438213 75550 438213 776527
450266 157787 450266 806863 438213 75550 438213 776527
451048 157787 451048 806863 438213 75550 438213 776527
451452 157787 451452 806863 438213 75550 438213 776527
454724 157787 454724 806863 438213 75550 438213 776527
458746 157787 458746 806863 438213 75550 438213 776527
459269 157787 459269 806863 438213 75550 438213 776527
459269 157787 459269 806863 461998 75550 461998 776527
462843 157787 462843 806863 461998 75550 461998 776527
462843 157787 462843 806863 463361 75550 463361 776527
462843 157787 462843 806863 464516 75550 464516 776527
464866 157787 464866 806863 464516 75550 464516 776527
465875 157787 465875 806863 464516 75550 464516 776527
468749 157787 468749 806863 464516 75550 464516 776527
469873 157787 469873 806863 464516 75550 464516 776527
469873 157787 469873 806863 475837 75550 475837 776527
469873 157787 469873 806863 480721 75550 480721 776527
469873 157787 469873 806863 486868 75550 486868 776527
490434 157787 490434 806863 486868 75550 486868 776527
490434 157787 490434 806863 491508 75550 491508 776527
491780 157787 491780 806863 491508 75550 491508 776527
495559 157787 495559 806863 491508 75550 491508 776527
495559 157787 495559 806863 495794 75550 495794 776527
498285 157787 498285 806863 495794 75550 495794 776527
498945 157787 498945 806863 495794 75550 495794 776527
498945 157787 498945 806863 499105 75550 499105 776527
501104 157787 501104 806863 499105 75550 499105 776527
502356 157787 502356 806863 499105 75550 499105 776527
504927 157787 504927 806863 499105 75550 499105 776527
504927 157787 504927 806863 509259 75550 509259 776527
510467 157787 510467 806863 509259 75550 509259 776527
510700 157787 510700 806863 509259 75550 509259 776527
512294 157787 512294 806863 509259 75550 509259 776527
512607 157787 512607 806863 509259 75550 509259 776527
512607 157787 512607 806863 513527 75550 513527 776527
515576 157787 515576 806863 513527 75550 513527 776527
515576 157787 515576 806863 518450 75550 518450 776527
515576 157787 515576 806863 519132 75550 519132 776527
515576 157787 515576 806863 520296 75550 520296 776527
515576 157787 515576 806863 521363 75550 521363 776527
515576 157787 515576 806863 523648 75550 523648 776527
524452 157787 524452 806863 523648 75550 523648 776527
525029 157787 525029 806863 523648 75550 523648 776527
525029 157787 525029 806863 528297 75550 528297 776527
528699 157787 528699 806863 528297 75550 528297 776527
530781 157787 530781 806863 528297 75550 528297 776527
533441 157787 533441 806863 528297 75550 528297 776527
534199 157787 534199 806863 528297 75550 528297 776527
534199 157787 534199 806863 535547 75550 535547 776527
534199 157787 534199 806863 535786 75550 535786 776527
534199 157787 534199 806863 535796 75550 535796 776527
536857 157787 536857 806863 535796 75550 535796 776527
537360 157787 537360 806863 535796 75550 535796 776527
537360 157787 537360 806863 537462 75550 537462 776527
537360 157787 537360 806863 537818 75550 537818 776527
540019 157787 540019 806863 537818 75550 537818 776527
540431 157787 540431 806863 537818 75550 537818 776527
540431 157787 540431 806863 541863 75550 541863 776527
540431 157787 540431 806863 544093 75550 544093 776527
545348 157787 545348 806863 544093 75550 544093 776527
547703 157787 547703 806863 544093 75550 544093 776527
548036 157787 548036 806863 544093 75550 544093 776527
548036 157787 548036 806863 548780 75550 548780 776527
548036 157787 548036 806863 549140 75550 549140 776527
548036 157787 548036 806863 550940 75550 550940 776527
548036 157787 548036 806863 552413 75550 552413 776527
548036 157787 548036 806863 552621 75550 552621 776527
548036 157787 548036 806863 552921 75550 552921 776527
548036 157787 548036 806863 557948 75550 557948 776527
548036 157787 548036 806863 561744 75550 561744 776527
548036 157787 548036 806863 563607 75550 563607 776527
564680 157787 564680 806863 563607 75550 563607 776527
566808 157787 566808 806863 563607 75550 563607 776527
566808 157787 566808 806863 570390 75550 570390 776527
566808 157787 566808 806863 570456 75550 570456 776527
566808 157787 566808 806863 571393 75550 571393 776527
571517 157787 571517 806863 571393 75550 571393 776527
571517 157787 571517 806863 572257 75550 572257 776527
573266 157787 573266 806863 572257 75550 572257 776527
573266 157787 573266 806863 576527 75550 576527 776527
573266 157787 573266 806863 578731 75550 578731 776527
573266 157787 573266 806863 579736 75550 579736 776527
580910 157787 580910 806863 579736 75550 579736 776527
580910 157787 580910 806863 582972 75550 582972 776527
580910 157787 580910 806863 583344 75550 583344 776527
580910 157787 580910 806863 584997 75550 584997 776527
586493 157787 586493 806863 584997 75550 584997 776527
588580 157787 588580 806863 584997 75550 584997 776527
588580 157787 588580 806863 589222 75550 589222 776527
588580 157787 588580 806863 590306 75550 590306 776527
593098 157787 593098 806863 590306 75550 590306 776527
594738 157787 594738 806863 590306 75550 590306 776527
594738 157787 594738 806863 597649 75550 597649 776527
598888 157787 598888 806863 597649 75550 597649 776527
601833 157787 601833 806863 597649 75550 597649 776527
601833 157787 601833 806863 609868 75550 609868 776527
619907 157787 619907 806863 609868 75550 609868 776527
619907 157787 619907 806863 623591 75550 623591 776527
619907 157787 619907 806863 623974 75550 623974 776527
625885 157787 625885 806863 623974 75550 623974 776527
625885 157787 625885 806863 627449 75550 627449 776527
635770 157787 635770 806863 627449 75550 627449 776527
636740 157787 636740 806863 627449 75550 627449 776527
636740 157787 636740 806863 640638 75550 640638 776527
636740 157787 636740 806863 660607 75550 660607 776527
636740 157787 636740 806863 662251 75550 662251 776527
636740 157787 636740 806863 668972 75550 668972 776527
636740 157787 636740 806863 673015 75550 673015 776527
636740 157787 636740 806863 684273 75550 684273 776527
636740 157787 636740 806863 687646 75550 687646 776527
689462 157787 689462 806863 687646 75550 687646 776527
689462 157787 689462 806863 696414 75550 696414 776527
689462 157787 689462 806863 701976 75550 701976 776527
689462 157787 689462 806863 705164 75550 705164 776527
689462 157787 689462 806863 706909 75550 706909 776527
689462 157787 689462 806863 710408 75550 710408 776527
689462 157787 689462 806863 715166 75550 715166 776527
689462 157787 689462 806863 715629 75550 715629 776527
689462 157787 689462 806863 719157 75550 719157 776527
689462 157787 689462 806863 731584 75550 731584 776527
689462 157787 689462 806863 744727 75550 744727 776527
689462 157787 689462 806863 752121 75550 752121 776527
689462 157787 689462 806863 755589 75550 755589 776527
689462 157787 689462 806863 765915 75550 765915 776527
689462 157787 689462 806863 768189 75550 768189 776527
689462 157787 689462 806863 769312 75550 769312 776527
689462 157787 689462 806863 769924 75550 769924 776527
689462 157787 689462 806863 770796 75550 770796 776527
689462 157787 689462 806863 785509 75550 785509 776527
795550 157787 795550 806863 785509 75550 785509 776527
795550 157787 795550 806863 801776 75550 801776 776527
795550 157787 795550 806863 802332 75550 802332 776527
795550 157787 795550 806863 837044 75550 837044 776527
795550 157787 795550 806863 886514 75550 886514 776527
795550 157787 795550 806863 901632 75550 901632 776527
795550 157787 795550 806863 905207 75550 905207 776527
