145099 95900 145099 853423 85892 159051 85892 761910
145099 95900 145099 853423 85892 159051 85892 761910
145099 95900 145099 853423 106245 159051 106245 761910
145099 95900 145099 853423 132012 159051 132012 761910
145099 95900 145099 853423 134069 159051 134069 761910
145099 95900 145099 853423 135180 159051 135180 761910
145099 95900 145099 853423 140268 159051 140268 761910
145099 95900 145099 853423 140545 159051 140545 761910
145099 95900 145099 853423 141050 159051 141050 761910
145099 95900 145099 853423 143474 159051 143474 761910
145099 95900 145099 853423 148468 159051 148468 761910
145099 95900 145099 853423 157956 159051 157956 761910
145099 95900 145099 853423 162763 159051 162763 761910
172161 95900 172161 853423 162763 159051 162763 761910
177413 95900 177413 853423 162763 159051 162763 761910
177413 95900 177413 853423 181417 159051 181417 761910
181436 95900 181436 853423 181417 159051 181417 761910
181436 95900 181436 853423 189601 159051 189601 761910
181436 95900 181436 853423 190694 159051 190694 761910
192409 95900 192409 853423 190694 159051 190694 761910
192810 95900 192810 853423 190694 159051 190694 761910
192810 95900 192810 853423 192853 159051 192853 761910
194603 95900 194603 853423 192853 159051 192853 761910
194603 95900 194603 853423 194865 159051 194865 761910
194603 95900 194603 853423 195046 159051 195046 761910
194603 95900 194603 853423 195327 159051 195327 761910
198199 95900 198199 853423 195327 159051 195327 761910
198199 95900 198199 853423 198278 159051 198278 761910
198199 95900 198199 853423 204203 159051 204203 761910
204425 95900 204425 853423 204203 159051 204203 761910
204425 95900 204425 853423 205101 159051 205101 761910
204425 95900 204425 853423 206401 159051 206401 761910
204425 95900 204425 853423 209863 159051 209863 761910
204425 95900 204425 853423 213264 159051 213264 761910
204425 95900 204425 853423 217914 159051 217914 761910
204425 95900 204425 853423 218173 159051 218173 761910
218192 95900 218192 853423 218173 159051 218173 761910
218192 95900 218192 853423 223350 159051 223350 761910
226414 95900 226414 853423 223350 159051 223350 761910
226414 95900 226414 853423 227534 159051 227534 761910
228015 95900 228015 853423 227534 159051 227534 761910
228015 95900 228015 853423 228071 159051 228071 761910
228015 95900 228015 853423 228136 159051 228136 761910
228015 95900 228015 853423 232572 159051 232572 761910
228015 95900 228015 853423 232986 159051 232986 761910
235081 95900 235081 853423 232986 159051 232986 761910
235643 95900 235643 853423 232986 159051 232986 761910
235643 95900 235643 853423 236620 159051 236620 761910
237542 95900 237542 853423 236620 159051 236620 761910
238789 95900 238789 853423 236620 159051 236620 761910
243661 95900 243661 853423 236620 159051 236620 761910
244687 95900 244687 853423 236620 159051 236620 761910
245107 95900 245107 853423 236620 159051 236620 761910
245107 95900 245107 853423 246057 159051 246057 761910
245107 95900 245107 853423 246236 159051 246236 761910
248422 95900 248422 853423 246236 159051 246236 761910
248422 95900 248422 853423 248817 159051 248817 761910
248422 95900 248422 853423 249470 159051 249470 761910
248422 95900 248422 853423 249633 159051 249633 761910
250238 95900 250238 853423 249633 159051 249633 761910
251103 95900 251103 853423 249633 159051 249633 761910
251103 95900 251103 853423 251524 159051 251524 761910
254845 95900 254845 853423 251524 159051 251524 761910
254939 95900 254939 853423 251524 159051 251524 761910
256841 95900 256841 853423 251524 159051 251524 761910
257992 95900 257992 853423 251524 159051 251524 761910
258989 95900 258989 853423 251524 159051 251524 761910
262423 95900 262423 853423 251524 159051 251524 761910
263350 95900 263350 853423 251524 159051 251524 761910
263350 95900 263350 853423 263544 159051 263544 761910
264177 95900 264177 853423 263544 159051 263544 761910
264546 95900 264546 853423 263544 159051 263544 761910
264546 95900 264546 853423 266958 159051 266958 761910
264546 95900 264546 853423 268725 159051 268725 761910
269186 95900 269186 853423 268725 159051 268725 761910
269186 95900 269186 853423 273287 159051 273287 761910
277126 95900 277126 853423 273287 159051 273287 761910
277126 95900 277126 853423 279051 159051 279051 761910
277126 95900 277126 853423 280492 159051 280492 761910
277126 95900 277126 853423 281262 159051 281262 761910
281387 95900 281387 853423 281262 159051 281262 761910
283388 95900 283388 853423 281262 159051 281262 761910
283388 95900 283388 853423 284483 159051 284483 761910
286047 95900 286047 853423 284483 159051 284483 761910
292424 95900 292424 853423 284483 159051 284483 761910
292424 95900 292424 853423 302364 159051 302364 761910
302520 95900 302520 853423 302364 159051 302364 761910
302520 95900 302520 853423 302678 159051 302678 761910
302520 95900 302520 853423 303968 159051 303968 761910
302520 95900 302520 853423 304316 159051 304316 761910
302520 95900 302520 853423 309795 159051 309795 761910
302520 95900 302520 853423 310058 159051 310058 761910
302520 95900 302520 853423 312517 159051 312517 761910
317338 95900 317338 853423 312517 159051 312517 761910
317338 95900 317338 853423 320823 159051 320823 761910
317338 95900 317338 853423 322981 159051 322981 761910
317338 95900 317338 853423 328688 159051 328688 761910
317338 95900 317338 853423 338666 159051 338666 761910
317338 95900 317338 853423 341564 159051 341564 761910
343686 95900 343686 853423 341564 159051 341564 761910
343686 95900 343686 853423 348585 159051 348585 761910
343686 95900 343686 853423 349667 159051 349667 761910
343686 95900 343686 853423 351664 159051 351664 761910
354625 95900 354625 853423 351664 159051 351664 761910
354625 95900 354625 853423 360324 159051 360324 761910
363005 95900 363005 853423 360324 159051 360324 761910
363005 95900 363005 853423 370282 159051 370282 761910
363005 95900 363005 853423 372000 159051 372000 761910
363005 95900 363005 853423 372281 159051 372281 761910
378812 95900 378812 853423 372281 159051 372281 761910
380554 95900 380554 853423 372281 159051 372281 761910
380554 95900 380554 853423 384914 159051 384914 761910
380554 95900 380554 853423 384967 159051 384967 761910
389207 95900 389207 853423 384967 159051 384967 761910
392608 95900 392608 853423 384967 159051 384967 761910
392608 95900 392608 853423 397335 159051 397335 761910
416195 95900 416195 853423 397335 159051 397335 761910
418456 95900 418456 853423 397335 159051 397335 761910
418648 95900 418648 853423 397335 159051 397335 761910
431537 95900 431537 853423 397335 159051 397335 761910
440654 95900 440654 853423 397335 159051 397335 761910
442752 95900 442752 853423 397335 159051 397335 761910
442752 95900 442752 853423 443872 159051 443872 761910
444117 95900 444117 853423 443872 159051 443872 761910
450096 95900 450096 853423 443872 159051 443872 761910
453995 95900 453995 853423 443872 159051 443872 761910
453995 95900 453995 853423 454661 159051 454661 761910
455236 95900 455236 853423 454661 159051 454661 761910
458017 95900 458017 853423 454661 159051 454661 761910
465959 95900 465959 853423 454661 159051 454661 761910
469883 95900 469883 853423 454661 159051 454661 761910
479896 95900 479896 853423 454661 159051 454661 761910
479896 95900 479896 853423 488040 159051 488040 761910
489341 95900 489341 853423 488040 159051 488040 761910
495459 95900 495459 853423 488040 159051 488040 761910
511495 95900 511495 853423 488040 159051 488040 761910
529478 95900 529478 853423 488040 159051 488040 761910
532309 95900 532309 853423 488040 159051 488040 761910
533037 95900 533037 853423 488040 159051 488040 761910
533037 95900 533037 853423 537189 159051 537189 761910
533037 95900 533037 853423 561695 159051 561695 761910
568636 95900 568636 853423 561695 159051 561695 761910
568636 95900 568636 853423 577594 159051 577594 761910
568636 95900 568636 853423 580648 159051 580648 761910
568636 95900 568636 853423 583903 159051 583903 761910
568636 95900 568636 853423 586587 159051 586587 761910
593349 95900 593349 853423 586587 159051 586587 761910
593349 95900 593349 853423 598511 159051 598511 761910
599741 95900 599741 853423 598511 159051 598511 761910
603788 95900 603788 853423 598511 159051 598511 761910
605556 95900 605556 853423 598511 159051 598511 761910
606700 95900 606700 853423 598511 159051 598511 761910
617463 95900 617463 853423 598511 159051 598511 761910
617463 95900 617463 853423 620356 159051 620356 761910
617463 95900 617463 853423 620965 159051 620965 761910
621310 95900 621310 853423 620965 159051 620965 761910
621813 95900 621813 853423 620965 159051 620965 761910
621813 95900 621813 853423 622593 159051 622593 761910
622691 95900 622691 853423 622593 159051 622593 761910
622691 95900 622691 853423 627551 159051 627551 761910
629413 95900 629413 853423 627551 159051 627551 761910
632771 95900 632771 853423 627551 159051 627551 761910
633923 95900 633923 853423 627551 159051 627551 761910
635088 95900 635088 853423 627551 159051 627551 761910
635088 95900 635088 853423 636566 159051 636566 761910
635088 95900 635088 853423 660553 159051 660553 761910
665535 95900 665535 853423 660553 159051 660553 761910
668819 95900 668819 853423 660553 159051 660553 761910
668819 95900 668819 853423 675565 159051 675565 761910
668819 95900 668819 853423 680659 159051 680659 761910
668819 95900 668819 853423 685472 159051 685472 761910
668819 95900 668819 853423 689182 159051 689182 761910
668819 95900 668819 853423 697272 159051 697272 761910
668819 95900 668819 853423 697941 159051 697941 761910
708707 95900 708707 853423 697941 159051 697941 761910
708707 95900 708707 853423 708824 159051 708824 761910
710799 95900 710799 853423 708824 159051 708824 761910
710799 95900 710799 853423 712543 159051 712543 761910
716515 95900 716515 853423 712543 159051 712543 761910
717403 95900 717403 853423 712543 159051 712543 761910
717403 95900 717403 853423 717600 159051 717600 761910
719284 95900 719284 853423 717600 159051 717600 761910
719284 95900 719284 853423 720951 159051 720951 761910
719284 95900 719284 853423 722936 159051 722936 761910
727261 95900 727261 853423 722936 159051 722936 761910
727261 95900 727261 853423 733535 159051 733535 761910
734377 95900 734377 853423 733535 159051 733535 761910
734377 95900 734377 853423 734601 159051 734601 761910
734377 95900 734377 853423 741147 159051 741147 761910
741890 95900 741890 853423 741147 159051 741147 761910
750083 95900 750083 853423 741147 159051 741147 761910
752540 95900 752540 853423 741147 159051 741147 761910
754913 95900 754913 853423 741147 159051 741147 761910
755159 95900 755159 853423 741147 159051 741147 761910
762712 95900 762712 853423 741147 159051 741147 761910
767104 95900 767104 853423 741147 159051 741147 761910
780272 95900 780272 853423 741147 159051 741147 761910
789879 95900 789879 853423 741147 159051 741147 761910
795948 95900 795948 853423 741147 159051 741147 761910
804033 95900 804033 853423 741147 159051 741147 761910
