37670 115180 37670 847192 186000 261554 186000 935345
37670 115180 37670 847192 186000 261554 186000 935345
81885 115180 81885 847192 186000 261554 186000 935345
97905 115180 97905 847192 186000 261554 186000 935345
115342 115180 115342 847192 186000 261554 186000 935345
122644 115180 122644 847192 186000 261554 186000 935345
125650 115180 125650 847192 186000 261554 186000 935345
134485 115180 134485 847192 186000 261554 186000 935345
167325 115180 167325 847192 186000 261554 186000 935345
168398 115180 168398 847192 186000 261554 186000 935345
168398 115180 168398 847192 191651 261554 191651 935345
216399 115180 216399 847192 191651 261554 191651 935345
216399 115180 216399 847192 224558 261554 224558 935345
227224 115180 227224 847192 224558 261554 224558 935345
227224 115180 227224 847192 228452 261554 228452 935345
231246 115180 231246 847192 228452 261554 228452 935345
231246 115180 231246 847192 231295 261554 231295 935345
231246 115180 231246 847192 231758 261554 231758 935345
231246 115180 231246 847192 236777 261554 236777 935345
237624 115180 237624 847192 236777 261554 236777 935345
246587 115180 246587 847192 236777 261554 236777 935345
246587 115180 246587 847192 248342 261554 248342 935345
250998 115180 250998 847192 248342 261554 248342 935345
260052 115180 260052 847192 248342 261554 248342 935345
260191 115180 260191 847192 248342 261554 248342 935345
260191 115180 260191 847192 261958 261554 261958 935345
262702 115180 262702 847192 261958 261554 261958 935345
262702 115180 262702 847192 264170 261554 264170 935345
266999 115180 266999 847192 264170 261554 264170 935345
266999 115180 266999 847192 273941 261554 273941 935345
266999 115180 266999 847192 273951 261554 273951 935345
266999 115180 266999 847192 274367 261554 274367 935345
277390 115180 277390 847192 274367 261554 274367 935345
277390 115180 277390 847192 280111 261554 280111 935345
277390 115180 277390 847192 285435 261554 285435 935345
286102 115180 286102 847192 285435 261554 285435 935345
286102 115180 286102 847192 289551 261554 289551 935345
304989 115180 304989 847192 289551 261554 289551 935345
304989 115180 304989 847192 327131 261554 327131 935345
384864 115180 384864 847192 327131 261554 327131 935345
398996 115180 398996 847192 327131 261554 327131 935345
409720 115180 409720 847192 327131 261554 327131 935345
420452 115180 420452 847192 327131 261554 327131 935345
420452 115180 420452 847192 423551 261554 423551 935345
432740 115180 432740 847192 423551 261554 423551 935345
438272 115180 438272 847192 423551 261554 423551 935345
442184 115180 442184 847192 423551 261554 423551 935345
442184 115180 442184 847192 443274 261554 443274 935345
443724 115180 443724 847192 443274 261554 443274 935345
443724 115180 443724 847192 443762 261554 443762 935345
447674 115180 447674 847192 443762 261554 443762 935345
448818 115180 448818 847192 443762 261554 443762 935345
454995 115180 454995 847192 443762 261554 443762 935345
455290 115180 455290 847192 443762 261554 443762 935345
457044 115180 457044 847192 443762 261554 443762 935345
459414 115180 459414 847192 443762 261554 443762 935345
467229 115180 467229 847192 443762 261554 443762 935345
473437 115180 473437 847192 443762 261554 443762 935345
474456 115180 474456 847192 443762 261554 443762 935345
479685 115180 479685 847192 443762 261554 443762 935345
482901 115180 482901 847192 443762 261554 443762 935345
484502 115180 484502 847192 443762 261554 443762 935345
489262 115180 489262 847192 443762 261554 443762 935345
489262 115180 489262 847192 489740 261554 489740 935345
489262 115180 489262 847192 490886 261554 490886 935345
491467 115180 491467 847192 490886 261554 490886 935345
497427 115180 497427 847192 490886 261554 490886 935345
497427 115180 497427 847192 498059 261554 498059 935345
497427 115180 497427 847192 498290 261554 498290 935345
497427 115180 497427 847192 498955 261554 498955 935345
499059 115180 499059 847192 498955 261554 498955 935345
503415 115180 503415 847192 498955 261554 498955 935345
503415 115180 503415 847192 503928 261554 503928 935345
506256 115180 506256 847192 503928 261554 503928 935345
506256 115180 506256 847192 507176 261554 507176 935345
509507 115180 509507 847192 507176 261554 507176 935345
509508 115180 509508 847192 507176 261554 507176 935345
509508 115180 509508 847192 510377 261554 510377 935345
513991 115180 513991 847192 510377 261554 510377 935345
513991 115180 513991 847192 515344 261554 515344 935345
513991 115180 513991 847192 516620 261554 516620 935345
513991 115180 513991 847192 522926 261554 522926 935345
524804 115180 524804 847192 522926 261554 522926 935345
524804 115180 524804 847192 524915 261554 524915 935345
524804 115180 524804 847192 532346 261554 532346 935345
524804 115180 524804 847192 543951 261554 543951 935345
545465 115180 545465 847192 543951 261554 543951 935345
545465 115180 545465 847192 547291 261554 547291 935345
548044 115180 548044 847192 547291 261554 547291 935345
548044 115180 548044 847192 549796 261554 549796 935345
553235 115180 553235 847192 549796 261554 549796 935345
553235 115180 553235 847192 562948 261554 562948 935345
553235 115180 553235 847192 564576 261554 564576 935345
553235 115180 553235 847192 566307 261554 566307 935345
553235 115180 553235 847192 566882 261554 566882 935345
553235 115180 553235 847192 569902 261554 569902 935345
553235 115180 553235 847192 572483 261554 572483 935345
553235 115180 553235 847192 575419 261554 575419 935345
553235 115180 553235 847192 577054 261554 577054 935345
553235 115180 553235 847192 585224 261554 585224 935345
553235 115180 553235 847192 590422 261554 590422 935345
553235 115180 553235 847192 593400 261554 593400 935345
553235 115180 553235 847192 595592 261554 595592 935345
553235 115180 553235 847192 597903 261554 597903 935345
553235 115180 553235 847192 600994 261554 600994 935345
604004 115180 604004 847192 600994 261554 600994 935345
604004 115180 604004 847192 610592 261554 610592 935345
604004 115180 604004 847192 610922 261554 610922 935345
604004 115180 604004 847192 612202 261554 612202 935345
604004 115180 604004 847192 614305 261554 614305 935345
604004 115180 604004 847192 614543 261554 614543 935345
604004 115180 604004 847192 622256 261554 622256 935345
604004 115180 604004 847192 625716 261554 625716 935345
604004 115180 604004 847192 626987 261554 626987 935345
604004 115180 604004 847192 627729 261554 627729 935345
604004 115180 604004 847192 628284 261554 628284 935345
629643 115180 629643 847192 628284 261554 628284 935345
629643 115180 629643 847192 629884 261554 629884 935345
629643 115180 629643 847192 630120 261554 630120 935345
629643 115180 629643 847192 632920 261554 632920 935345
629643 115180 629643 847192 633959 261554 633959 935345
629643 115180 629643 847192 635406 261554 635406 935345
629643 115180 629643 847192 637422 261554 637422 935345
629643 115180 629643 847192 645390 261554 645390 935345
629643 115180 629643 847192 646682 261554 646682 935345
629643 115180 629643 847192 648694 261554 648694 935345
629643 115180 629643 847192 649021 261554 649021 935345
629643 115180 629643 847192 649685 261554 649685 935345
629643 115180 629643 847192 652098 261554 652098 935345
629643 115180 629643 847192 653946 261554 653946 935345
629643 115180 629643 847192 654354 261554 654354 935345
629643 115180 629643 847192 654540 261554 654540 935345
629643 115180 629643 847192 657066 261554 657066 935345
629643 115180 629643 847192 659640 261554 659640 935345
629643 115180 629643 847192 662023 261554 662023 935345
629643 115180 629643 847192 663605 261554 663605 935345
629643 115180 629643 847192 664649 261554 664649 935345
666504 115180 666504 847192 664649 261554 664649 935345
666504 115180 666504 847192 670908 261554 670908 935345
666504 115180 666504 847192 675533 261554 675533 935345
666504 115180 666504 847192 677221 261554 677221 935345
666504 115180 666504 847192 677996 261554 677996 935345
666504 115180 666504 847192 678614 261554 678614 935345
680388 115180 680388 847192 678614 261554 678614 935345
684966 115180 684966 847192 678614 261554 678614 935345
684966 115180 684966 847192 685953 261554 685953 935345
684966 115180 684966 847192 688397 261554 688397 935345
684966 115180 684966 847192 690799 261554 690799 935345
693189 115180 693189 847192 690799 261554 690799 935345
693189 115180 693189 847192 696910 261554 696910 935345
697282 115180 697282 847192 696910 261554 696910 935345
697282 115180 697282 847192 699258 261554 699258 935345
697282 115180 697282 847192 699333 261554 699333 935345
703835 115180 703835 847192 699333 261554 699333 935345
703835 115180 703835 847192 706984 261554 706984 935345
708217 115180 708217 847192 706984 261554 706984 935345
708217 115180 708217 847192 711706 261554 711706 935345
713923 115180 713923 847192 711706 261554 711706 935345
719799 115180 719799 847192 711706 261554 711706 935345
727688 115180 727688 847192 711706 261554 711706 935345
727688 115180 727688 847192 731141 261554 731141 935345
734350 115180 734350 847192 731141 261554 731141 935345
736126 115180 736126 847192 731141 261554 731141 935345
736126 115180 736126 847192 741851 261554 741851 935345
750390 115180 750390 847192 741851 261554 741851 935345
750996 115180 750996 847192 741851 261554 741851 935345
750996 115180 750996 847192 752216 261554 752216 935345
750996 115180 750996 847192 752557 261554 752557 935345
755344 115180 755344 847192 752557 261554 752557 935345
756134 115180 756134 847192 752557 261554 752557 935345
756134 115180 756134 847192 761449 261554 761449 935345
761785 115180 761785 847192 761449 261554 761449 935345
762254 115180 762254 847192 761449 261554 761449 935345
766665 115180 766665 847192 761449 261554 761449 935345
766665 115180 766665 847192 769963 261554 769963 935345
780633 115180 780633 847192 769963 261554 769963 935345
786805 115180 786805 847192 769963 261554 769963 935345
789234 115180 789234 847192 769963 261554 769963 935345
793619 115180 793619 847192 769963 261554 769963 935345
800707 115180 800707 847192 769963 261554 769963 935345
804434 115180 804434 847192 769963 261554 769963 935345
808192 115180 808192 847192 769963 261554 769963 935345
809941 115180 809941 847192 769963 261554 769963 935345
810129 115180 810129 847192 769963 261554 769963 935345
810398 115180 810398 847192 769963 261554 769963 935345
810398 115180 810398 847192 810592 261554 810592 935345
819454 115180 819454 847192 810592 261554 810592 935345
831785 115180 831785 847192 810592 261554 810592 935345
835626 115180 835626 847192 810592 261554 810592 935345
837698 115180 837698 847192 810592 261554 810592 935345
841089 115180 841089 847192 810592 261554 810592 935345
843629 115180 843629 847192 810592 261554 810592 935345
853703 115180 853703 847192 810592 261554 810592 935345
855410 115180 855410 847192 810592 261554 810592 935345
868039 115180 868039 847192 810592 261554 810592 935345
875043 115180 875043 847192 810592 261554 810592 935345
875060 115180 875060 847192 810592 261554 810592 935345
878259 115180 878259 847192 810592 261554 810592 935345
879275 115180 879275 847192 810592 261554 810592 935345
891709 115180 891709 847192 810592 261554 810592 935345
