295741 136993 295741 851683 167317 41814 167317 835589
295741 136993 295741 851683 167317 41814 167317 835589
295741 136993 295741 851683 168939 41814 168939 835589
295741 136993 295741 851683 188380 41814 188380 835589
295741 136993 295741 851683 253174 41814 253174 835589
295741 136993 295741 851683 255820 41814 255820 835589
295741 136993 295741 851683 292376 41814 292376 835589
319478 136993 319478 851683 292376 41814 292376 835589
319478 136993 319478 851683 320697 41814 320697 835589
321724 136993 321724 851683 320697 41814 320697 835589
321724 136993 321724 851683 330274 41814 330274 835589
321724 136993 321724 851683 332535 41814 332535 835589
321724 136993 321724 851683 336788 41814 336788 835589
352834 136993 352834 851683 336788 41814 336788 835589
361274 136993 361274 851683 336788 41814 336788 835589
361513 136993 361513 851683 336788 41814 336788 835589
361513 136993 361513 851683 364287 41814 364287 835589
366217 136993 366217 851683 364287 41814 364287 835589
366284 136993 366284 851683 364287 41814 364287 835589
366601 136993 366601 851683 364287 41814 364287 835589
366724 136993 366724 851683 364287 41814 364287 835589
366854 136993 366854 851683 364287 41814 364287 835589
367984 136993 367984 851683 364287 41814 364287 835589
370232 136993 370232 851683 364287 41814 364287 835589
374357 136993 374357 851683 364287 41814 364287 835589
376269 136993 376269 851683 364287 41814 364287 835589
376269 136993 376269 851683 380531 41814 380531 835589
383551 136993 383551 851683 380531 41814 380531 835589
387480 136993 387480 851683 380531 41814 380531 835589
387565 136993 387565 851683 380531 41814 380531 835589
389102 136993 389102 851683 380531 41814 380531 835589
390208 136993 390208 851683 380531 41814 380531 835589
390208 136993 390208 851683 390722 41814 390722 835589
392023 136993 392023 851683 390722 41814 390722 835589
393677 136993 393677 851683 390722 41814 390722 835589
395416 136993 395416 851683 390722 41814 390722 835589
395977 136993 395977 851683 390722 41814 390722 835589
398985 136993 398985 851683 390722 41814 390722 835589
398985 136993 398985 851683 402635 41814 402635 835589
398985 136993 398985 851683 405827 41814 405827 835589
408275 136993 408275 851683 405827 41814 405827 835589
408275 136993 408275 851683 409382 41814 409382 835589
408275 136993 408275 851683 411917 41814 411917 835589
408275 136993 408275 851683 412075 41814 412075 835589
408275 136993 408275 851683 412610 41814 412610 835589
413073 136993 413073 851683 412610 41814 412610 835589
414586 136993 414586 851683 412610 41814 412610 835589
414925 136993 414925 851683 412610 41814 412610 835589
414925 136993 414925 851683 416777 41814 416777 835589
416871 136993 416871 851683 416777 41814 416777 835589
419915 136993 419915 851683 416777 41814 416777 835589
419915 136993 419915 851683 420140 41814 420140 835589
419915 136993 419915 851683 423869 41814 423869 835589
419915 136993 419915 851683 425841 41814 425841 835589
419915 136993 419915 851683 427276 41814 427276 835589
427495 136993 427495 851683 427276 41814 427276 835589
429226 136993 429226 851683 427276 41814 427276 835589
429226 136993 429226 851683 431362 41814 431362 835589
431820 136993 431820 851683 431362 41814 431362 835589
432366 136993 432366 851683 431362 41814 431362 835589
436297 136993 436297 851683 431362 41814 431362 835589
436297 136993 436297 851683 437265 41814 437265 835589
438425 136993 438425 851683 437265 41814 437265 835589
439198 136993 439198 851683 437265 41814 437265 835589
440398 136993 440398 851683 437265 41814 437265 835589
440398 136993 440398 851683 442386 41814 442386 835589
440398 136993 440398 851683 444615 41814 444615 835589
440398 136993 440398 851683 444961 41814 444961 835589
445393 136993 445393 851683 444961 41814 444961 835589
445393 136993 445393 851683 446135 41814 446135 835589
446346 136993 446346 851683 446135 41814 446135 835589
449423 136993 449423 851683 446135 41814 446135 835589
452520 136993 452520 851683 446135 41814 446135 835589
452520 136993 452520 851683 454007 41814 454007 835589
452520 136993 452520 851683 455254 41814 455254 835589
452520 136993 452520 851683 457556 41814 457556 835589
452520 136993 452520 851683 458311 41814 458311 835589
459909 136993 459909 851683 458311 41814 458311 835589
459909 136993 459909 851683 463162 41814 463162 835589
465309 136993 465309 851683 463162 41814 463162 835589
465309 136993 465309 851683 465815 41814 465815 835589
465309 136993 465309 851683 467255 41814 467255 835589
465309 136993 465309 851683 467285 41814 467285 835589
468716 136993 468716 851683 467285 41814 467285 835589
468716 136993 468716 851683 469747 41814 469747 835589
468716 136993 468716 851683 469952 41814 469952 835589
470066 136993 470066 851683 469952 41814 469952 835589
470066 136993 470066 851683 470363 41814 470363 835589
470066 136993 470066 851683 472608 41814 472608 835589
470066 136993 470066 851683 474015 41814 474015 835589
474250 136993 474250 851683 474015 41814 474015 835589
475651 136993 475651 851683 474015 41814 474015 835589
477579 136993 477579 851683 474015 41814 474015 835589
478538 136993 478538 851683 474015 41814 474015 835589
478538 136993 478538 851683 479199 41814 479199 835589
483854 136993 483854 851683 479199 41814 479199 835589
484643 136993 484643 851683 479199 41814 479199 835589
484704 136993 484704 851683 479199 41814 479199 835589
486684 136993 486684 851683 479199 41814 479199 835589
486684 136993 486684 851683 489795 41814 489795 835589
486684 136993 486684 851683 494170 41814 494170 835589
494870 136993 494870 851683 494170 41814 494170 835589
494870 136993 494870 851683 496096 41814 496096 835589
494870 136993 494870 851683 496423 41814 496423 835589
494870 136993 494870 851683 496432 41814 496432 835589
497960 136993 497960 851683 496432 41814 496432 835589
497960 136993 497960 851683 499979 41814 499979 835589
497960 136993 497960 851683 500604 41814 500604 835589
501584 136993 501584 851683 500604 41814 500604 835589
502736 136993 502736 851683 500604 41814 500604 835589
503341 136993 503341 851683 500604 41814 500604 835589
503697 136993 503697 851683 500604 41814 500604 835589
503697 136993 503697 851683 504392 41814 504392 835589
503697 136993 503697 851683 505899 41814 505899 835589
503697 136993 503697 851683 509516 41814 509516 835589
503697 136993 503697 851683 511467 41814 511467 835589
511691 136993 511691 851683 511467 41814 511467 835589
511691 136993 511691 851683 512419 41814 512419 835589
514200 136993 514200 851683 512419 41814 512419 835589
514200 136993 514200 851683 515468 41814 515468 835589
516749 136993 516749 851683 515468 41814 515468 835589
516749 136993 516749 851683 517605 41814 517605 835589
516749 136993 516749 851683 518749 41814 518749 835589
516749 136993 516749 851683 519390 41814 519390 835589
516749 136993 516749 851683 520244 41814 520244 835589
516749 136993 516749 851683 520840 41814 520840 835589
516749 136993 516749 851683 523106 41814 523106 835589
516749 136993 516749 851683 524258 41814 524258 835589
524443 136993 524443 851683 524258 41814 524258 835589
525203 136993 525203 851683 524258 41814 524258 835589
525412 136993 525412 851683 524258 41814 524258 835589
525412 136993 525412 851683 530480 41814 530480 835589
525412 136993 525412 851683 534069 41814 534069 835589
525412 136993 525412 851683 534400 41814 534400 835589
525412 136993 525412 851683 534551 41814 534551 835589
534798 136993 534798 851683 534551 41814 534551 835589
536604 136993 536604 851683 534551 41814 534551 835589
538752 136993 538752 851683 534551 41814 534551 835589
538752 136993 538752 851683 539193 41814 539193 835589
539988 136993 539988 851683 539193 41814 539193 835589
545179 136993 545179 851683 539193 41814 539193 835589
545179 136993 545179 851683 545318 41814 545318 835589
547253 136993 547253 851683 545318 41814 545318 835589
547253 136993 547253 851683 548189 41814 548189 835589
547253 136993 547253 851683 555772 41814 555772 835589
547253 136993 547253 851683 556471 41814 556471 835589
561546 136993 561546 851683 556471 41814 556471 835589
566866 136993 566866 851683 556471 41814 556471 835589
566866 136993 566866 851683 568505 41814 568505 835589
568831 136993 568831 851683 568505 41814 568505 835589
568831 136993 568831 851683 569958 41814 569958 835589
568831 136993 568831 851683 570168 41814 570168 835589
571264 136993 571264 851683 570168 41814 570168 835589
571264 136993 571264 851683 578719 41814 578719 835589
579074 136993 579074 851683 578719 41814 578719 835589
579074 136993 579074 851683 579425 41814 579425 835589
579074 136993 579074 851683 581087 41814 581087 835589
579074 136993 579074 851683 585741 41814 585741 835589
592547 136993 592547 851683 585741 41814 585741 835589
594816 136993 594816 851683 585741 41814 585741 835589
594956 136993 594956 851683 585741 41814 585741 835589
595645 136993 595645 851683 585741 41814 585741 835589
596154 136993 596154 851683 585741 41814 585741 835589
596154 136993 596154 851683 601211 41814 601211 835589
606215 136993 606215 851683 601211 41814 601211 835589
606215 136993 606215 851683 609004 41814 609004 835589
606215 136993 606215 851683 614505 41814 614505 835589
606215 136993 606215 851683 616511 41814 616511 835589
623379 136993 623379 851683 616511 41814 616511 835589
625373 136993 625373 851683 616511 41814 616511 835589
625373 136993 625373 851683 636086 41814 636086 835589
625373 136993 625373 851683 646461 41814 646461 835589
625373 136993 625373 851683 652727 41814 652727 835589
625373 136993 625373 851683 656202 41814 656202 835589
656853 136993 656853 851683 656202 41814 656202 835589
658515 136993 658515 851683 656202 41814 656202 835589
658515 136993 658515 851683 658850 41814 658850 835589
658515 136993 658515 851683 677305 41814 677305 835589
680097 136993 680097 851683 677305 41814 677305 835589
680537 136993 680537 851683 677305 41814 677305 835589
680537 136993 680537 851683 682046 41814 682046 835589
684075 136993 684075 851683 682046 41814 682046 835589
684075 136993 684075 851683 687392 41814 687392 835589
688201 136993 688201 851683 687392 41814 687392 835589
688201 136993 688201 851683 688582 41814 688582 835589
694456 136993 694456 851683 688582 41814 688582 835589
694456 136993 694456 851683 696088 41814 696088 835589
694456 136993 694456 851683 714491 41814 714491 835589
694456 136993 694456 851683 722655 41814 722655 835589
694456 136993 694456 851683 726566 41814 726566 835589
746535 136993 746535 851683 726566 41814 726566 835589
752057 136993 752057 851683 726566 41814 726566 835589
772950 136993 772950 851683 726566 41814 726566 835589
772950 136993 772950 851683 776210 41814 776210 835589
776888 136993 776888 851683 776210 41814 776210 835589
776888 136993 776888 851683 777804 41814 777804 835589
784139 136993 784139 851683 777804 41814 777804 835589
784139 136993 784139 851683 794641 41814 794641 835589
795576 136993 795576 851683 794641 41814 794641 835589
801610 136993 801610 851683 794641 41814 794641 835589
