250845 191550 250845 838159 219911 325728 219911 962475
250845 191550 250845 838159 219911 325728 219911 962475
250845 191550 250845 838159 259211 325728 259211 962475
278558 191550 278558 838159 259211 325728 259211 962475
282627 191550 282627 838159 259211 325728 259211 962475
282627 191550 282627 838159 282803 325728 282803 962475
283462 191550 283462 838159 282803 325728 282803 962475
287627 191550 287627 838159 282803 325728 282803 962475
287627 191550 287627 838159 299055 325728 299055 962475
287627 191550 287627 838159 305087 325728 305087 962475
305231 191550 305231 838159 305087 325728 305087 962475
305231 191550 305231 838159 306574 325728 306574 962475
312909 191550 312909 838159 306574 325728 306574 962475
312909 191550 312909 838159 318509 325728 318509 962475
312909 191550 312909 838159 321644 325728 321644 962475
312909 191550 312909 838159 323035 325728 323035 962475
312909 191550 312909 838159 329942 325728 329942 962475
334519 191550 334519 838159 329942 325728 329942 962475
337303 191550 337303 838159 329942 325728 329942 962475
337303 191550 337303 838159 346635 325728 346635 962475
337303 191550 337303 838159 361831 325728 361831 962475
337303 191550 337303 838159 365244 325728 365244 962475
367247 191550 367247 838159 365244 325728 365244 962475
367247 191550 367247 838159 369736 325728 369736 962475
369749 191550 369749 838159 369736 325728 369736 962475
369749 191550 369749 838159 369813 325728 369813 962475
369749 191550 369749 838159 384894 325728 384894 962475
369749 191550 369749 838159 386575 325728 386575 962475
369749 191550 369749 838159 387137 325728 387137 962475
369749 191550 369749 838159 388612 325728 388612 962475
392430 191550 392430 838159 388612 325728 388612 962475
395872 191550 395872 838159 388612 325728 388612 962475
395872 191550 395872 838159 397496 325728 397496 962475
395872 191550 395872 838159 401963 325728 401963 962475
411381 191550 411381 838159 401963 325728 401963 962475
411381 191550 411381 838159 412133 325728 412133 962475
411381 191550 411381 838159 412931 325728 412931 962475
411381 191550 411381 838159 415175 325728 415175 962475
411381 191550 411381 838159 418111 325728 418111 962475
411381 191550 411381 838159 418836 325728 418836 962475
411381 191550 411381 838159 420225 325728 420225 962475
420571 191550 420571 838159 420225 325728 420225 962475
420571 191550 420571 838159 421878 325728 421878 962475
420571 191550 420571 838159 423246 325728 423246 962475
429327 191550 429327 838159 423246 325728 423246 962475
431947 191550 431947 838159 423246 325728 423246 962475
431947 191550 431947 838159 434502 325728 434502 962475
431947 191550 431947 838159 434951 325728 434951 962475
439521 191550 439521 838159 434951 325728 434951 962475
439521 191550 439521 838159 448988 325728 448988 962475
439521 191550 439521 838159 451218 325728 451218 962475
439521 191550 439521 838159 464237 325728 464237 962475
439521 191550 439521 838159 464425 325728 464425 962475
439521 191550 439521 838159 464799 325728 464799 962475
467888 191550 467888 838159 464799 325728 464799 962475
467888 191550 467888 838159 477756 325728 477756 962475
467888 191550 467888 838159 478362 325728 478362 962475
484240 191550 484240 838159 478362 325728 478362 962475
486634 191550 486634 838159 478362 325728 478362 962475
486634 191550 486634 838159 488931 325728 488931 962475
506431 191550 506431 838159 488931 325728 488931 962475
506575 191550 506575 838159 488931 325728 488931 962475
512356 191550 512356 838159 488931 325728 488931 962475
521845 191550 521845 838159 488931 325728 488931 962475
523330 191550 523330 838159 488931 325728 488931 962475
529234 191550 529234 838159 488931 325728 488931 962475
532188 191550 532188 838159 488931 325728 488931 962475
536850 191550 536850 838159 488931 325728 488931 962475
539157 191550 539157 838159 488931 325728 488931 962475
539157 191550 539157 838159 548310 325728 548310 962475
549278 191550 549278 838159 548310 325728 548310 962475
549803 191550 549803 838159 548310 325728 548310 962475
553371 191550 553371 838159 548310 325728 548310 962475
554112 191550 554112 838159 548310 325728 548310 962475
555090 191550 555090 838159 548310 325728 548310 962475
555225 191550 555225 838159 548310 325728 548310 962475
566405 191550 566405 838159 548310 325728 548310 962475
567033 191550 567033 838159 548310 325728 548310 962475
568305 191550 568305 838159 548310 325728 548310 962475
573792 191550 573792 838159 548310 325728 548310 962475
575797 191550 575797 838159 548310 325728 548310 962475
577586 191550 577586 838159 548310 325728 548310 962475
578473 191550 578473 838159 548310 325728 548310 962475
579731 191550 579731 838159 548310 325728 548310 962475
582792 191550 582792 838159 548310 325728 548310 962475
584097 191550 584097 838159 548310 325728 548310 962475
586515 191550 586515 838159 548310 325728 548310 962475
590980 191550 590980 838159 548310 325728 548310 962475
590980 191550 590980 838159 593873 325728 593873 962475
593924 191550 593924 838159 593873 325728 593873 962475
595377 191550 595377 838159 593873 325728 593873 962475
598042 191550 598042 838159 593873 325728 593873 962475
604119 191550 604119 838159 593873 325728 593873 962475
606245 191550 606245 838159 593873 325728 593873 962475
606245 191550 606245 838159 607227 325728 607227 962475
607762 191550 607762 838159 607227 325728 607227 962475
615831 191550 615831 838159 607227 325728 607227 962475
615831 191550 615831 838159 617730 325728 617730 962475
617873 191550 617873 838159 617730 325728 617730 962475
624233 191550 624233 838159 617730 325728 617730 962475
624233 191550 624233 838159 627422 325728 627422 962475
628813 191550 628813 838159 627422 325728 627422 962475
630053 191550 630053 838159 627422 325728 627422 962475
630738 191550 630738 838159 627422 325728 627422 962475
634864 191550 634864 838159 627422 325728 627422 962475
637132 191550 637132 838159 627422 325728 627422 962475
638631 191550 638631 838159 627422 325728 627422 962475
638631 191550 638631 838159 641503 325728 641503 962475
638631 191550 638631 838159 649103 325728 649103 962475
638631 191550 638631 838159 654114 325728 654114 962475
638631 191550 638631 838159 655409 325728 655409 962475
657845 191550 657845 838159 655409 325728 655409 962475
658200 191550 658200 838159 655409 325728 655409 962475
658200 191550 658200 838159 659142 325728 659142 962475
659426 191550 659426 838159 659142 325728 659142 962475
659426 191550 659426 838159 662604 325728 662604 962475
663824 191550 663824 838159 662604 325728 662604 962475
663891 191550 663891 838159 662604 325728 662604 962475
663891 191550 663891 838159 664152 325728 664152 962475
666811 191550 666811 838159 664152 325728 664152 962475
667170 191550 667170 838159 664152 325728 664152 962475
667316 191550 667316 838159 664152 325728 664152 962475
668928 191550 668928 838159 664152 325728 664152 962475
668928 191550 668928 838159 669214 325728 669214 962475
668928 191550 668928 838159 669693 325728 669693 962475
670115 191550 670115 838159 669693 325728 669693 962475
670115 191550 670115 838159 673958 325728 673958 962475
670115 191550 670115 838159 674858 325728 674858 962475
670115 191550 670115 838159 675378 325728 675378 962475
677243 191550 677243 838159 675378 325728 675378 962475
677243 191550 677243 838159 677873 325728 677873 962475
677243 191550 677243 838159 679780 325728 679780 962475
677243 191550 677243 838159 679916 325728 679916 962475
680139 191550 680139 838159 679916 325728 679916 962475
680943 191550 680943 838159 679916 325728 679916 962475
680943 191550 680943 838159 683243 325728 683243 962475
684014 191550 684014 838159 683243 325728 683243 962475
684726 191550 684726 838159 683243 325728 683243 962475
684726 191550 684726 838159 687492 325728 687492 962475
687549 191550 687549 838159 687492 325728 687492 962475
687549 191550 687549 838159 690667 325728 690667 962475
687549 191550 687549 838159 691041 325728 691041 962475
687549 191550 687549 838159 694621 325728 694621 962475
687549 191550 687549 838159 694934 325728 694934 962475
687549 191550 687549 838159 695278 325728 695278 962475
696544 191550 696544 838159 695278 325728 695278 962475
696544 191550 696544 838159 696635 325728 696635 962475
697257 191550 697257 838159 696635 325728 696635 962475
699739 191550 699739 838159 696635 325728 696635 962475
699739 191550 699739 838159 700006 325728 700006 962475
700125 191550 700125 838159 700006 325728 700006 962475
703377 191550 703377 838159 700006 325728 700006 962475
703377 191550 703377 838159 705423 325728 705423 962475
703377 191550 703377 838159 705528 325728 705528 962475
703377 191550 703377 838159 706032 325728 706032 962475
706101 191550 706101 838159 706032 325728 706032 962475
706101 191550 706101 838159 707203 325728 707203 962475
706101 191550 706101 838159 707297 325728 707297 962475
706101 191550 706101 838159 708913 325728 708913 962475
706101 191550 706101 838159 713763 325728 713763 962475
714400 191550 714400 838159 713763 325728 713763 962475
714400 191550 714400 838159 719187 325728 719187 962475
721037 191550 721037 838159 719187 325728 719187 962475
723448 191550 723448 838159 719187 325728 719187 962475
723448 191550 723448 838159 724360 325728 724360 962475
723448 191550 723448 838159 724578 325728 724578 962475
727345 191550 727345 838159 724578 325728 724578 962475
727345 191550 727345 838159 729873 325728 729873 962475
727345 191550 727345 838159 733209 325728 733209 962475
727345 191550 727345 838159 733289 325728 733289 962475
734473 191550 734473 838159 733289 325728 733289 962475
734473 191550 734473 838159 735742 325728 735742 962475
734473 191550 734473 838159 737446 325728 737446 962475
734473 191550 734473 838159 738899 325728 738899 962475
734473 191550 734473 838159 739160 325728 739160 962475
734473 191550 734473 838159 741686 325728 741686 962475
745044 191550 745044 838159 741686 325728 741686 962475
745044 191550 745044 838159 745265 325728 745265 962475
745044 191550 745044 838159 748753 325728 748753 962475
752137 191550 752137 838159 748753 325728 748753 962475
752137 191550 752137 838159 755098 325728 755098 962475
756006 191550 756006 838159 755098 325728 755098 962475
756006 191550 756006 838159 758843 325728 758843 962475
756006 191550 756006 838159 758972 325728 758972 962475
761796 191550 761796 838159 758972 325728 758972 962475
763783 191550 763783 838159 758972 325728 758972 962475
763783 191550 763783 838159 767509 325728 767509 962475
768985 191550 768985 838159 767509 325728 767509 962475
770653 191550 770653 838159 767509 325728 767509 962475
770653 191550 770653 838159 771056 325728 771056 962475
770653 191550 770653 838159 771153 325728 771153 962475
770653 191550 770653 838159 776739 325728 776739 962475
770653 191550 770653 838159 782601 325728 782601 962475
796949 191550 796949 838159 782601 325728 782601 962475
796949 191550 796949 838159 807106 325728 807106 962475
796949 191550 796949 838159 811536 325728 811536 962475
796949 191550 796949 838159 817123 325728 817123 962475
827189 191550 827189 838159 817123 325728 817123 962475
827189 191550 827189 838159 839500 325728 839500 962475
888750 191550 888750 838159 839500 325728 839500 962475
