111675 42342 111675 875619 157589 204297 157589 841774
111675 42342 111675 875619 157589 204297 157589 841774
111675 42342 111675 875619 161954 204297 161954 841774
111675 42342 111675 875619 176111 204297 176111 841774
111675 42342 111675 875619 181824 204297 181824 841774
111675 42342 111675 875619 187405 204297 187405 841774
111675 42342 111675 875619 193783 204297 193783 841774
111675 42342 111675 875619 197424 204297 197424 841774
111675 42342 111675 875619 206886 204297 206886 841774
111675 42342 111675 875619 209843 204297 209843 841774
111675 42342 111675 875619 211752 204297 211752 841774
111675 42342 111675 875619 211761 204297 211761 841774
211903 42342 211903 875619 211761 204297 211761 841774
211903 42342 211903 875619 213576 204297 213576 841774
211903 42342 211903 875619 214600 204297 214600 841774
211903 42342 211903 875619 215806 204297 215806 841774
211903 42342 211903 875619 217902 204297 217902 841774
211903 42342 211903 875619 219342 204297 219342 841774
211903 42342 211903 875619 219466 204297 219466 841774
211903 42342 211903 875619 223272 204297 223272 841774
211903 42342 211903 875619 224401 204297 224401 841774
211903 42342 211903 875619 224787 204297 224787 841774
211903 42342 211903 875619 226101 204297 226101 841774
226872 42342 226872 875619 226101 204297 226101 841774
226872 42342 226872 875619 229154 204297 229154 841774
226872 42342 226872 875619 231164 204297 231164 841774
226872 42342 226872 875619 234761 204297 234761 841774
241915 42342 241915 875619 234761 204297 234761 841774
241915 42342 241915 875619 244140 204297 244140 841774
241915 42342 241915 875619 244231 204297 244231 841774
241915 42342 241915 875619 245555 204297 245555 841774
241915 42342 241915 875619 245622 204297 245622 841774
241915 42342 241915 875619 247064 204297 247064 841774
249338 42342 249338 875619 247064 204297 247064 841774
249338 42342 249338 875619 250318 204297 250318 841774
249338 42342 249338 875619 254855 204297 254855 841774
257951 42342 257951 875619 254855 204297 254855 841774
257951 42342 257951 875619 262421 204297 262421 841774
257951 42342 257951 875619 267763 204297 267763 841774
257951 42342 257951 875619 267777 204297 267777 841774
271806 42342 271806 875619 267777 204297 267777 841774
272599 42342 272599 875619 267777 204297 267777 841774
283784 42342 283784 875619 267777 204297 267777 841774
285809 42342 285809 875619 267777 204297 267777 841774
287032 42342 287032 875619 267777 204297 267777 841774
295935 42342 295935 875619 267777 204297 267777 841774
301763 42342 301763 875619 267777 204297 267777 841774
306845 42342 306845 875619 267777 204297 267777 841774
307571 42342 307571 875619 267777 204297 267777 841774
307571 42342 307571 875619 316178 204297 316178 841774
324714 42342 324714 875619 316178 204297 316178 841774
328584 42342 328584 875619 316178 204297 316178 841774
333087 42342 333087 875619 316178 204297 316178 841774
341847 42342 341847 875619 316178 204297 316178 841774
342417 42342 342417 875619 316178 204297 316178 841774
342770 42342 342770 875619 316178 204297 316178 841774
343118 42342 343118 875619 316178 204297 316178 841774
345379 42342 345379 875619 316178 204297 316178 841774
349877 42342 349877 875619 316178 204297 316178 841774
351677 42342 351677 875619 316178 204297 316178 841774
353443 42342 353443 875619 316178 204297 316178 841774
374189 42342 374189 875619 316178 204297 316178 841774
375033 42342 375033 875619 316178 204297 316178 841774
376638 42342 376638 875619 316178 204297 316178 841774
380442 42342 380442 875619 316178 204297 316178 841774
381386 42342 381386 875619 316178 204297 316178 841774
385193 42342 385193 875619 316178 204297 316178 841774
386856 42342 386856 875619 316178 204297 316178 841774
387826 42342 387826 875619 316178 204297 316178 841774
391558 42342 391558 875619 316178 204297 316178 841774
399629 42342 399629 875619 316178 204297 316178 841774
404379 42342 404379 875619 316178 204297 316178 841774
404387 42342 404387 875619 316178 204297 316178 841774
404638 42342 404638 875619 316178 204297 316178 841774
404845 42342 404845 875619 316178 204297 316178 841774
407806 42342 407806 875619 316178 204297 316178 841774
408267 42342 408267 875619 316178 204297 316178 841774
413075 42342 413075 875619 316178 204297 316178 841774
413938 42342 413938 875619 316178 204297 316178 841774
417492 42342 417492 875619 316178 204297 316178 841774
421262 42342 421262 875619 316178 204297 316178 841774
422545 42342 422545 875619 316178 204297 316178 841774
423263 42342 423263 875619 316178 204297 316178 841774
424234 42342 424234 875619 316178 204297 316178 841774
424234 42342 424234 875619 424456 204297 424456 841774
424683 42342 424683 875619 424456 204297 424456 841774
428415 42342 428415 875619 424456 204297 424456 841774
430869 42342 430869 875619 424456 204297 424456 841774
437586 42342 437586 875619 424456 204297 424456 841774
439157 42342 439157 875619 424456 204297 424456 841774
441547 42342 441547 875619 424456 204297 424456 841774
442404 42342 442404 875619 424456 204297 424456 841774
443697 42342 443697 875619 424456 204297 424456 841774
444276 42342 444276 875619 424456 204297 424456 841774
444755 42342 444755 875619 424456 204297 424456 841774
444755 42342 444755 875619 446328 204297 446328 841774
444755 42342 444755 875619 449099 204297 449099 841774
449645 42342 449645 875619 449099 204297 449099 841774
449645 42342 449645 875619 450674 204297 450674 841774
452037 42342 452037 875619 450674 204297 450674 841774
452037 42342 452037 875619 453025 204297 453025 841774
452037 42342 452037 875619 453422 204297 453422 841774
459461 42342 459461 875619 453422 204297 453422 841774
459461 42342 459461 875619 460706 204297 460706 841774
461177 42342 461177 875619 460706 204297 460706 841774
464095 42342 464095 875619 460706 204297 460706 841774
469006 42342 469006 875619 460706 204297 460706 841774
469006 42342 469006 875619 470058 204297 470058 841774
470981 42342 470981 875619 470058 204297 470058 841774
471255 42342 471255 875619 470058 204297 470058 841774
471615 42342 471615 875619 470058 204297 470058 841774
471682 42342 471682 875619 470058 204297 470058 841774
473476 42342 473476 875619 470058 204297 470058 841774
480790 42342 480790 875619 470058 204297 470058 841774
480790 42342 480790 875619 481700 204297 481700 841774
480790 42342 480790 875619 483146 204297 483146 841774
480790 42342 480790 875619 485187 204297 485187 841774
486518 42342 486518 875619 485187 204297 485187 841774
486678 42342 486678 875619 485187 204297 485187 841774
491215 42342 491215 875619 485187 204297 485187 841774
493279 42342 493279 875619 485187 204297 485187 841774
493951 42342 493951 875619 485187 204297 485187 841774
493951 42342 493951 875619 496102 204297 496102 841774
497111 42342 497111 875619 496102 204297 496102 841774
497111 42342 497111 875619 498508 204297 498508 841774
509587 42342 509587 875619 498508 204297 498508 841774
509587 42342 509587 875619 509932 204297 509932 841774
509587 42342 509587 875619 513472 204297 513472 841774
509587 42342 509587 875619 513901 204297 513901 841774
515707 42342 515707 875619 513901 204297 513901 841774
515911 42342 515911 875619 513901 204297 513901 841774
516588 42342 516588 875619 513901 204297 513901 841774
516588 42342 516588 875619 517978 204297 517978 841774
519934 42342 519934 875619 517978 204297 517978 841774
519934 42342 519934 875619 520443 204297 520443 841774
519934 42342 519934 875619 524675 204297 524675 841774
526350 42342 526350 875619 524675 204297 524675 841774
526814 42342 526814 875619 524675 204297 524675 841774
526814 42342 526814 875619 527744 204297 527744 841774
528419 42342 528419 875619 527744 204297 527744 841774
530110 42342 530110 875619 527744 204297 527744 841774
530110 42342 530110 875619 532750 204297 532750 841774
530110 42342 530110 875619 536551 204297 536551 841774
530110 42342 530110 875619 536718 204297 536718 841774
530110 42342 530110 875619 538710 204297 538710 841774
530110 42342 530110 875619 540703 204297 540703 841774
541344 42342 541344 875619 540703 204297 540703 841774
542337 42342 542337 875619 540703 204297 540703 841774
542509 42342 542509 875619 540703 204297 540703 841774
544132 42342 544132 875619 540703 204297 540703 841774
544132 42342 544132 875619 545354 204297 545354 841774
544132 42342 544132 875619 545484 204297 545484 841774
544132 42342 544132 875619 546498 204297 546498 841774
546783 42342 546783 875619 546498 204297 546498 841774
546783 42342 546783 875619 549091 204297 549091 841774
546783 42342 546783 875619 553551 204297 553551 841774
557852 42342 557852 875619 553551 204297 553551 841774
557852 42342 557852 875619 560273 204297 560273 841774
560306 42342 560306 875619 560273 204297 560273 841774
560306 42342 560306 875619 560510 204297 560510 841774
560306 42342 560306 875619 565219 204297 565219 841774
560306 42342 560306 875619 569522 204297 569522 841774
572195 42342 572195 875619 569522 204297 569522 841774
574971 42342 574971 875619 569522 204297 569522 841774
574971 42342 574971 875619 575258 204297 575258 841774
574971 42342 574971 875619 576251 204297 576251 841774
576682 42342 576682 875619 576251 204297 576251 841774
576682 42342 576682 875619 582077 204297 582077 841774
576682 42342 576682 875619 582677 204297 582677 841774
576682 42342 576682 875619 588759 204297 588759 841774
589970 42342 589970 875619 588759 204297 588759 841774
600861 42342 600861 875619 588759 204297 588759 841774
602005 42342 602005 875619 588759 204297 588759 841774
602005 42342 602005 875619 603778 204297 603778 841774
602005 42342 602005 875619 612929 204297 612929 841774
602005 42342 602005 875619 613319 204297 613319 841774
602005 42342 602005 875619 620699 204297 620699 841774
602005 42342 602005 875619 621304 204297 621304 841774
602005 42342 602005 875619 623187 204297 623187 841774
602005 42342 602005 875619 628284 204297 628284 841774
602005 42342 602005 875619 630404 204297 630404 841774
602005 42342 602005 875619 637386 204297 637386 841774
602005 42342 602005 875619 639597 204297 639597 841774
602005 42342 602005 875619 640767 204297 640767 841774
641964 42342 641964 875619 640767 204297 640767 841774
641964 42342 641964 875619 642736 204297 642736 841774
641964 42342 641964 875619 642775 204297 642775 841774
641964 42342 641964 875619 656742 204297 656742 841774
641964 42342 641964 875619 659217 204297 659217 841774
641964 42342 641964 875619 670340 204297 670340 841774
641964 42342 641964 875619 672664 204297 672664 841774
641964 42342 641964 875619 684301 204297 684301 841774
641964 42342 641964 875619 687010 204297 687010 841774
641964 42342 641964 875619 696125 204297 696125 841774
641964 42342 641964 875619 697863 204297 697863 841774
641964 42342 641964 875619 704347 204297 704347 841774
641964 42342 641964 875619 705964 204297 705964 841774
641964 42342 641964 875619 734788 204297 734788 841774
641964 42342 641964 875619 750483 204297 750483 841774
641964 42342 641964 875619 780775 204297 780775 841774
