57404 239409 57404 865160 394118 103442 394118 879892
57404 239409 57404 865160 394118 103442 394118 879892
147902 239409 147902 865160 394118 103442 394118 879892
155026 239409 155026 865160 394118 103442 394118 879892
159041 239409 159041 865160 394118 103442 394118 879892
161362 239409 161362 865160 394118 103442 394118 879892
165720 239409 165720 865160 394118 103442 394118 879892
170223 239409 170223 865160 394118 103442 394118 879892
199815 239409 199815 865160 394118 103442 394118 879892
215466 239409 215466 865160 394118 103442 394118 879892
217552 239409 217552 865160 394118 103442 394118 879892
284178 239409 284178 865160 394118 103442 394118 879892
302084 239409 302084 865160 394118 103442 394118 879892
303832 239409 303832 865160 394118 103442 394118 879892
307145 239409 307145 865160 394118 103442 394118 879892
309199 239409 309199 865160 394118 103442 394118 879892
309295 239409 309295 865160 394118 103442 394118 879892
316790 239409 316790 865160 394118 103442 394118 879892
336547 239409 336547 865160 394118 103442 394118 879892
336554 239409 336554 865160 394118 103442 394118 879892
337280 239409 337280 865160 394118 103442 394118 879892
337992 239409 337992 865160 394118 103442 394118 879892
343301 239409 343301 865160 394118 103442 394118 879892
344462 239409 344462 865160 394118 103442 394118 879892
345914 239409 345914 865160 394118 103442 394118 879892
355220 239409 355220 865160 394118 103442 394118 879892
356305 239409 356305 865160 394118 103442 394118 879892
360140 239409 360140 865160 394118 103442 394118 879892
360649 239409 360649 865160 394118 103442 394118 879892
361914 239409 361914 865160 394118 103442 394118 879892
365986 239409 365986 865160 394118 103442 394118 879892
369742 239409 369742 865160 394118 103442 394118 879892
374125 239409 374125 865160 394118 103442 394118 879892
384901 239409 384901 865160 394118 103442 394118 879892
387587 239409 387587 865160 394118 103442 394118 879892
390844 239409 390844 865160 394118 103442 394118 879892
393009 239409 393009 865160 394118 103442 394118 879892
393944 239409 393944 865160 394118 103442 394118 879892
394026 239409 394026 865160 394118 103442 394118 879892
397357 239409 397357 865160 394118 103442 394118 879892
404262 239409 404262 865160 394118 103442 394118 879892
407718 239409 407718 865160 394118 103442 394118 879892
412090 239409 412090 865160 394118 103442 394118 879892
414064 239409 414064 865160 394118 103442 394118 879892
416818 239409 416818 865160 394118 103442 394118 879892
416818 239409 416818 865160 423263 103442 423263 879892
416818 239409 416818 865160 425443 103442 425443 879892
416818 239409 416818 865160 426702 103442 426702 879892
427711 239409 427711 865160 426702 103442 426702 879892
431860 239409 431860 865160 426702 103442 426702 879892
433133 239409 433133 865160 426702 103442 426702 879892
433133 239409 433133 865160 436813 103442 436813 879892
439274 239409 439274 865160 436813 103442 436813 879892
441467 239409 441467 865160 436813 103442 436813 879892
441480 239409 441480 865160 436813 103442 436813 879892
453480 239409 453480 865160 436813 103442 436813 879892
453480 239409 453480 865160 474386 103442 474386 879892
474580 239409 474580 865160 474386 103442 474386 879892
475174 239409 475174 865160 474386 103442 474386 879892
476903 239409 476903 865160 474386 103442 474386 879892
478694 239409 478694 865160 474386 103442 474386 879892
480612 239409 480612 865160 474386 103442 474386 879892
482509 239409 482509 865160 474386 103442 474386 879892
482509 239409 482509 865160 482965 103442 482965 879892
483562 239409 483562 865160 482965 103442 482965 879892
484500 239409 484500 865160 482965 103442 482965 879892
486439 239409 486439 865160 482965 103442 482965 879892
489332 239409 489332 865160 482965 103442 482965 879892
491485 239409 491485 865160 482965 103442 482965 879892
491998 239409 491998 865160 482965 103442 482965 879892
493698 239409 493698 865160 482965 103442 482965 879892
496285 239409 496285 865160 482965 103442 482965 879892
496885 239409 496885 865160 482965 103442 482965 879892
497830 239409 497830 865160 482965 103442 482965 879892
497830 239409 497830 865160 501222 103442 501222 879892
502019 239409 502019 865160 501222 103442 501222 879892
502019 239409 502019 865160 504582 103442 504582 879892
502019 239409 502019 865160 522099 103442 522099 879892
502019 239409 502019 865160 522535 103442 522535 879892
502019 239409 502019 865160 530636 103442 530636 879892
502019 239409 502019 865160 534523 103442 534523 879892
502019 239409 502019 865160 540163 103442 540163 879892
542166 239409 542166 865160 540163 103442 540163 879892
542166 239409 542166 865160 548600 103442 548600 879892
542166 239409 542166 865160 551631 103442 551631 879892
542166 239409 542166 865160 554176 103442 554176 879892
554872 239409 554872 865160 554176 103442 554176 879892
554872 239409 554872 865160 555834 103442 555834 879892
554872 239409 554872 865160 557952 103442 557952 879892
557997 239409 557997 865160 557952 103442 557952 879892
557997 239409 557997 865160 559677 103442 559677 879892
557997 239409 557997 865160 560586 103442 560586 879892
557997 239409 557997 865160 562424 103442 562424 879892
557997 239409 557997 865160 563205 103442 563205 879892
557997 239409 557997 865160 563907 103442 563907 879892
557997 239409 557997 865160 566167 103442 566167 879892
567690 239409 567690 865160 566167 103442 566167 879892
567690 239409 567690 865160 569940 103442 569940 879892
567690 239409 567690 865160 579027 103442 579027 879892
567690 239409 567690 865160 580495 103442 580495 879892
567690 239409 567690 865160 584454 103442 584454 879892
584673 239409 584673 865160 584454 103442 584454 879892
584991 239409 584991 865160 584454 103442 584454 879892
589205 239409 589205 865160 584454 103442 584454 879892
589205 239409 589205 865160 589642 103442 589642 879892
589205 239409 589205 865160 590278 103442 590278 879892
589205 239409 589205 865160 591642 103442 591642 879892
589205 239409 589205 865160 595921 103442 595921 879892
589205 239409 589205 865160 595948 103442 595948 879892
589205 239409 589205 865160 599099 103442 599099 879892
599124 239409 599124 865160 599099 103442 599099 879892
599124 239409 599124 865160 599915 103442 599915 879892
602225 239409 602225 865160 599915 103442 599915 879892
602225 239409 602225 865160 603160 103442 603160 879892
602225 239409 602225 865160 605788 103442 605788 879892
602225 239409 602225 865160 607321 103442 607321 879892
602225 239409 602225 865160 608922 103442 608922 879892
610189 239409 610189 865160 608922 103442 608922 879892
610189 239409 610189 865160 610549 103442 610549 879892
610189 239409 610189 865160 613016 103442 613016 879892
610189 239409 610189 865160 615303 103442 615303 879892
610189 239409 610189 865160 617906 103442 617906 879892
610189 239409 610189 865160 623510 103442 623510 879892
610189 239409 610189 865160 628374 103442 628374 879892
629488 239409 629488 865160 628374 103442 628374 879892
629488 239409 629488 865160 629577 103442 629577 879892
630270 239409 630270 865160 629577 103442 629577 879892
630270 239409 630270 865160 633627 103442 633627 879892
634436 239409 634436 865160 633627 103442 633627 879892
636422 239409 636422 865160 633627 103442 633627 879892
636422 239409 636422 865160 638975 103442 638975 879892
636422 239409 636422 865160 640941 103442 640941 879892
636422 239409 636422 865160 642237 103442 642237 879892
636422 239409 636422 865160 645154 103442 645154 879892
636422 239409 636422 865160 647135 103442 647135 879892
636422 239409 636422 865160 648454 103442 648454 879892
651140 239409 651140 865160 648454 103442 648454 879892
653135 239409 653135 865160 648454 103442 648454 879892
653268 239409 653268 865160 648454 103442 648454 879892
659518 239409 659518 865160 648454 103442 648454 879892
659518 239409 659518 865160 660205 103442 660205 879892
661040 239409 661040 865160 660205 103442 660205 879892
667777 239409 667777 865160 660205 103442 660205 879892
670795 239409 670795 865160 660205 103442 660205 879892
670795 239409 670795 865160 683687 103442 683687 879892
686179 239409 686179 865160 683687 103442 683687 879892
687811 239409 687811 865160 683687 103442 683687 879892
687811 239409 687811 865160 691356 103442 691356 879892
687811 239409 687811 865160 691539 103442 691539 879892
694552 239409 694552 865160 691539 103442 691539 879892
694809 239409 694809 865160 691539 103442 691539 879892
694809 239409 694809 865160 696797 103442 696797 879892
694809 239409 694809 865160 697403 103442 697403 879892
694809 239409 694809 865160 698258 103442 698258 879892
694809 239409 694809 865160 698262 103442 698262 879892
694809 239409 694809 865160 702123 103442 702123 879892
704776 239409 704776 865160 702123 103442 702123 879892
704776 239409 704776 865160 708943 103442 708943 879892
704776 239409 704776 865160 711524 103442 711524 879892
704776 239409 704776 865160 711864 103442 711864 879892
714127 239409 714127 865160 711864 103442 711864 879892
714127 239409 714127 865160 719441 103442 719441 879892
736377 239409 736377 865160 719441 103442 719441 879892
736377 239409 736377 865160 742331 103442 742331 879892
736377 239409 736377 865160 743381 103442 743381 879892
736377 239409 736377 865160 748051 103442 748051 879892
736377 239409 736377 865160 750046 103442 750046 879892
736377 239409 736377 865160 751686 103442 751686 879892
755028 239409 755028 865160 751686 103442 751686 879892
755028 239409 755028 865160 755326 103442 755326 879892
755028 239409 755028 865160 757284 103442 757284 879892
755028 239409 755028 865160 759401 103442 759401 879892
762868 239409 762868 865160 759401 103442 759401 879892
762868 239409 762868 865160 763522 103442 763522 879892
762868 239409 762868 865160 765489 103442 765489 879892
767887 239409 767887 865160 765489 103442 765489 879892
767887 239409 767887 865160 771152 103442 771152 879892
767887 239409 767887 865160 772467 103442 772467 879892
767887 239409 767887 865160 776331 103442 776331 879892
767887 239409 767887 865160 778342 103442 778342 879892
767887 239409 767887 865160 779298 103442 779298 879892
767887 239409 767887 865160 785449 103442 785449 879892
767887 239409 767887 865160 787279 103442 787279 879892
767887 239409 767887 865160 788794 103442 788794 879892
767887 239409 767887 865160 791506 103442 791506 879892
767887 239409 767887 865160 793865 103442 793865 879892
767887 239409 767887 865160 794723 103442 794723 879892
767887 239409 767887 865160 797815 103442 797815 879892
767887 239409 767887 865160 798926 103442 798926 879892
767887 239409 767887 865160 802008 103442 802008 879892
767887 239409 767887 865160 806147 103442 806147 879892
807484 239409 807484 865160 806147 103442 806147 879892
807484 239409 807484 865160 811799 103442 811799 879892
807484 239409 807484 865160 813013 103442 813013 879892
807484 239409 807484 865160 813765 103442 813765 879892
807484 239409 807484 865160 816039 103442 816039 879892
807484 239409 807484 865160 823475 103442 823475 879892
807484 239409 807484 865160 831053 103442 831053 879892
807484 239409 807484 865160 832571 103442 832571 879892
807484 239409 807484 865160 904230 103442 904230 879892
