129970 51474 129970 938227 203948 207530 203948 807823
129970 51474 129970 938227 203948 207530 203948 807823
143404 51474 143404 938227 203948 207530 203948 807823
156527 51474 156527 938227 203948 207530 203948 807823
174483 51474 174483 938227 203948 207530 203948 807823
185206 51474 185206 938227 203948 207530 203948 807823
188220 51474 188220 938227 203948 207530 203948 807823
208891 51474 208891 938227 203948 207530 203948 807823
210913 51474 210913 938227 203948 207530 203948 807823
211380 51474 211380 938227 203948 207530 203948 807823
218103 51474 218103 938227 203948 207530 203948 807823
218103 51474 218103 938227 219465 207530 219465 807823
221413 51474 221413 938227 219465 207530 219465 807823
223225 51474 223225 938227 219465 207530 219465 807823
224659 51474 224659 938227 219465 207530 219465 807823
228176 51474 228176 938227 219465 207530 219465 807823
233638 51474 233638 938227 219465 207530 219465 807823
268381 51474 268381 938227 219465 207530 219465 807823
270431 51474 270431 938227 219465 207530 219465 807823
271067 51474 271067 938227 219465 207530 219465 807823
272933 51474 272933 938227 219465 207530 219465 807823
272982 51474 272982 938227 219465 207530 219465 807823
272982 51474 272982 938227 274521 207530 274521 807823
276904 51474 276904 938227 274521 207530 274521 807823
283405 51474 283405 938227 274521 207530 274521 807823
284341 51474 284341 938227 274521 207530 274521 807823
285834 51474 285834 938227 274521 207530 274521 807823
285834 51474 285834 938227 288635 207530 288635 807823
289784 51474 289784 938227 288635 207530 288635 807823
296308 51474 296308 938227 288635 207530 288635 807823
298933 51474 298933 938227 288635 207530 288635 807823
303909 51474 303909 938227 288635 207530 288635 807823
303909 51474 303909 938227 303955 207530 303955 807823
306944 51474 306944 938227 303955 207530 303955 807823
306944 51474 306944 938227 310258 207530 310258 807823
323814 51474 323814 938227 310258 207530 310258 807823
323814 51474 323814 938227 325814 207530 325814 807823
323814 51474 323814 938227 326402 207530 326402 807823
323814 51474 323814 938227 328573 207530 328573 807823
331548 51474 331548 938227 328573 207530 328573 807823
331548 51474 331548 938227 331821 207530 331821 807823
332177 51474 332177 938227 331821 207530 331821 807823
332177 51474 332177 938227 338499 207530 338499 807823
332177 51474 332177 938227 342159 207530 342159 807823
343847 51474 343847 938227 342159 207530 342159 807823
343847 51474 343847 938227 346152 207530 346152 807823
354969 51474 354969 938227 346152 207530 346152 807823
354969 51474 354969 938227 355807 207530 355807 807823
354969 51474 354969 938227 369442 207530 369442 807823
390744 51474 390744 938227 369442 207530 369442 807823
390744 51474 390744 938227 397181 207530 397181 807823
390744 51474 390744 938227 399827 207530 399827 807823
390744 51474 390744 938227 403207 207530 403207 807823
390744 51474 390744 938227 409972 207530 409972 807823
390744 51474 390744 938227 417700 207530 417700 807823
390744 51474 390744 938227 461239 207530 461239 807823
390744 51474 390744 938227 471273 207530 471273 807823
390744 51474 390744 938227 476438 207530 476438 807823
478593 51474 478593 938227 476438 207530 476438 807823
484531 51474 484531 938227 476438 207530 476438 807823
497466 51474 497466 938227 476438 207530 476438 807823
503360 51474 503360 938227 476438 207530 476438 807823
504857 51474 504857 938227 476438 207530 476438 807823
506066 51474 506066 938227 476438 207530 476438 807823
509130 51474 509130 938227 476438 207530 476438 807823
509967 51474 509967 938227 476438 207530 476438 807823
513270 51474 513270 938227 476438 207530 476438 807823
513686 51474 513686 938227 476438 207530 476438 807823
516139 51474 516139 938227 476438 207530 476438 807823
516139 51474 516139 938227 516823 207530 516823 807823
520294 51474 520294 938227 516823 207530 516823 807823
520584 51474 520584 938227 516823 207530 516823 807823
524592 51474 524592 938227 516823 207530 516823 807823
529377 51474 529377 938227 516823 207530 516823 807823
529424 51474 529424 938227 516823 207530 516823 807823
530877 51474 530877 938227 516823 207530 516823 807823
530877 51474 530877 938227 539887 207530 539887 807823
542230 51474 542230 938227 539887 207530 539887 807823
542230 51474 542230 938227 545425 207530 545425 807823
547616 51474 547616 938227 545425 207530 545425 807823
547843 51474 547843 938227 545425 207530 545425 807823
548890 51474 548890 938227 545425 207530 545425 807823
550304 51474 550304 938227 545425 207530 545425 807823
553525 51474 553525 938227 545425 207530 545425 807823
559115 51474 559115 938227 545425 207530 545425 807823
559115 51474 559115 938227 563653 207530 563653 807823
564664 51474 564664 938227 563653 207530 563653 807823
565070 51474 565070 938227 563653 207530 563653 807823
566098 51474 566098 938227 563653 207530 563653 807823
567229 51474 567229 938227 563653 207530 563653 807823
568269 51474 568269 938227 563653 207530 563653 807823
570955 51474 570955 938227 563653 207530 563653 807823
571925 51474 571925 938227 563653 207530 563653 807823
573180 51474 573180 938227 563653 207530 563653 807823
574639 51474 574639 938227 563653 207530 563653 807823
577322 51474 577322 938227 563653 207530 563653 807823
577322 51474 577322 938227 580738 207530 580738 807823
586208 51474 586208 938227 580738 207530 580738 807823
586208 51474 586208 938227 587451 207530 587451 807823
592668 51474 592668 938227 587451 207530 587451 807823
592668 51474 592668 938227 593602 207530 593602 807823
592668 51474 592668 938227 595040 207530 595040 807823
592668 51474 592668 938227 595471 207530 595471 807823
592668 51474 592668 938227 597731 207530 597731 807823
592668 51474 592668 938227 598116 207530 598116 807823
603844 51474 603844 938227 598116 207530 598116 807823
603850 51474 603850 938227 598116 207530 598116 807823
605593 51474 605593 938227 598116 207530 598116 807823
605645 51474 605645 938227 598116 207530 598116 807823
605908 51474 605908 938227 598116 207530 598116 807823
610402 51474 610402 938227 598116 207530 598116 807823
610716 51474 610716 938227 598116 207530 598116 807823
610716 51474 610716 938227 611648 207530 611648 807823
610716 51474 610716 938227 612254 207530 612254 807823
610716 51474 610716 938227 613119 207530 613119 807823
610716 51474 610716 938227 613263 207530 613263 807823
610716 51474 610716 938227 617696 207530 617696 807823
610716 51474 610716 938227 617783 207530 617783 807823
610716 51474 610716 938227 617789 207530 617789 807823
610716 51474 610716 938227 618419 207530 618419 807823
610716 51474 610716 938227 627001 207530 627001 807823
627287 51474 627287 938227 627001 207530 627001 807823
628139 51474 628139 938227 627001 207530 627001 807823
628691 51474 628691 938227 627001 207530 627001 807823
628691 51474 628691 938227 632107 207530 632107 807823
632614 51474 632614 938227 632107 207530 632107 807823
632614 51474 632614 938227 633455 207530 633455 807823
632614 51474 632614 938227 634226 207530 634226 807823
634905 51474 634905 938227 634226 207530 634226 807823
635648 51474 635648 938227 634226 207530 634226 807823
635648 51474 635648 938227 637478 207530 637478 807823
637619 51474 637619 938227 637478 207530 637478 807823
637619 51474 637619 938227 640336 207530 640336 807823
637619 51474 637619 938227 641037 207530 641037 807823
637619 51474 637619 938227 641610 207530 641610 807823
637619 51474 637619 938227 642259 207530 642259 807823
642474 51474 642474 938227 642259 207530 642259 807823
642474 51474 642474 938227 646174 207530 646174 807823
642474 51474 642474 938227 646543 207530 646543 807823
646685 51474 646685 938227 646543 207530 646543 807823
646685 51474 646685 938227 648965 207530 648965 807823
652968 51474 652968 938227 648965 207530 648965 807823
652968 51474 652968 938227 653664 207530 653664 807823
652968 51474 652968 938227 657862 207530 657862 807823
652968 51474 652968 938227 657941 207530 657941 807823
652968 51474 652968 938227 659628 207530 659628 807823
652968 51474 652968 938227 660288 207530 660288 807823
652968 51474 652968 938227 662565 207530 662565 807823
652968 51474 652968 938227 662793 207530 662793 807823
664237 51474 664237 938227 662793 207530 662793 807823
664237 51474 664237 938227 671295 207530 671295 807823
673563 51474 673563 938227 671295 207530 671295 807823
674137 51474 674137 938227 671295 207530 671295 807823
674137 51474 674137 938227 677947 207530 677947 807823
674137 51474 674137 938227 678942 207530 678942 807823
674137 51474 674137 938227 679720 207530 679720 807823
674137 51474 674137 938227 681312 207530 681312 807823
674137 51474 674137 938227 683094 207530 683094 807823
674137 51474 674137 938227 691015 207530 691015 807823
674137 51474 674137 938227 691901 207530 691901 807823
674137 51474 674137 938227 694439 207530 694439 807823
674137 51474 674137 938227 694889 207530 694889 807823
674137 51474 674137 938227 696198 207530 696198 807823
697108 51474 697108 938227 696198 207530 696198 807823
703877 51474 703877 938227 696198 207530 696198 807823
703877 51474 703877 938227 711299 207530 711299 807823
711738 51474 711738 938227 711299 207530 711299 807823
712381 51474 712381 938227 711299 207530 711299 807823
712381 51474 712381 938227 713117 207530 713117 807823
712381 51474 712381 938227 714874 207530 714874 807823
712381 51474 712381 938227 715617 207530 715617 807823
719304 51474 719304 938227 715617 207530 715617 807823
719304 51474 719304 938227 721506 207530 721506 807823
719304 51474 719304 938227 726022 207530 726022 807823
726528 51474 726528 938227 726022 207530 726022 807823
726528 51474 726528 938227 728473 207530 728473 807823
726528 51474 726528 938227 731111 207530 731111 807823
738964 51474 738964 938227 731111 207530 731111 807823
748120 51474 748120 938227 731111 207530 731111 807823
748120 51474 748120 938227 751595 207530 751595 807823
748120 51474 748120 938227 758630 207530 758630 807823
748120 51474 748120 938227 761629 207530 761629 807823
748120 51474 748120 938227 765986 207530 765986 807823
748120 51474 748120 938227 767448 207530 767448 807823
748120 51474 748120 938227 768454 207530 768454 807823
748120 51474 748120 938227 768457 207530 768457 807823
748120 51474 748120 938227 772700 207530 772700 807823
748120 51474 748120 938227 772946 207530 772946 807823
748120 51474 748120 938227 774822 207530 774822 807823
748120 51474 748120 938227 779236 207530 779236 807823
748120 51474 748120 938227 790692 207530 790692 807823
748120 51474 748120 938227 795026 207530 795026 807823
748120 51474 748120 938227 801922 207530 801922 807823
748120 51474 748120 938227 809057 207530 809057 807823
748120 51474 748120 938227 811602 207530 811602 807823
748120 51474 748120 938227 815168 207530 815168 807823
748120 51474 748120 938227 823793 207530 823793 807823
748120 51474 748120 938227 830626 207530 830626 807823
748120 51474 748120 938227 840652 207530 840652 807823
862168 51474 862168 938227 840652 207530 840652 807823
