198090 169049 198090 790209 108370 188140 108370 816981
198090 169049 198090 790209 108370 188140 108370 816981
198090 169049 198090 790209 122795 188140 122795 816981
198090 169049 198090 790209 143081 188140 143081 816981
198090 169049 198090 790209 153589 188140 153589 816981
198090 169049 198090 790209 184495 188140 184495 816981
198090 169049 198090 790209 191709 188140 191709 816981
198090 169049 198090 790209 200701 188140 200701 816981
198090 169049 198090 790209 202070 188140 202070 816981
198090 169049 198090 790209 203927 188140 203927 816981
198090 169049 198090 790209 205914 188140 205914 816981
198090 169049 198090 790209 208934 188140 208934 816981
198090 169049 198090 790209 212992 188140 212992 816981
198090 169049 198090 790209 213515 188140 213515 816981
198090 169049 198090 790209 214403 188140 214403 816981
217762 169049 217762 790209 214403 188140 214403 816981
217762 169049 217762 790209 223561 188140 223561 816981
225605 169049 225605 790209 223561 188140 223561 816981
226201 169049 226201 790209 223561 188140 223561 816981
226201 169049 226201 790209 229393 188140 229393 816981
230481 169049 230481 790209 229393 188140 229393 816981
230481 169049 230481 790209 232564 188140 232564 816981
230481 169049 230481 790209 232940 188140 232940 816981
230481 169049 230481 790209 233270 188140 233270 816981
236544 169049 236544 790209 233270 188140 233270 816981
236544 169049 236544 790209 237193 188140 237193 816981
240609 169049 240609 790209 237193 188140 237193 816981
241131 169049 241131 790209 237193 188140 237193 816981
243172 169049 243172 790209 237193 188140 237193 816981
244893 169049 244893 790209 237193 188140 237193 816981
244893 169049 244893 790209 245599 188140 245599 816981
246494 169049 246494 790209 245599 188140 245599 816981
246494 169049 246494 790209 248110 188140 248110 816981
250827 169049 250827 790209 248110 188140 248110 816981
255057 169049 255057 790209 248110 188140 248110 816981
255057 169049 255057 790209 256108 188140 256108 816981
258830 169049 258830 790209 256108 188140 256108 816981
259920 169049 259920 790209 256108 188140 256108 816981
261209 169049 261209 790209 256108 188140 256108 816981
261209 169049 261209 790209 262160 188140 262160 816981
262612 169049 262612 790209 262160 188140 262160 816981
264738 169049 264738 790209 262160 188140 262160 816981
264807 169049 264807 790209 262160 188140 262160 816981
265273 169049 265273 790209 262160 188140 262160 816981
268025 169049 268025 790209 262160 188140 262160 816981
272958 169049 272958 790209 262160 188140 262160 816981
273505 169049 273505 790209 262160 188140 262160 816981
286157 169049 286157 790209 262160 188140 262160 816981
286157 169049 286157 790209 286183 188140 286183 816981
286210 169049 286210 790209 286183 188140 286183 816981
286210 169049 286210 790209 288293 188140 288293 816981
286210 169049 286210 790209 288937 188140 288937 816981
290703 169049 290703 790209 288937 188140 288937 816981
290703 169049 290703 790209 292452 188140 292452 816981
290703 169049 290703 790209 295704 188140 295704 816981
290703 169049 290703 790209 296708 188140 296708 816981
297624 169049 297624 790209 296708 188140 296708 816981
299478 169049 299478 790209 296708 188140 296708 816981
300397 169049 300397 790209 296708 188140 296708 816981
300546 169049 300546 790209 296708 188140 296708 816981
300546 169049 300546 790209 301259 188140 301259 816981
300546 169049 300546 790209 301299 188140 301299 816981
302908 169049 302908 790209 301299 188140 301299 816981
302908 169049 302908 790209 302972 188140 302972 816981
302908 169049 302908 790209 305124 188140 305124 816981
308920 169049 308920 790209 305124 188140 305124 816981
308920 169049 308920 790209 309699 188140 309699 816981
309951 169049 309951 790209 309699 188140 309699 816981
311692 169049 311692 790209 309699 188140 309699 816981
311692 169049 311692 790209 317220 188140 317220 816981
311692 169049 311692 790209 325627 188140 325627 816981
311692 169049 311692 790209 333903 188140 333903 816981
340116 169049 340116 790209 333903 188140 333903 816981
340116 169049 340116 790209 351496 188140 351496 816981
340116 169049 340116 790209 356713 188140 356713 816981
340116 169049 340116 790209 363737 188140 363737 816981
340116 169049 340116 790209 365903 188140 365903 816981
375205 169049 375205 790209 365903 188140 365903 816981
381741 169049 381741 790209 365903 188140 365903 816981
390470 169049 390470 790209 365903 188140 365903 816981
395088 169049 395088 790209 365903 188140 365903 816981
395088 169049 395088 790209 399679 188140 399679 816981
401808 169049 401808 790209 399679 188140 399679 816981
413596 169049 413596 790209 399679 188140 399679 816981
413596 169049 413596 790209 414364 188140 414364 816981
416990 169049 416990 790209 414364 188140 414364 816981
420133 169049 420133 790209 414364 188140 414364 816981
421569 169049 421569 790209 414364 188140 414364 816981
431477 169049 431477 790209 414364 188140 414364 816981
438452 169049 438452 790209 414364 188140 414364 816981
440739 169049 440739 790209 414364 188140 414364 816981
440739 169049 440739 790209 441908 188140 441908 816981
440739 169049 440739 790209 441925 188140 441925 816981
442115 169049 442115 790209 441925 188140 441925 816981
442673 169049 442673 790209 441925 188140 441925 816981
442673 169049 442673 790209 442965 188140 442965 816981
442673 169049 442673 790209 445570 188140 445570 816981
447703 169049 447703 790209 445570 188140 445570 816981
448489 169049 448489 790209 445570 188140 445570 816981
451650 169049 451650 790209 445570 188140 445570 816981
451650 169049 451650 790209 453834 188140 453834 816981
451650 169049 451650 790209 455695 188140 455695 816981
457806 169049 457806 790209 455695 188140 455695 816981
461142 169049 461142 790209 455695 188140 455695 816981
461142 169049 461142 790209 462019 188140 462019 816981
478477 169049 478477 790209 462019 188140 462019 816981
482877 169049 482877 790209 462019 188140 462019 816981
486576 169049 486576 790209 462019 188140 462019 816981
486700 169049 486700 790209 462019 188140 462019 816981
489545 169049 489545 790209 462019 188140 462019 816981
489545 169049 489545 790209 493102 188140 493102 816981
494903 169049 494903 790209 493102 188140 493102 816981
497867 169049 497867 790209 493102 188140 493102 816981
499639 169049 499639 790209 493102 188140 493102 816981
500113 169049 500113 790209 493102 188140 493102 816981
506156 169049 506156 790209 493102 188140 493102 816981
506156 169049 506156 790209 509029 188140 509029 816981
511522 169049 511522 790209 509029 188140 509029 816981
511522 169049 511522 790209 519724 188140 519724 816981
511522 169049 511522 790209 523437 188140 523437 816981
511522 169049 511522 790209 523638 188140 523638 816981
527840 169049 527840 790209 523638 188140 523638 816981
533109 169049 533109 790209 523638 188140 523638 816981
543769 169049 543769 790209 523638 188140 523638 816981
543929 169049 543929 790209 523638 188140 523638 816981
543929 169049 543929 790209 545200 188140 545200 816981
548687 169049 548687 790209 545200 188140 545200 816981
553027 169049 553027 790209 545200 188140 545200 816981
557932 169049 557932 790209 545200 188140 545200 816981
557932 169049 557932 790209 558591 188140 558591 816981
562548 169049 562548 790209 558591 188140 558591 816981
564411 169049 564411 790209 558591 188140 558591 816981
565450 169049 565450 790209 558591 188140 558591 816981
566167 169049 566167 790209 558591 188140 558591 816981
566632 169049 566632 790209 558591 188140 558591 816981
577257 169049 577257 790209 558591 188140 558591 816981
577257 169049 577257 790209 584717 188140 584717 816981
577257 169049 577257 790209 584760 188140 584760 816981
585957 169049 585957 790209 584760 188140 584760 816981
592366 169049 592366 790209 584760 188140 584760 816981
593948 169049 593948 790209 584760 188140 584760 816981
597373 169049 597373 790209 584760 188140 584760 816981
597373 169049 597373 790209 599237 188140 599237 816981
597373 169049 597373 790209 610409 188140 610409 816981
617144 169049 617144 790209 610409 188140 610409 816981
620056 169049 620056 790209 610409 188140 610409 816981
620493 169049 620493 790209 610409 188140 610409 816981
620493 169049 620493 790209 621523 188140 621523 816981
637216 169049 637216 790209 621523 188140 621523 816981
637216 169049 637216 790209 642251 188140 642251 816981
642857 169049 642857 790209 642251 188140 642251 816981
657763 169049 657763 790209 642251 188140 642251 816981
659199 169049 659199 790209 642251 188140 642251 816981
659199 169049 659199 790209 662044 188140 662044 816981
659199 169049 659199 790209 664796 188140 664796 816981
659199 169049 659199 790209 666244 188140 666244 816981
659199 169049 659199 790209 666820 188140 666820 816981
667480 169049 667480 790209 666820 188140 666820 816981
667480 169049 667480 790209 668920 188140 668920 816981
667480 169049 667480 790209 669206 188140 669206 816981
667480 169049 667480 790209 671924 188140 671924 816981
667480 169049 667480 790209 681162 188140 681162 816981
667480 169049 667480 790209 683512 188140 683512 816981
667480 169049 667480 790209 684173 188140 684173 816981
667480 169049 667480 790209 689525 188140 689525 816981
667480 169049 667480 790209 691103 188140 691103 816981
667480 169049 667480 790209 694936 188140 694936 816981
667480 169049 667480 790209 695678 188140 695678 816981
667480 169049 667480 790209 697299 188140 697299 816981
667480 169049 667480 790209 705277 188140 705277 816981
667480 169049 667480 790209 707295 188140 707295 816981
667480 169049 667480 790209 708148 188140 708148 816981
708157 169049 708157 790209 708148 188140 708148 816981
708157 169049 708157 790209 712214 188140 712214 816981
713591 169049 713591 790209 712214 188140 712214 816981
714319 169049 714319 790209 712214 188140 712214 816981
716342 169049 716342 790209 712214 188140 712214 816981
716342 169049 716342 790209 723903 188140 723903 816981
726518 169049 726518 790209 723903 188140 723903 816981
726518 169049 726518 790209 728536 188140 728536 816981
726518 169049 726518 790209 735152 188140 735152 816981
726518 169049 726518 790209 750410 188140 750410 816981
754600 169049 754600 790209 750410 188140 750410 816981
754600 169049 754600 790209 757122 188140 757122 816981
754600 169049 754600 790209 779721 188140 779721 816981
754600 169049 754600 790209 782268 188140 782268 816981
754600 169049 754600 790209 784210 188140 784210 816981
754600 169049 754600 790209 784279 188140 784279 816981
754600 169049 754600 790209 787336 188140 787336 816981
754600 169049 754600 790209 791220 188140 791220 816981
754600 169049 754600 790209 799918 188140 799918 816981
808063 169049 808063 790209 799918 188140 799918 816981
810072 169049 810072 790209 799918 188140 799918 816981
810072 169049 810072 790209 816870 188140 816870 816981
810072 169049 810072 790209 835410 188140 835410 816981
810072 169049 810072 790209 841168 188140 841168 816981
810072 169049 810072 790209 858710 188140 858710 816981
861193 169049 861193 790209 858710 188140 858710 816981
866409 169049 866409 790209 858710 188140 858710 816981
866409 169049 866409 790209 867621 188140 867621 816981
