252861 58468 252861 864337 202781 277564 202781 929495
252861 58468 252861 864337 202781 277564 202781 929495
252861 58468 252861 864337 211669 277564 211669 929495
252861 58468 252861 864337 229605 277564 229605 929495
252861 58468 252861 864337 235071 277564 235071 929495
252861 58468 252861 864337 263461 277564 263461 929495
285119 58468 285119 864337 263461 277564 263461 929495
285119 58468 285119 864337 288828 277564 288828 929495
285119 58468 285119 864337 290401 277564 290401 929495
295084 58468 295084 864337 290401 277564 290401 929495
295084 58468 295084 864337 295150 277564 295150 929495
295084 58468 295084 864337 295915 277564 295915 929495
295084 58468 295084 864337 298336 277564 298336 929495
298468 58468 298468 864337 298336 277564 298336 929495
301334 58468 301334 864337 298336 277564 298336 929495
301334 58468 301334 864337 305666 277564 305666 929495
301334 58468 301334 864337 308795 277564 308795 929495
301334 58468 301334 864337 309482 277564 309482 929495
301334 58468 301334 864337 310258 277564 310258 929495
301334 58468 301334 864337 310682 277564 310682 929495
301334 58468 301334 864337 310861 277564 310861 929495
301334 58468 301334 864337 315677 277564 315677 929495
301334 58468 301334 864337 317043 277564 317043 929495
301334 58468 301334 864337 318728 277564 318728 929495
301334 58468 301334 864337 326514 277564 326514 929495
301334 58468 301334 864337 327110 277564 327110 929495
330167 58468 330167 864337 327110 277564 327110 929495
330167 58468 330167 864337 330760 277564 330760 929495
330167 58468 330167 864337 334692 277564 334692 929495
330167 58468 330167 864337 336437 277564 336437 929495
330167 58468 330167 864337 342470 277564 342470 929495
344163 58468 344163 864337 342470 277564 342470 929495
344163 58468 344163 864337 346386 277564 346386 929495
344163 58468 344163 864337 348261 277564 348261 929495
350151 58468 350151 864337 348261 277564 348261 929495
350151 58468 350151 864337 350384 277564 350384 929495
350760 58468 350760 864337 350384 277564 350384 929495
350760 58468 350760 864337 355126 277564 355126 929495
358636 58468 358636 864337 355126 277564 355126 929495
370567 58468 370567 864337 355126 277564 355126 929495
370567 58468 370567 864337 371515 277564 371515 929495
377730 58468 377730 864337 371515 277564 371515 929495
380777 58468 380777 864337 371515 277564 371515 929495
380777 58468 380777 864337 382861 277564 382861 929495
383240 58468 383240 864337 382861 277564 382861 929495
383240 58468 383240 864337 385192 277564 385192 929495
397786 58468 397786 864337 385192 277564 385192 929495
397786 58468 397786 864337 401336 277564 401336 929495
397786 58468 397786 864337 405180 277564 405180 929495
397786 58468 397786 864337 406989 277564 406989 929495
411771 58468 411771 864337 406989 277564 406989 929495
411771 58468 411771 864337 412216 277564 412216 929495
411771 58468 411771 864337 421226 277564 421226 929495
411771 58468 411771 864337 421339 277564 421339 929495
411771 58468 411771 864337 422638 277564 422638 929495
424859 58468 424859 864337 422638 277564 422638 929495
424859 58468 424859 864337 425949 277564 425949 929495
428256 58468 428256 864337 425949 277564 425949 929495
429911 58468 429911 864337 425949 277564 425949 929495
429911 58468 429911 864337 431698 277564 431698 929495
431886 58468 431886 864337 431698 277564 431698 929495
431886 58468 431886 864337 431962 277564 431962 929495
432217 58468 432217 864337 431962 277564 431962 929495
432665 58468 432665 864337 431962 277564 431962 929495
432665 58468 432665 864337 435541 277564 435541 929495
432665 58468 432665 864337 435731 277564 435731 929495
437924 58468 437924 864337 435731 277564 435731 929495
437924 58468 437924 864337 442335 277564 442335 929495
437924 58468 437924 864337 443203 277564 443203 929495
437924 58468 437924 864337 445036 277564 445036 929495
437924 58468 437924 864337 446384 277564 446384 929495
437924 58468 437924 864337 447092 277564 447092 929495
449257 58468 449257 864337 447092 277564 447092 929495
449257 58468 449257 864337 459414 277564 459414 929495
460721 58468 460721 864337 459414 277564 459414 929495
460721 58468 460721 864337 461322 277564 461322 929495
462349 58468 462349 864337 461322 277564 461322 929495
462349 58468 462349 864337 469693 277564 469693 929495
462349 58468 462349 864337 470564 277564 470564 929495
472410 58468 472410 864337 470564 277564 470564 929495
472410 58468 472410 864337 474374 277564 474374 929495
472410 58468 472410 864337 486623 277564 486623 929495
472410 58468 472410 864337 488435 277564 488435 929495
472410 58468 472410 864337 495565 277564 495565 929495
496185 58468 496185 864337 495565 277564 495565 929495
502393 58468 502393 864337 495565 277564 495565 929495
502393 58468 502393 864337 507773 277564 507773 929495
511508 58468 511508 864337 507773 277564 507773 929495
512913 58468 512913 864337 507773 277564 507773 929495
513084 58468 513084 864337 507773 277564 507773 929495
513096 58468 513096 864337 507773 277564 507773 929495
513144 58468 513144 864337 507773 277564 507773 929495
515780 58468 515780 864337 507773 277564 507773 929495
519774 58468 519774 864337 507773 277564 507773 929495
520914 58468 520914 864337 507773 277564 507773 929495
520914 58468 520914 864337 524381 277564 524381 929495
532321 58468 532321 864337 524381 277564 524381 929495
534357 58468 534357 864337 524381 277564 524381 929495
535861 58468 535861 864337 524381 277564 524381 929495
536425 58468 536425 864337 524381 277564 524381 929495
536425 58468 536425 864337 538276 277564 538276 929495
536425 58468 536425 864337 539859 277564 539859 929495
544786 58468 544786 864337 539859 277564 539859 929495
548337 58468 548337 864337 539859 277564 539859 929495
550532 58468 550532 864337 539859 277564 539859 929495
556446 58468 556446 864337 539859 277564 539859 929495
560247 58468 560247 864337 539859 277564 539859 929495
560247 58468 560247 864337 562909 277564 562909 929495
565338 58468 565338 864337 562909 277564 562909 929495
574664 58468 574664 864337 562909 277564 562909 929495
584939 58468 584939 864337 562909 277564 562909 929495
584939 58468 584939 864337 586991 277564 586991 929495
594194 58468 594194 864337 586991 277564 586991 929495
595137 58468 595137 864337 586991 277564 586991 929495
597262 58468 597262 864337 586991 277564 586991 929495
608473 58468 608473 864337 586991 277564 586991 929495
608473 58468 608473 864337 619531 277564 619531 929495
621763 58468 621763 864337 619531 277564 619531 929495
625520 58468 625520 864337 619531 277564 619531 929495
627022 58468 627022 864337 619531 277564 619531 929495
627022 58468 627022 864337 631370 277564 631370 929495
627022 58468 627022 864337 631529 277564 631529 929495
641804 58468 641804 864337 631529 277564 631529 929495
641890 58468 641890 864337 631529 277564 631529 929495
641890 58468 641890 864337 644625 277564 644625 929495
645105 58468 645105 864337 644625 277564 644625 929495
645105 58468 645105 864337 645696 277564 645696 929495
648362 58468 648362 864337 645696 277564 645696 929495
648362 58468 648362 864337 648487 277564 648487 929495
649153 58468 649153 864337 648487 277564 648487 929495
649153 58468 649153 864337 649794 277564 649794 929495
650939 58468 650939 864337 649794 277564 649794 929495
653252 58468 653252 864337 649794 277564 649794 929495
653252 58468 653252 864337 654194 277564 654194 929495
653252 58468 653252 864337 656905 277564 656905 929495
667896 58468 667896 864337 656905 277564 656905 929495
669509 58468 669509 864337 656905 277564 656905 929495
672012 58468 672012 864337 656905 277564 656905 929495
674004 58468 674004 864337 656905 277564 656905 929495
674004 58468 674004 864337 678901 277564 678901 929495
681407 58468 681407 864337 678901 277564 678901 929495
686311 58468 686311 864337 678901 277564 678901 929495
686311 58468 686311 864337 688006 277564 688006 929495
690038 58468 690038 864337 688006 277564 688006 929495
690467 58468 690467 864337 688006 277564 688006 929495
690467 58468 690467 864337 690722 277564 690722 929495
691605 58468 691605 864337 690722 277564 690722 929495
692515 58468 692515 864337 690722 277564 690722 929495
693791 58468 693791 864337 690722 277564 690722 929495
696214 58468 696214 864337 690722 277564 690722 929495
696368 58468 696368 864337 690722 277564 690722 929495
696368 58468 696368 864337 698812 277564 698812 929495
696368 58468 696368 864337 699031 277564 699031 929495
700748 58468 700748 864337 699031 277564 699031 929495
700748 58468 700748 864337 701136 277564 701136 929495
700748 58468 700748 864337 702524 277564 702524 929495
703406 58468 703406 864337 702524 277564 702524 929495
703406 58468 703406 864337 703435 277564 703435 929495
704576 58468 704576 864337 703435 277564 703435 929495
705451 58468 705451 864337 703435 277564 703435 929495
705451 58468 705451 864337 710334 277564 710334 929495
705451 58468 705451 864337 711358 277564 711358 929495
705451 58468 705451 864337 711360 277564 711360 929495
711690 58468 711690 864337 711360 277564 711360 929495
711690 58468 711690 864337 711774 277564 711774 929495
712153 58468 712153 864337 711774 277564 711774 929495
712153 58468 712153 864337 712487 277564 712487 929495
712153 58468 712153 864337 713950 277564 713950 929495
712153 58468 712153 864337 714860 277564 714860 929495
720060 58468 720060 864337 714860 277564 714860 929495
721519 58468 721519 864337 714860 277564 714860 929495
722242 58468 722242 864337 714860 277564 714860 929495
722242 58468 722242 864337 723049 277564 723049 929495
722242 58468 722242 864337 723213 277564 723213 929495
722242 58468 722242 864337 727285 277564 727285 929495
729818 58468 729818 864337 727285 277564 727285 929495
729841 58468 729841 864337 727285 277564 727285 929495
732225 58468 732225 864337 727285 277564 727285 929495
732225 58468 732225 864337 732247 277564 732247 929495
733958 58468 733958 864337 732247 277564 732247 929495
737802 58468 737802 864337 732247 277564 732247 929495
739610 58468 739610 864337 732247 277564 732247 929495
739757 58468 739757 864337 732247 277564 732247 929495
739757 58468 739757 864337 741004 277564 741004 929495
739757 58468 739757 864337 744476 277564 744476 929495
750121 58468 750121 864337 744476 277564 744476 929495
751479 58468 751479 864337 744476 277564 744476 929495
751479 58468 751479 864337 751738 277564 751738 929495
751479 58468 751479 864337 758378 277564 758378 929495
751479 58468 751479 864337 760114 277564 760114 929495
751479 58468 751479 864337 765294 277564 765294 929495
751479 58468 751479 864337 767249 277564 767249 929495
767909 58468 767909 864337 767249 277564 767249 929495
769385 58468 769385 864337 767249 277564 767249 929495
769385 58468 769385 864337 770320 277564 770320 929495
769385 58468 769385 864337 784175 277564 784175 929495
790413 58468 790413 864337 784175 277564 784175 929495
792572 58468 792572 864337 784175 277564 784175 929495
803203 58468 803203 864337 784175 277564 784175 929495
810180 58468 810180 864337 784175 277564 784175 929495
