187567 173448 187567 765600 158421 157965 158421 753343
187567 173448 187567 765600 158421 157965 158421 753343
187567 173448 187567 765600 164706 157965 164706 753343
187567 173448 187567 765600 167801 157965 167801 753343
187567 173448 187567 765600 168466 157965 168466 753343
187567 173448 187567 765600 173537 157965 173537 753343
187567 173448 187567 765600 185650 157965 185650 753343
187567 173448 187567 765600 187610 157965 187610 753343
187567 173448 187567 765600 191497 157965 191497 753343
193284 173448 193284 765600 191497 157965 191497 753343
199450 173448 199450 765600 191497 157965 191497 753343
199450 173448 199450 765600 209135 157965 209135 753343
199450 173448 199450 765600 213560 157965 213560 753343
199450 173448 199450 765600 214800 157965 214800 753343
215762 173448 215762 765600 214800 157965 214800 753343
215762 173448 215762 765600 220836 157965 220836 753343
226262 173448 226262 765600 220836 157965 220836 753343
226262 173448 226262 765600 226870 157965 226870 753343
226262 173448 226262 765600 228378 157965 228378 753343
226262 173448 226262 765600 233043 157965 233043 753343
235263 173448 235263 765600 233043 157965 233043 753343
235263 173448 235263 765600 236581 157965 236581 753343
241693 173448 241693 765600 236581 157965 236581 753343
243182 173448 243182 765600 236581 157965 236581 753343
267586 173448 267586 765600 236581 157965 236581 753343
293138 173448 293138 765600 236581 157965 236581 753343
293138 173448 293138 765600 293646 157965 293646 753343
306877 173448 306877 765600 293646 157965 293646 753343
306877 173448 306877 765600 307543 157965 307543 753343
308921 173448 308921 765600 307543 157965 307543 753343
308921 173448 308921 765600 314919 157965 314919 753343
308921 173448 308921 765600 319718 157965 319718 753343
332140 173448 332140 765600 319718 157965 319718 753343
335589 173448 335589 765600 319718 157965 319718 753343
336604 173448 336604 765600 319718 157965 319718 753343
336604 173448 336604 765600 337124 157965 337124 753343
336604 173448 336604 765600 354201 157965 354201 753343
355900 173448 355900 765600 354201 157965 354201 753343
355900 173448 355900 765600 372294 157965 372294 753343
355900 173448 355900 765600 377998 157965 377998 753343
388736 173448 388736 765600 377998 157965 377998 753343
388736 173448 388736 765600 400991 157965 400991 753343
388736 173448 388736 765600 402932 157965 402932 753343
388736 173448 388736 765600 405860 157965 405860 753343
388736 173448 388736 765600 406718 157965 406718 753343
388736 173448 388736 765600 410023 157965 410023 753343
388736 173448 388736 765600 416004 157965 416004 753343
388736 173448 388736 765600 422903 157965 422903 753343
388736 173448 388736 765600 437059 157965 437059 753343
447752 173448 447752 765600 437059 157965 437059 753343
447752 173448 447752 765600 462617 157965 462617 753343
447752 173448 447752 765600 464676 157965 464676 753343
447752 173448 447752 765600 465166 157965 465166 753343
466291 173448 466291 765600 465166 157965 465166 753343
466291 173448 466291 765600 469475 157965 469475 753343
475880 173448 475880 765600 469475 157965 469475 753343
492912 173448 492912 765600 469475 157965 469475 753343
495129 173448 495129 765600 469475 157965 469475 753343
495129 173448 495129 765600 501010 157965 501010 753343
495129 173448 495129 765600 504487 157965 504487 753343
515703 173448 515703 765600 504487 157965 504487 753343
515703 173448 515703 765600 520085 157965 520085 753343
521782 173448 521782 765600 520085 157965 520085 753343
521782 173448 521782 765600 522406 157965 522406 753343
523691 173448 523691 765600 522406 157965 522406 753343
524084 173448 524084 765600 522406 157965 522406 753343
524084 173448 524084 765600 525601 157965 525601 753343
525734 173448 525734 765600 525601 157965 525601 753343
532081 173448 532081 765600 525601 157965 525601 753343
532132 173448 532132 765600 525601 157965 525601 753343
532132 173448 532132 765600 537545 157965 537545 753343
539089 173448 539089 765600 537545 157965 537545 753343
539089 173448 539089 765600 539109 157965 539109 753343
539089 173448 539089 765600 541159 157965 541159 753343
539089 173448 539089 765600 543747 157965 543747 753343
548577 173448 548577 765600 543747 157965 543747 753343
548577 173448 548577 765600 549838 157965 549838 753343
548577 173448 548577 765600 550080 157965 550080 753343
548577 173448 548577 765600 550243 157965 550243 753343
550631 173448 550631 765600 550243 157965 550243 753343
550631 173448 550631 765600 551750 157965 551750 753343
550631 173448 550631 765600 558222 157965 558222 753343
560429 173448 560429 765600 558222 157965 558222 753343
560429 173448 560429 765600 562334 157965 562334 753343
563434 173448 563434 765600 562334 157965 562334 753343
565079 173448 565079 765600 562334 157965 562334 753343
565079 173448 565079 765600 565813 157965 565813 753343
565079 173448 565079 765600 567072 157965 567072 753343
567119 173448 567119 765600 567072 157965 567072 753343
567119 173448 567119 765600 568519 157965 568519 753343
567119 173448 567119 765600 570974 157965 570974 753343
571781 173448 571781 765600 570974 157965 570974 753343
572913 173448 572913 765600 570974 157965 570974 753343
572954 173448 572954 765600 570974 157965 570974 753343
572954 173448 572954 765600 574282 157965 574282 753343
578621 173448 578621 765600 574282 157965 574282 753343
579327 173448 579327 765600 574282 157965 574282 753343
579327 173448 579327 765600 579966 157965 579966 753343
580399 173448 580399 765600 579966 157965 579966 753343
580399 173448 580399 765600 582160 157965 582160 753343
583014 173448 583014 765600 582160 157965 582160 753343
583014 173448 583014 765600 583134 157965 583134 753343
585492 173448 585492 765600 583134 157965 583134 753343
585492 173448 585492 765600 588314 157965 588314 753343
585492 173448 585492 765600 588531 157965 588531 753343
585492 173448 585492 765600 591481 157965 591481 753343
593574 173448 593574 765600 591481 157965 591481 753343
593719 173448 593719 765600 591481 157965 591481 753343
594395 173448 594395 765600 591481 157965 591481 753343
594548 173448 594548 765600 591481 157965 591481 753343
599348 173448 599348 765600 591481 157965 591481 753343
600298 173448 600298 765600 591481 157965 591481 753343
600298 173448 600298 765600 603049 157965 603049 753343
600298 173448 600298 765600 603136 157965 603136 753343
603480 173448 603480 765600 603136 157965 603136 753343
604592 173448 604592 765600 603136 157965 603136 753343
606668 173448 606668 765600 603136 157965 603136 753343
607301 173448 607301 765600 603136 157965 603136 753343
608351 173448 608351 765600 603136 157965 603136 753343
608351 173448 608351 765600 609966 157965 609966 753343
608351 173448 608351 765600 610673 157965 610673 753343
612376 173448 612376 765600 610673 157965 610673 753343
614990 173448 614990 765600 610673 157965 610673 753343
616400 173448 616400 765600 610673 157965 610673 753343
617509 173448 617509 765600 610673 157965 610673 753343
617509 173448 617509 765600 618499 157965 618499 753343
619208 173448 619208 765600 618499 157965 618499 753343
621745 173448 621745 765600 618499 157965 618499 753343
622185 173448 622185 765600 618499 157965 618499 753343
622185 173448 622185 765600 623612 157965 623612 753343
622185 173448 622185 765600 624536 157965 624536 753343
626812 173448 626812 765600 624536 157965 624536 753343
626812 173448 626812 765600 629641 157965 629641 753343
633720 173448 633720 765600 629641 157965 629641 753343
633720 173448 633720 765600 633875 157965 633875 753343
634427 173448 634427 765600 633875 157965 633875 753343
634427 173448 634427 765600 638706 157965 638706 753343
641258 173448 641258 765600 638706 157965 638706 753343
649216 173448 649216 765600 638706 157965 638706 753343
651073 173448 651073 765600 638706 157965 638706 753343
651232 173448 651232 765600 638706 157965 638706 753343
652658 173448 652658 765600 638706 157965 638706 753343
654348 173448 654348 765600 638706 157965 638706 753343
654348 173448 654348 765600 657862 157965 657862 753343
654348 173448 654348 765600 663401 157965 663401 753343
666202 173448 666202 765600 663401 157965 663401 753343
666202 173448 666202 765600 670086 157965 670086 753343
666202 173448 666202 765600 671189 157965 671189 753343
674906 173448 674906 765600 671189 157965 671189 753343
676452 173448 676452 765600 671189 157965 671189 753343
679585 173448 679585 765600 671189 157965 671189 753343
680524 173448 680524 765600 671189 157965 671189 753343
681883 173448 681883 765600 671189 157965 671189 753343
681883 173448 681883 765600 690404 157965 690404 753343
681883 173448 681883 765600 691456 157965 691456 753343
681883 173448 681883 765600 701777 157965 701777 753343
701967 173448 701967 765600 701777 157965 701777 753343
702766 173448 702766 765600 701777 157965 701777 753343
705967 173448 705967 765600 701777 157965 701777 753343
707440 173448 707440 765600 701777 157965 701777 753343
708928 173448 708928 765600 701777 157965 701777 753343
711454 173448 711454 765600 701777 157965 701777 753343
711454 173448 711454 765600 718453 157965 718453 753343
711454 173448 711454 765600 721499 157965 721499 753343
711454 173448 711454 765600 721782 157965 721782 753343
711454 173448 711454 765600 722852 157965 722852 753343
725640 173448 725640 765600 722852 157965 722852 753343
725640 173448 725640 765600 726077 157965 726077 753343
725640 173448 725640 765600 729286 157965 729286 753343
731063 173448 731063 765600 729286 157965 729286 753343
731765 173448 731765 765600 729286 157965 729286 753343
731765 173448 731765 765600 736179 157965 736179 753343
731765 173448 731765 765600 738945 157965 738945 753343
740033 173448 740033 765600 738945 157965 738945 753343
740033 173448 740033 765600 741702 157965 741702 753343
740033 173448 740033 765600 743888 157965 743888 753343
740033 173448 740033 765600 744151 157965 744151 753343
740033 173448 740033 765600 749415 157965 749415 753343
740033 173448 740033 765600 754244 157965 754244 753343
758607 173448 758607 765600 754244 157965 754244 753343
759487 173448 759487 765600 754244 157965 754244 753343
760244 173448 760244 765600 754244 157965 754244 753343
760462 173448 760462 765600 754244 157965 754244 753343
760542 173448 760542 765600 754244 157965 754244 753343
760542 173448 760542 765600 764487 157965 764487 753343
760542 173448 760542 765600 769893 157965 769893 753343
778225 173448 778225 765600 769893 157965 769893 753343
781253 173448 781253 765600 769893 157965 769893 753343
781253 173448 781253 765600 785335 157965 785335 753343
785494 173448 785494 765600 785335 157965 785335 753343
787219 173448 787219 765600 785335 157965 785335 753343
801342 173448 801342 765600 785335 157965 785335 753343
804135 173448 804135 765600 785335 157965 785335 753343
804135 173448 804135 765600 804433 157965 804433 753343
804135 173448 804135 765600 805258 157965 805258 753343
806633 173448 806633 765600 805258 157965 805258 753343
806633 173448 806633 765600 807970 157965 807970 753343
806633 173448 806633 765600 812502 157965 812502 753343
823763 173448 823763 765600 812502 157965 812502 753343
823763 173448 823763 765600 825337 157965 825337 753343
