191028 239839 191028 840093 89881 285553 89881 686490
191028 239839 191028 840093 89881 285553 89881 686490
191028 239839 191028 840093 121660 285553 121660 686490
191028 239839 191028 840093 136117 285553 136117 686490
191028 239839 191028 840093 153096 285553 153096 686490
191028 239839 191028 840093 159950 285553 159950 686490
191028 239839 191028 840093 172719 285553 172719 686490
191028 239839 191028 840093 174492 285553 174492 686490
191028 239839 191028 840093 177521 285553 177521 686490
191028 239839 191028 840093 177699 285553 177699 686490
191028 239839 191028 840093 181902 285553 181902 686490
191028 239839 191028 840093 182376 285553 182376 686490
191028 239839 191028 840093 186657 285553 186657 686490
191028 239839 191028 840093 186752 285553 186752 686490
191028 239839 191028 840093 190958 285553 190958 686490
191028 239839 191028 840093 194190 285553 194190 686490
191028 239839 191028 840093 196917 285553 196917 686490
203448 239839 203448 840093 196917 285553 196917 686490
203448 239839 203448 840093 210036 285553 210036 686490
203448 239839 203448 840093 214824 285553 214824 686490
203448 239839 203448 840093 225780 285553 225780 686490
203448 239839 203448 840093 226352 285553 226352 686490
203448 239839 203448 840093 227330 285553 227330 686490
228513 239839 228513 840093 227330 285553 227330 686490
228513 239839 228513 840093 230185 285553 230185 686490
231092 239839 231092 840093 230185 285553 230185 686490
231092 239839 231092 840093 235067 285553 235067 686490
231092 239839 231092 840093 238628 285553 238628 686490
231092 239839 231092 840093 240144 285553 240144 686490
231092 239839 231092 840093 249031 285553 249031 686490
253906 239839 253906 840093 249031 285553 249031 686490
257661 239839 257661 840093 249031 285553 249031 686490
261850 239839 261850 840093 249031 285553 249031 686490
261850 239839 261850 840093 263221 285553 263221 686490
264252 239839 264252 840093 263221 285553 263221 686490
264446 239839 264446 840093 263221 285553 263221 686490
264446 239839 264446 840093 265588 285553 265588 686490
268994 239839 268994 840093 265588 285553 265588 686490
268994 239839 268994 840093 285333 285553 285333 686490
268994 239839 268994 840093 286166 285553 286166 686490
287543 239839 287543 840093 286166 285553 286166 686490
292572 239839 292572 840093 286166 285553 286166 686490
292572 239839 292572 840093 294740 285553 294740 686490
296078 239839 296078 840093 294740 285553 294740 686490
298535 239839 298535 840093 294740 285553 294740 686490
300663 239839 300663 840093 294740 285553 294740 686490
300856 239839 300856 840093 294740 285553 294740 686490
305818 239839 305818 840093 294740 285553 294740 686490
305818 239839 305818 840093 306147 285553 306147 686490
306923 239839 306923 840093 306147 285553 306147 686490
311422 239839 311422 840093 306147 285553 306147 686490
311422 239839 311422 840093 313961 285553 313961 686490
319527 239839 319527 840093 313961 285553 313961 686490
319527 239839 319527 840093 323597 285553 323597 686490
326735 239839 326735 840093 323597 285553 323597 686490
329303 239839 329303 840093 323597 285553 323597 686490
329358 239839 329358 840093 323597 285553 323597 686490
331355 239839 331355 840093 323597 285553 323597 686490
336521 239839 336521 840093 323597 285553 323597 686490
337579 239839 337579 840093 323597 285553 323597 686490
337579 239839 337579 840093 338401 285553 338401 686490
339849 239839 339849 840093 338401 285553 338401 686490
340891 239839 340891 840093 338401 285553 338401 686490
342743 239839 342743 840093 338401 285553 338401 686490
342743 239839 342743 840093 346630 285553 346630 686490
348594 239839 348594 840093 346630 285553 346630 686490
349736 239839 349736 840093 346630 285553 346630 686490
349736 239839 349736 840093 351645 285553 351645 686490
349736 239839 349736 840093 354527 285553 354527 686490
349736 239839 349736 840093 366328 285553 366328 686490
380775 239839 380775 840093 366328 285553 366328 686490
380775 239839 380775 840093 396320 285553 396320 686490
380775 239839 380775 840093 401922 285553 401922 686490
380775 239839 380775 840093 407103 285553 407103 686490
380775 239839 380775 840093 410641 285553 410641 686490
380775 239839 380775 840093 414060 285553 414060 686490
380775 239839 380775 840093 429718 285553 429718 686490
380775 239839 380775 840093 431216 285553 431216 686490
442393 239839 442393 840093 431216 285553 431216 686490
442393 239839 442393 840093 454881 285553 454881 686490
442393 239839 442393 840093 458078 285553 458078 686490
442393 239839 442393 840093 458607 285553 458607 686490
442393 239839 442393 840093 459436 285553 459436 686490
442393 239839 442393 840093 470604 285553 470604 686490
442393 239839 442393 840093 482957 285553 482957 686490
442393 239839 442393 840093 490366 285553 490366 686490
442393 239839 442393 840093 495526 285553 495526 686490
442393 239839 442393 840093 495925 285553 495925 686490
498062 239839 498062 840093 495925 285553 495925 686490
498062 239839 498062 840093 500203 285553 500203 686490
498062 239839 498062 840093 501191 285553 501191 686490
498062 239839 498062 840093 503831 285553 503831 686490
498062 239839 498062 840093 503957 285553 503957 686490
505345 239839 505345 840093 503957 285553 503957 686490
507101 239839 507101 840093 503957 285553 503957 686490
509388 239839 509388 840093 503957 285553 503957 686490
509388 239839 509388 840093 510758 285553 510758 686490
517747 239839 517747 840093 510758 285553 510758 686490
520533 239839 520533 840093 510758 285553 510758 686490
520533 239839 520533 840093 520553 285553 520553 686490
524051 239839 524051 840093 520553 285553 520553 686490
533692 239839 533692 840093 520553 285553 520553 686490
534832 239839 534832 840093 520553 285553 520553 686490
539484 239839 539484 840093 520553 285553 520553 686490
543924 239839 543924 840093 520553 285553 520553 686490
546825 239839 546825 840093 520553 285553 520553 686490
546825 239839 546825 840093 551201 285553 551201 686490
546825 239839 546825 840093 551670 285553 551670 686490
546825 239839 546825 840093 551923 285553 551923 686490
556267 239839 556267 840093 551923 285553 551923 686490
556267 239839 556267 840093 556823 285553 556823 686490
557655 239839 557655 840093 556823 285553 556823 686490
557930 239839 557930 840093 556823 285553 556823 686490
563106 239839 563106 840093 556823 285553 556823 686490
570395 239839 570395 840093 556823 285553 556823 686490
576303 239839 576303 840093 556823 285553 556823 686490
576975 239839 576975 840093 556823 285553 556823 686490
585901 239839 585901 840093 556823 285553 556823 686490
585901 239839 585901 840093 590821 285553 590821 686490
585901 239839 585901 840093 591490 285553 591490 686490
585901 239839 585901 840093 595545 285553 595545 686490
585901 239839 585901 840093 596824 285553 596824 686490
597329 239839 597329 840093 596824 285553 596824 686490
598495 239839 598495 840093 596824 285553 596824 686490
602397 239839 602397 840093 596824 285553 596824 686490
602397 239839 602397 840093 602974 285553 602974 686490
602397 239839 602397 840093 604925 285553 604925 686490
607840 239839 607840 840093 604925 285553 604925 686490
607840 239839 607840 840093 610039 285553 610039 686490
607840 239839 607840 840093 612699 285553 612699 686490
607840 239839 607840 840093 613401 285553 613401 686490
607840 239839 607840 840093 614680 285553 614680 686490
607840 239839 607840 840093 617151 285553 617151 686490
620519 239839 620519 840093 617151 285553 617151 686490
621514 239839 621514 840093 617151 285553 617151 686490
632553 239839 632553 840093 617151 285553 617151 686490
632553 239839 632553 840093 633231 285553 633231 686490
632553 239839 632553 840093 634207 285553 634207 686490
632553 239839 632553 840093 634510 285553 634510 686490
637135 239839 637135 840093 634510 285553 634510 686490
637135 239839 637135 840093 646861 285553 646861 686490
637135 239839 637135 840093 647117 285553 647117 686490
637135 239839 637135 840093 647333 285553 647333 686490
653303 239839 653303 840093 647333 285553 647333 686490
653303 239839 653303 840093 656949 285553 656949 686490
653303 239839 653303 840093 657690 285553 657690 686490
653303 239839 653303 840093 659120 285553 659120 686490
653303 239839 653303 840093 663264 285553 663264 686490
653303 239839 653303 840093 664927 285553 664927 686490
653303 239839 653303 840093 670651 285553 670651 686490
653303 239839 653303 840093 680830 285553 680830 686490
653303 239839 653303 840093 691413 285553 691413 686490
701693 239839 701693 840093 691413 285553 691413 686490
701693 239839 701693 840093 704579 285553 704579 686490
701693 239839 701693 840093 711688 285553 711688 686490
713475 239839 713475 840093 711688 285553 711688 686490
713475 239839 713475 840093 714585 285553 714585 686490
718866 239839 718866 840093 714585 285553 714585 686490
718866 239839 718866 840093 724101 285553 724101 686490
728122 239839 728122 840093 724101 285553 724101 686490
733567 239839 733567 840093 724101 285553 724101 686490
733904 239839 733904 840093 724101 285553 724101 686490
740569 239839 740569 840093 724101 285553 724101 686490
750828 239839 750828 840093 724101 285553 724101 686490
750828 239839 750828 840093 758909 285553 758909 686490
762064 239839 762064 840093 758909 285553 758909 686490
762064 239839 762064 840093 763039 285553 763039 686490
764055 239839 764055 840093 763039 285553 763039 686490
764055 239839 764055 840093 769424 285553 769424 686490
773752 239839 773752 840093 769424 285553 769424 686490
774011 239839 774011 840093 769424 285553 769424 686490
778660 239839 778660 840093 769424 285553 769424 686490
783077 239839 783077 840093 769424 285553 769424 686490
784877 239839 784877 840093 769424 285553 769424 686490
789942 239839 789942 840093 769424 285553 769424 686490
790012 239839 790012 840093 769424 285553 769424 686490
790012 239839 790012 840093 790215 285553 790215 686490
791175 239839 791175 840093 790215 285553 790215 686490
797518 239839 797518 840093 790215 285553 790215 686490
803621 239839 803621 840093 790215 285553 790215 686490
803853 239839 803853 840093 790215 285553 790215 686490
804797 239839 804797 840093 790215 285553 790215 686490
804797 239839 804797 840093 804900 285553 804900 686490
810723 239839 810723 840093 804900 285553 804900 686490
810723 239839 810723 840093 816978 285553 816978 686490
818134 239839 818134 840093 816978 285553 816978 686490
823066 239839 823066 840093 816978 285553 816978 686490
823722 239839 823722 840093 816978 285553 816978 686490
828776 239839 828776 840093 816978 285553 816978 686490
834232 239839 834232 840093 816978 285553 816978 686490
842489 239839 842489 840093 816978 285553 816978 686490
844232 239839 844232 840093 816978 285553 816978 686490
845840 239839 845840 840093 816978 285553 816978 686490
846619 239839 846619 840093 816978 285553 816978 686490
849528 239839 849528 840093 816978 285553 816978 686490
859271 239839 859271 840093 816978 285553 816978 686490
864500 239839 864500 840093 816978 285553 816978 686490
868701 239839 868701 840093 816978 285553 816978 686490
895726 239839 895726 840093 816978 285553 816978 686490
912474 239839 912474 840093 816978 285553 816978 686490
