232874 160790 232874 720616 87105 364534 87105 896442
232874 160790 232874 720616 87105 364534 87105 896442
232874 160790 232874 720616 145773 364534 145773 896442
232874 160790 232874 720616 164931 364534 164931 896442
232874 160790 232874 720616 180550 364534 180550 896442
232874 160790 232874 720616 183709 364534 183709 896442
232874 160790 232874 720616 185012 364534 185012 896442
232874 160790 232874 720616 189798 364534 189798 896442
232874 160790 232874 720616 192571 364534 192571 896442
232874 160790 232874 720616 197187 364534 197187 896442
232874 160790 232874 720616 204348 364534 204348 896442
232874 160790 232874 720616 207970 364534 207970 896442
232874 160790 232874 720616 210033 364534 210033 896442
232874 160790 232874 720616 216820 364534 216820 896442
232874 160790 232874 720616 219829 364534 219829 896442
232874 160790 232874 720616 223410 364534 223410 896442
232874 160790 232874 720616 226145 364534 226145 896442
232874 160790 232874 720616 226370 364534 226370 896442
232874 160790 232874 720616 232473 364534 232473 896442
232874 160790 232874 720616 236986 364534 236986 896442
232874 160790 232874 720616 241911 364534 241911 896442
232874 160790 232874 720616 247876 364534 247876 896442
232874 160790 232874 720616 252092 364534 252092 896442
232874 160790 232874 720616 252720 364534 252720 896442
232874 160790 232874 720616 254441 364534 254441 896442
232874 160790 232874 720616 255124 364534 255124 896442
232874 160790 232874 720616 256312 364534 256312 896442
257876 160790 257876 720616 256312 364534 256312 896442
257876 160790 257876 720616 262814 364534 262814 896442
257876 160790 257876 720616 263151 364534 263151 896442
267110 160790 267110 720616 263151 364534 263151 896442
267110 160790 267110 720616 269107 364534 269107 896442
273743 160790 273743 720616 269107 364534 269107 896442
273743 160790 273743 720616 279509 364534 279509 896442
273743 160790 273743 720616 283485 364534 283485 896442
273743 160790 273743 720616 283532 364534 283532 896442
292249 160790 292249 720616 283532 364534 283532 896442
305978 160790 305978 720616 283532 364534 283532 896442
305978 160790 305978 720616 307313 364534 307313 896442
305978 160790 305978 720616 308201 364534 308201 896442
305978 160790 305978 720616 311514 364534 311514 896442
305978 160790 305978 720616 312151 364534 312151 896442
305978 160790 305978 720616 314055 364534 314055 896442
316622 160790 316622 720616 314055 364534 314055 896442
326321 160790 326321 720616 314055 364534 314055 896442
326321 160790 326321 720616 331784 364534 331784 896442
326321 160790 326321 720616 333429 364534 333429 896442
336065 160790 336065 720616 333429 364534 333429 896442
339856 160790 339856 720616 333429 364534 333429 896442
339856 160790 339856 720616 343355 364534 343355 896442
350601 160790 350601 720616 343355 364534 343355 896442
351106 160790 351106 720616 343355 364534 343355 896442
351379 160790 351379 720616 343355 364534 343355 896442
351379 160790 351379 720616 358107 364534 358107 896442
351379 160790 351379 720616 366241 364534 366241 896442
371868 160790 371868 720616 366241 364534 366241 896442
371868 160790 371868 720616 372976 364534 372976 896442
371868 160790 371868 720616 378817 364534 378817 896442
371868 160790 371868 720616 379003 364534 379003 896442
380021 160790 380021 720616 379003 364534 379003 896442
380021 160790 380021 720616 380041 364534 380041 896442
384777 160790 384777 720616 380041 364534 380041 896442
385112 160790 385112 720616 380041 364534 380041 896442
385112 160790 385112 720616 385207 364534 385207 896442
386868 160790 386868 720616 385207 364534 385207 896442
386868 160790 386868 720616 390903 364534 390903 896442
392209 160790 392209 720616 390903 364534 390903 896442
392209 160790 392209 720616 393570 364534 393570 896442
398383 160790 398383 720616 393570 364534 393570 896442
399868 160790 399868 720616 393570 364534 393570 896442
401089 160790 401089 720616 393570 364534 393570 896442
401089 160790 401089 720616 402293 364534 402293 896442
404703 160790 404703 720616 402293 364534 402293 896442
407540 160790 407540 720616 402293 364534 402293 896442
412224 160790 412224 720616 402293 364534 402293 896442
412224 160790 412224 720616 412415 364534 412415 896442
415116 160790 415116 720616 412415 364534 412415 896442
415116 160790 415116 720616 420811 364534 420811 896442
415116 160790 415116 720616 422201 364534 422201 896442
425009 160790 425009 720616 422201 364534 422201 896442
426185 160790 426185 720616 422201 364534 422201 896442
433638 160790 433638 720616 422201 364534 422201 896442
434938 160790 434938 720616 422201 364534 422201 896442
434938 160790 434938 720616 437681 364534 437681 896442
434938 160790 434938 720616 450372 364534 450372 896442
434938 160790 434938 720616 452360 364534 452360 896442
434938 160790 434938 720616 455749 364534 455749 896442
456462 160790 456462 720616 455749 364534 455749 896442
456462 160790 456462 720616 460634 364534 460634 896442
456462 160790 456462 720616 461776 364534 461776 896442
456462 160790 456462 720616 467266 364534 467266 896442
456462 160790 456462 720616 467499 364534 467499 896442
470138 160790 470138 720616 467499 364534 467499 896442
472818 160790 472818 720616 467499 364534 467499 896442
472818 160790 472818 720616 474454 364534 474454 896442
472818 160790 472818 720616 476328 364534 476328 896442
472818 160790 472818 720616 478963 364534 478963 896442
472818 160790 472818 720616 482666 364534 482666 896442
483641 160790 483641 720616 482666 364534 482666 896442
485547 160790 485547 720616 482666 364534 482666 896442
490143 160790 490143 720616 482666 364534 482666 896442
493877 160790 493877 720616 482666 364534 482666 896442
493910 160790 493910 720616 482666 364534 482666 896442
493910 160790 493910 720616 494180 364534 494180 896442
493910 160790 493910 720616 496454 364534 496454 896442
493910 160790 493910 720616 496916 364534 496916 896442
493910 160790 493910 720616 497232 364534 497232 896442
497828 160790 497828 720616 497232 364534 497232 896442
497828 160790 497828 720616 499016 364534 499016 896442
500734 160790 500734 720616 499016 364534 499016 896442
501705 160790 501705 720616 499016 364534 499016 896442
504977 160790 504977 720616 499016 364534 499016 896442
505088 160790 505088 720616 499016 364534 499016 896442
507697 160790 507697 720616 499016 364534 499016 896442
511585 160790 511585 720616 499016 364534 499016 896442
512005 160790 512005 720616 499016 364534 499016 896442
515045 160790 515045 720616 499016 364534 499016 896442
515045 160790 515045 720616 515526 364534 515526 896442
517342 160790 517342 720616 515526 364534 515526 896442
517342 160790 517342 720616 518572 364534 518572 896442
522998 160790 522998 720616 518572 364534 518572 896442
535566 160790 535566 720616 518572 364534 518572 896442
535807 160790 535807 720616 518572 364534 518572 896442
537730 160790 537730 720616 518572 364534 518572 896442
549128 160790 549128 720616 518572 364534 518572 896442
549128 160790 549128 720616 556909 364534 556909 896442
559686 160790 559686 720616 556909 364534 556909 896442
561154 160790 561154 720616 556909 364534 556909 896442
578411 160790 578411 720616 556909 364534 556909 896442
585402 160790 585402 720616 556909 364534 556909 896442
587677 160790 587677 720616 556909 364534 556909 896442
587677 160790 587677 720616 588279 364534 588279 896442
587677 160790 587677 720616 596449 364534 596449 896442
587677 160790 587677 720616 606666 364534 606666 896442
587677 160790 587677 720616 617580 364534 617580 896442
587677 160790 587677 720616 618083 364534 618083 896442
587677 160790 587677 720616 619192 364534 619192 896442
626301 160790 626301 720616 619192 364534 619192 896442
626301 160790 626301 720616 637500 364534 637500 896442
626301 160790 626301 720616 638402 364534 638402 896442
639369 160790 639369 720616 638402 364534 638402 896442
639369 160790 639369 720616 640991 364534 640991 896442
641674 160790 641674 720616 640991 364534 640991 896442
641674 160790 641674 720616 646042 364534 646042 896442
641674 160790 641674 720616 647002 364534 647002 896442
641674 160790 641674 720616 654708 364534 654708 896442
655308 160790 655308 720616 654708 364534 654708 896442
657114 160790 657114 720616 654708 364534 654708 896442
659410 160790 659410 720616 654708 364534 654708 896442
659410 160790 659410 720616 660621 364534 660621 896442
659410 160790 659410 720616 662627 364534 662627 896442
659410 160790 659410 720616 671380 364534 671380 896442
659410 160790 659410 720616 674742 364534 674742 896442
676419 160790 676419 720616 674742 364534 674742 896442
676419 160790 676419 720616 679916 364534 679916 896442
683731 160790 683731 720616 679916 364534 679916 896442
683731 160790 683731 720616 685300 364534 685300 896442
683731 160790 683731 720616 691541 364534 691541 896442
694221 160790 694221 720616 691541 364534 691541 896442
699856 160790 699856 720616 691541 364534 691541 896442
703389 160790 703389 720616 691541 364534 691541 896442
703389 160790 703389 720616 709831 364534 709831 896442
715599 160790 715599 720616 709831 364534 709831 896442
724831 160790 724831 720616 709831 364534 709831 896442
724831 160790 724831 720616 725325 364534 725325 896442
726376 160790 726376 720616 725325 364534 725325 896442
731415 160790 731415 720616 725325 364534 725325 896442
733778 160790 733778 720616 725325 364534 725325 896442
737226 160790 737226 720616 725325 364534 725325 896442
738928 160790 738928 720616 725325 364534 725325 896442
742422 160790 742422 720616 725325 364534 725325 896442
746989 160790 746989 720616 725325 364534 725325 896442
748662 160790 748662 720616 725325 364534 725325 896442
752282 160790 752282 720616 725325 364534 725325 896442
752484 160790 752484 720616 725325 364534 725325 896442
754240 160790 754240 720616 725325 364534 725325 896442
756303 160790 756303 720616 725325 364534 725325 896442
756666 160790 756666 720616 725325 364534 725325 896442
764894 160790 764894 720616 725325 364534 725325 896442
765104 160790 765104 720616 725325 364534 725325 896442
767320 160790 767320 720616 725325 364534 725325 896442
768158 160790 768158 720616 725325 364534 725325 896442
769308 160790 769308 720616 725325 364534 725325 896442
770768 160790 770768 720616 725325 364534 725325 896442
781500 160790 781500 720616 725325 364534 725325 896442
781500 160790 781500 720616 782547 364534 782547 896442
781500 160790 781500 720616 787363 364534 787363 896442
790795 160790 790795 720616 787363 364534 787363 896442
790795 160790 790795 720616 798216 364534 798216 896442
801413 160790 801413 720616 798216 364534 798216 896442
804784 160790 804784 720616 798216 364534 798216 896442
804784 160790 804784 720616 810015 364534 810015 896442
804784 160790 804784 720616 810862 364534 810862 896442
814906 160790 814906 720616 810862 364534 810862 896442
814906 160790 814906 720616 817397 364534 817397 896442
819418 160790 819418 720616 817397 364534 817397 896442
822760 160790 822760 720616 817397 364534 817397 896442
823146 160790 823146 720616 817397 364534 817397 896442
854222 160790 854222 720616 817397 364534 817397 896442
863306 160790 863306 720616 817397 364534 817397 896442
