236852 163067 236852 782611 121311 169449 121311 935039
236852 163067 236852 782611 121311 169449 121311 935039
236852 163067 236852 782611 149050 169449 149050 935039
236852 163067 236852 782611 172326 169449 172326 935039
236852 163067 236852 782611 194695 169449 194695 935039
236852 163067 236852 782611 195879 169449 195879 935039
236852 163067 236852 782611 223271 169449 223271 935039
236852 163067 236852 782611 229749 169449 229749 935039
236852 163067 236852 782611 230561 169449 230561 935039
236852 163067 236852 782611 247676 169449 247676 935039
251457 163067 251457 782611 247676 169449 247676 935039
251457 163067 251457 782611 253715 169449 253715 935039
270423 163067 270423 782611 253715 169449 253715 935039
270423 163067 270423 782611 273571 169449 273571 935039
274064 163067 274064 782611 273571 169449 273571 935039
281189 163067 281189 782611 273571 169449 273571 935039
281189 163067 281189 782611 282949 169449 282949 935039
281189 163067 281189 782611 283270 169449 283270 935039
283626 163067 283626 782611 283270 169449 283270 935039
287415 163067 287415 782611 283270 169449 283270 935039
288100 163067 288100 782611 283270 169449 283270 935039
293250 163067 293250 782611 283270 169449 283270 935039
293250 163067 293250 782611 293357 169449 293357 935039
293250 163067 293250 782611 296094 169449 296094 935039
296166 163067 296166 782611 296094 169449 296094 935039
296166 163067 296166 782611 296657 169449 296657 935039
297251 163067 297251 782611 296657 169449 296657 935039
300458 163067 300458 782611 296657 169449 296657 935039
300458 163067 300458 782611 300838 169449 300838 935039
300458 163067 300458 782611 301759 169449 301759 935039
300458 163067 300458 782611 302514 169449 302514 935039
304527 163067 304527 782611 302514 169449 302514 935039
304527 163067 304527 782611 304987 169449 304987 935039
305558 163067 305558 782611 304987 169449 304987 935039
305558 163067 305558 782611 308936 169449 308936 935039
309062 163067 309062 782611 308936 169449 308936 935039
311355 163067 311355 782611 308936 169449 308936 935039
311355 163067 311355 782611 311816 169449 311816 935039
315018 163067 315018 782611 311816 169449 311816 935039
315726 163067 315726 782611 311816 169449 311816 935039
315726 163067 315726 782611 316898 169449 316898 935039
315726 163067 315726 782611 319165 169449 319165 935039
320802 163067 320802 782611 319165 169449 319165 935039
322815 163067 322815 782611 319165 169449 319165 935039
322815 163067 322815 782611 323324 169449 323324 935039
322815 163067 322815 782611 324214 169449 324214 935039
326102 163067 326102 782611 324214 169449 324214 935039
326102 163067 326102 782611 326904 169449 326904 935039
328175 163067 328175 782611 326904 169449 326904 935039
329238 163067 329238 782611 326904 169449 326904 935039
329238 163067 329238 782611 333633 169449 333633 935039
334770 163067 334770 782611 333633 169449 333633 935039
338275 163067 338275 782611 333633 169449 333633 935039
339582 163067 339582 782611 333633 169449 333633 935039
339582 163067 339582 782611 341021 169449 341021 935039
346362 163067 346362 782611 341021 169449 341021 935039
346362 163067 346362 782611 349417 169449 349417 935039
346362 163067 346362 782611 349843 169449 349843 935039
352246 163067 352246 782611 349843 169449 349843 935039
352410 163067 352410 782611 349843 169449 349843 935039
353871 163067 353871 782611 349843 169449 349843 935039
353871 163067 353871 782611 359163 169449 359163 935039
353871 163067 353871 782611 359530 169449 359530 935039
361795 163067 361795 782611 359530 169449 359530 935039
364705 163067 364705 782611 359530 169449 359530 935039
365933 163067 365933 782611 359530 169449 359530 935039
366306 163067 366306 782611 359530 169449 359530 935039
368366 163067 368366 782611 359530 169449 359530 935039
368366 163067 368366 782611 370438 169449 370438 935039
368366 163067 368366 782611 373936 169449 373936 935039
373985 163067 373985 782611 373936 169449 373936 935039
373985 163067 373985 782611 380463 169449 380463 935039
380697 163067 380697 782611 380463 169449 380463 935039
385812 163067 385812 782611 380463 169449 380463 935039
385812 163067 385812 782611 391400 169449 391400 935039
392031 163067 392031 782611 391400 169449 391400 935039
394985 163067 394985 782611 391400 169449 391400 935039
394985 163067 394985 782611 396015 169449 396015 935039
394985 163067 394985 782611 404008 169449 404008 935039
394985 163067 394985 782611 405297 169449 405297 935039
406230 163067 406230 782611 405297 169449 405297 935039
406230 163067 406230 782611 407810 169449 407810 935039
410902 163067 410902 782611 407810 169449 407810 935039
414088 163067 414088 782611 407810 169449 407810 935039
414088 163067 414088 782611 418059 169449 418059 935039
420035 163067 420035 782611 418059 169449 418059 935039
421245 163067 421245 782611 418059 169449 418059 935039
421245 163067 421245 782611 421737 169449 421737 935039
423522 163067 423522 782611 421737 169449 421737 935039
423522 163067 423522 782611 428201 169449 428201 935039
433965 163067 433965 782611 428201 169449 428201 935039
436548 163067 436548 782611 428201 169449 428201 935039
437662 163067 437662 782611 428201 169449 428201 935039
437662 163067 437662 782611 447784 169449 447784 935039
437662 163067 437662 782611 447826 169449 447826 935039
437662 163067 437662 782611 450610 169449 450610 935039
450630 163067 450630 782611 450610 169449 450610 935039
455379 163067 455379 782611 450610 169449 450610 935039
455379 163067 455379 782611 456029 169449 456029 935039
458837 163067 458837 782611 456029 169449 456029 935039
461527 163067 461527 782611 456029 169449 456029 935039
476285 163067 476285 782611 456029 169449 456029 935039
477855 163067 477855 782611 456029 169449 456029 935039
477855 163067 477855 782611 484379 169449 484379 935039
491206 163067 491206 782611 484379 169449 484379 935039
491206 163067 491206 782611 493402 169449 493402 935039
495576 163067 495576 782611 493402 169449 493402 935039
495576 163067 495576 782611 497060 169449 497060 935039
495576 163067 495576 782611 498061 169449 498061 935039
495576 163067 495576 782611 504402 169449 504402 935039
495576 163067 495576 782611 516158 169449 516158 935039
495576 163067 495576 782611 518943 169449 518943 935039
524747 163067 524747 782611 518943 169449 518943 935039
524747 163067 524747 782611 526509 169449 526509 935039
524747 163067 524747 782611 527141 169449 527141 935039
534645 163067 534645 782611 527141 169449 527141 935039
535687 163067 535687 782611 527141 169449 527141 935039
540214 163067 540214 782611 527141 169449 527141 935039
540214 163067 540214 782611 547331 169449 547331 935039
540214 163067 540214 782611 550375 169449 550375 935039
550551 163067 550551 782611 550375 169449 550375 935039
550551 163067 550551 782611 550901 169449 550901 935039
558326 163067 558326 782611 550901 169449 550901 935039
565179 163067 565179 782611 550901 169449 550901 935039
565179 163067 565179 782611 574518 169449 574518 935039
577237 163067 577237 782611 574518 169449 574518 935039
577237 163067 577237 782611 586885 169449 586885 935039
590681 163067 590681 782611 586885 169449 586885 935039
590681 163067 590681 782611 593481 169449 593481 935039
590681 163067 590681 782611 597572 169449 597572 935039
600799 163067 600799 782611 597572 169449 597572 935039
601873 163067 601873 782611 597572 169449 597572 935039
601873 163067 601873 782611 604037 169449 604037 935039
605885 163067 605885 782611 604037 169449 604037 935039
612484 163067 612484 782611 604037 169449 604037 935039
617748 163067 617748 782611 604037 169449 604037 935039
622657 163067 622657 782611 604037 169449 604037 935039
622657 163067 622657 782611 631016 169449 631016 935039
622657 163067 622657 782611 631154 169449 631154 935039
632711 163067 632711 782611 631154 169449 631154 935039
632711 163067 632711 782611 636476 169449 636476 935039
632711 163067 632711 782611 636491 169449 636491 935039
643070 163067 643070 782611 636491 169449 636491 935039
643070 163067 643070 782611 648256 169449 648256 935039
643070 163067 643070 782611 650590 169449 650590 935039
652967 163067 652967 782611 650590 169449 650590 935039
652967 163067 652967 782611 655198 169449 655198 935039
658360 163067 658360 782611 655198 169449 655198 935039
658360 163067 658360 782611 660691 169449 660691 935039
660769 163067 660769 782611 660691 169449 660691 935039
660769 163067 660769 782611 665324 169449 665324 935039
660769 163067 660769 782611 665469 169449 665469 935039
660769 163067 660769 782611 667691 169449 667691 935039
660769 163067 660769 782611 668089 169449 668089 935039
660769 163067 660769 782611 669287 169449 669287 935039
660769 163067 660769 782611 669393 169449 669393 935039
660769 163067 660769 782611 676375 169449 676375 935039
678307 163067 678307 782611 676375 169449 676375 935039
678307 163067 678307 782611 681897 169449 681897 935039
682520 163067 682520 782611 681897 169449 681897 935039
683796 163067 683796 782611 681897 169449 681897 935039
683796 163067 683796 782611 684006 169449 684006 935039
683796 163067 683796 782611 685944 169449 685944 935039
686551 163067 686551 782611 685944 169449 685944 935039
686551 163067 686551 782611 687237 169449 687237 935039
687456 163067 687456 782611 687237 169449 687237 935039
687456 163067 687456 782611 688280 169449 688280 935039
687456 163067 687456 782611 688904 169449 688904 935039
691141 163067 691141 782611 688904 169449 688904 935039
691493 163067 691493 782611 688904 169449 688904 935039
692630 163067 692630 782611 688904 169449 688904 935039
694149 163067 694149 782611 688904 169449 688904 935039
694149 163067 694149 782611 696566 169449 696566 935039
694149 163067 694149 782611 705752 169449 705752 935039
708595 163067 708595 782611 705752 169449 705752 935039
708595 163067 708595 782611 716332 169449 716332 935039
708595 163067 708595 782611 718428 169449 718428 935039
721978 163067 721978 782611 718428 169449 718428 935039
721978 163067 721978 782611 722103 169449 722103 935039
732389 163067 732389 782611 722103 169449 722103 935039
732389 163067 732389 782611 735824 169449 735824 935039
732389 163067 732389 782611 742625 169449 742625 935039
745777 163067 745777 782611 742625 169449 742625 935039
754120 163067 754120 782611 742625 169449 742625 935039
754712 163067 754712 782611 742625 169449 742625 935039
754712 163067 754712 782611 759829 169449 759829 935039
754712 163067 754712 782611 770299 169449 770299 935039
754712 163067 754712 782611 783838 169449 783838 935039
796372 163067 796372 782611 783838 169449 783838 935039
797334 163067 797334 782611 783838 169449 783838 935039
805068 163067 805068 782611 783838 169449 783838 935039
805068 163067 805068 782611 818878 169449 818878 935039
805068 163067 805068 782611 827278 169449 827278 935039
805068 163067 805068 782611 828801 169449 828801 935039
830372 163067 830372 782611 828801 169449 828801 935039
845347 163067 845347 782611 828801 169449 828801 935039
847295 163067 847295 782611 828801 169449 828801 935039
847295 163067 847295 782611 849978 169449 849978 935039
850464 163067 850464 782611 849978 169449 849978 935039
858187 163067 858187 782611 849978 169449 849978 935039
