130284 157728 130284 748471 123954 259131 123954 905825
130284 157728 130284 748471 123954 259131 123954 905825
148913 157728 148913 748471 123954 259131 123954 905825
154632 157728 154632 748471 123954 259131 123954 905825
157753 157728 157753 748471 123954 259131 123954 905825
157753 157728 157753 748471 164674 259131 164674 905825
166262 157728 166262 748471 164674 259131 164674 905825
171487 157728 171487 748471 164674 259131 164674 905825
171487 157728 171487 748471 174798 259131 174798 905825
171487 157728 171487 748471 178577 259131 178577 905825
180124 157728 180124 748471 178577 259131 178577 905825
182549 157728 182549 748471 178577 259131 178577 905825
182549 157728 182549 748471 183884 259131 183884 905825
185443 157728 185443 748471 183884 259131 183884 905825
189059 157728 189059 748471 183884 259131 183884 905825
189059 157728 189059 748471 190773 259131 190773 905825
189059 157728 189059 748471 199341 259131 199341 905825
189059 157728 189059 748471 201299 259131 201299 905825
189059 157728 189059 748471 203526 259131 203526 905825
206156 157728 206156 748471 203526 259131 203526 905825
206156 157728 206156 748471 207383 259131 207383 905825
206156 157728 206156 748471 207593 259131 207593 905825
206156 157728 206156 748471 208148 259131 208148 905825
208913 157728 208913 748471 208148 259131 208148 905825
208913 157728 208913 748471 209696 259131 209696 905825
208913 157728 208913 748471 209769 259131 209769 905825
208913 157728 208913 748471 210103 259131 210103 905825
212895 157728 212895 748471 210103 259131 210103 905825
213180 157728 213180 748471 210103 259131 210103 905825
213180 157728 213180 748471 214667 259131 214667 905825
213180 157728 213180 748471 217051 259131 217051 905825
213180 157728 213180 748471 219252 259131 219252 905825
221886 157728 221886 748471 219252 259131 219252 905825
221886 157728 221886 748471 222110 259131 222110 905825
225828 157728 225828 748471 222110 259131 222110 905825
226473 157728 226473 748471 222110 259131 222110 905825
226473 157728 226473 748471 227180 259131 227180 905825
226473 157728 226473 748471 227850 259131 227850 905825
228797 157728 228797 748471 227850 259131 227850 905825
228797 157728 228797 748471 230469 259131 230469 905825
228797 157728 228797 748471 231084 259131 231084 905825
228797 157728 228797 748471 233099 259131 233099 905825
228797 157728 228797 748471 233787 259131 233787 905825
234523 157728 234523 748471 233787 259131 233787 905825
234523 157728 234523 748471 237345 259131 237345 905825
239280 157728 239280 748471 237345 259131 237345 905825
241322 157728 241322 748471 237345 259131 237345 905825
241511 157728 241511 748471 237345 259131 237345 905825
241964 157728 241964 748471 237345 259131 237345 905825
243020 157728 243020 748471 237345 259131 237345 905825
243020 157728 243020 748471 244214 259131 244214 905825
243020 157728 243020 748471 245913 259131 245913 905825
246924 157728 246924 748471 245913 259131 245913 905825
246924 157728 246924 748471 247099 259131 247099 905825
246924 157728 246924 748471 247131 259131 247131 905825
246924 157728 246924 748471 248085 259131 248085 905825
246924 157728 246924 748471 251479 259131 251479 905825
246924 157728 246924 748471 252014 259131 252014 905825
252800 157728 252800 748471 252014 259131 252014 905825
252800 157728 252800 748471 258242 259131 258242 905825
258294 157728 258294 748471 258242 259131 258242 905825
259907 157728 259907 748471 258242 259131 258242 905825
259907 157728 259907 748471 262613 259131 262613 905825
259907 157728 259907 748471 263058 259131 263058 905825
259907 157728 259907 748471 265462 259131 265462 905825
259907 157728 259907 748471 267835 259131 267835 905825
259907 157728 259907 748471 268513 259131 268513 905825
269305 157728 269305 748471 268513 259131 268513 905825
269632 157728 269632 748471 268513 259131 268513 905825
269632 157728 269632 748471 270684 259131 270684 905825
272645 157728 272645 748471 270684 259131 270684 905825
272645 157728 272645 748471 273234 259131 273234 905825
273497 157728 273497 748471 273234 259131 273234 905825
273579 157728 273579 748471 273234 259131 273234 905825
273579 157728 273579 748471 273948 259131 273948 905825
273579 157728 273579 748471 274434 259131 274434 905825
273579 157728 273579 748471 275993 259131 275993 905825
273579 157728 273579 748471 276338 259131 276338 905825
273579 157728 273579 748471 279783 259131 279783 905825
273579 157728 273579 748471 283146 259131 283146 905825
273579 157728 273579 748471 287741 259131 287741 905825
273579 157728 273579 748471 287748 259131 287748 905825
273579 157728 273579 748471 289518 259131 289518 905825
292623 157728 292623 748471 289518 259131 289518 905825
292623 157728 292623 748471 296014 259131 296014 905825
297579 157728 297579 748471 296014 259131 296014 905825
299507 157728 299507 748471 296014 259131 296014 905825
301897 157728 301897 748471 296014 259131 296014 905825
302334 157728 302334 748471 296014 259131 296014 905825
302334 157728 302334 748471 306546 259131 306546 905825
306830 157728 306830 748471 306546 259131 306546 905825
306830 157728 306830 748471 308717 259131 308717 905825
310257 157728 310257 748471 308717 259131 308717 905825
310257 157728 310257 748471 310381 259131 310381 905825
310257 157728 310257 748471 311531 259131 311531 905825
310257 157728 310257 748471 313791 259131 313791 905825
314524 157728 314524 748471 313791 259131 313791 905825
314524 157728 314524 748471 316781 259131 316781 905825
319177 157728 319177 748471 316781 259131 316781 905825
319177 157728 319177 748471 321669 259131 321669 905825
319177 157728 319177 748471 322910 259131 322910 905825
319177 157728 319177 748471 324132 259131 324132 905825
319177 157728 319177 748471 324342 259131 324342 905825
319177 157728 319177 748471 329136 259131 329136 905825
319177 157728 319177 748471 330872 259131 330872 905825
331374 157728 331374 748471 330872 259131 330872 905825
331374 157728 331374 748471 334035 259131 334035 905825
335202 157728 335202 748471 334035 259131 334035 905825
335202 157728 335202 748471 339672 259131 339672 905825
335202 157728 335202 748471 356653 259131 356653 905825
359285 157728 359285 748471 356653 259131 356653 905825
359682 157728 359682 748471 356653 259131 356653 905825
359682 157728 359682 748471 362721 259131 362721 905825
369378 157728 369378 748471 362721 259131 362721 905825
373433 157728 373433 748471 362721 259131 362721 905825
424614 157728 424614 748471 362721 259131 362721 905825
439549 157728 439549 748471 362721 259131 362721 905825
442758 157728 442758 748471 362721 259131 362721 905825
454061 157728 454061 748471 362721 259131 362721 905825
460245 157728 460245 748471 362721 259131 362721 905825
460245 157728 460245 748471 476290 259131 476290 905825
478678 157728 478678 748471 476290 259131 476290 905825
484186 157728 484186 748471 476290 259131 476290 905825
493755 157728 493755 748471 476290 259131 476290 905825
494405 157728 494405 748471 476290 259131 476290 905825
521642 157728 521642 748471 476290 259131 476290 905825
527498 157728 527498 748471 476290 259131 476290 905825
543028 157728 543028 748471 476290 259131 476290 905825
550006 157728 550006 748471 476290 259131 476290 905825
551947 157728 551947 748471 476290 259131 476290 905825
558961 157728 558961 748471 476290 259131 476290 905825
561304 157728 561304 748471 476290 259131 476290 905825
562018 157728 562018 748471 476290 259131 476290 905825
566342 157728 566342 748471 476290 259131 476290 905825
570038 157728 570038 748471 476290 259131 476290 905825
572202 157728 572202 748471 476290 259131 476290 905825
572593 157728 572593 748471 476290 259131 476290 905825
572593 157728 572593 748471 573595 259131 573595 905825
574381 157728 574381 748471 573595 259131 573595 905825
578859 157728 578859 748471 573595 259131 573595 905825
586123 157728 586123 748471 573595 259131 573595 905825
588669 157728 588669 748471 573595 259131 573595 905825
589940 157728 589940 748471 573595 259131 573595 905825
597254 157728 597254 748471 573595 259131 573595 905825
597254 157728 597254 748471 607586 259131 607586 905825
597254 157728 597254 748471 610369 259131 610369 905825
611408 157728 611408 748471 610369 259131 610369 905825
612176 157728 612176 748471 610369 259131 610369 905825
613944 157728 613944 748471 610369 259131 610369 905825
622848 157728 622848 748471 610369 259131 610369 905825
622860 157728 622860 748471 610369 259131 610369 905825
622860 157728 622860 748471 626452 259131 626452 905825
622860 157728 622860 748471 627425 259131 627425 905825
622860 157728 622860 748471 627757 259131 627757 905825
622860 157728 622860 748471 632898 259131 632898 905825
622860 157728 622860 748471 637652 259131 637652 905825
622860 157728 622860 748471 638690 259131 638690 905825
644924 157728 644924 748471 638690 259131 638690 905825
644924 157728 644924 748471 649173 259131 649173 905825
644924 157728 644924 748471 660101 259131 660101 905825
644924 157728 644924 748471 670359 259131 670359 905825
644924 157728 644924 748471 676018 259131 676018 905825
644924 157728 644924 748471 680061 259131 680061 905825
644924 157728 644924 748471 681746 259131 681746 905825
644924 157728 644924 748471 689162 259131 689162 905825
644924 157728 644924 748471 691718 259131 691718 905825
692229 157728 692229 748471 691718 259131 691718 905825
692229 157728 692229 748471 692666 259131 692666 905825
692229 157728 692229 748471 693558 259131 693558 905825
694156 157728 694156 748471 693558 259131 693558 905825
694156 157728 694156 748471 697454 259131 697454 905825
694156 157728 694156 748471 698090 259131 698090 905825
694156 157728 694156 748471 702152 259131 702152 905825
704761 157728 704761 748471 702152 259131 702152 905825
706213 157728 706213 748471 702152 259131 702152 905825
706607 157728 706607 748471 702152 259131 702152 905825
706607 157728 706607 748471 711968 259131 711968 905825
713518 157728 713518 748471 711968 259131 711968 905825
714085 157728 714085 748471 711968 259131 711968 905825
723170 157728 723170 748471 711968 259131 711968 905825
723170 157728 723170 748471 723393 259131 723393 905825
723170 157728 723170 748471 724696 259131 724696 905825
723170 157728 723170 748471 727251 259131 727251 905825
729918 157728 729918 748471 727251 259131 727251 905825
735461 157728 735461 748471 727251 259131 727251 905825
738155 157728 738155 748471 727251 259131 727251 905825
744086 157728 744086 748471 727251 259131 727251 905825
744086 157728 744086 748471 745572 259131 745572 905825
750789 157728 750789 748471 745572 259131 745572 905825
750789 157728 750789 748471 753891 259131 753891 905825
755187 157728 755187 748471 753891 259131 753891 905825
760655 157728 760655 748471 753891 259131 753891 905825
771360 157728 771360 748471 753891 259131 753891 905825
774061 157728 774061 748471 753891 259131 753891 905825
774061 157728 774061 748471 774935 259131 774935 905825
782224 157728 782224 748471 774935 259131 774935 905825
787907 157728 787907 748471 774935 259131 774935 905825
787907 157728 787907 748471 811119 259131 811119 905825
787907 157728 787907 748471 818303 259131 818303 905825
787907 157728 787907 748471 879931 259131 879931 905825
