149910 94886 149910 864328 252138 105553 252138 806267
149910 94886 149910 864328 252138 105553 252138 806267
208762 94886 208762 864328 252138 105553 252138 806267
212176 94886 212176 864328 252138 105553 252138 806267
212176 94886 212176 864328 255273 105553 255273 806267
212176 94886 212176 864328 258220 105553 258220 806267
212176 94886 212176 864328 271710 105553 271710 806267
272638 94886 272638 864328 271710 105553 271710 806267
275406 94886 275406 864328 271710 105553 271710 806267
276680 94886 276680 864328 271710 105553 271710 806267
276680 94886 276680 864328 278934 105553 278934 806267
276680 94886 276680 864328 283592 105553 283592 806267
276680 94886 276680 864328 288960 105553 288960 806267
276680 94886 276680 864328 290117 105553 290117 806267
276680 94886 276680 864328 291626 105553 291626 806267
276680 94886 276680 864328 296949 105553 296949 806267
276680 94886 276680 864328 298452 105553 298452 806267
276680 94886 276680 864328 313049 105553 313049 806267
276680 94886 276680 864328 313180 105553 313180 806267
276680 94886 276680 864328 313756 105553 313756 806267
276680 94886 276680 864328 317262 105553 317262 806267
276680 94886 276680 864328 317599 105553 317599 806267
276680 94886 276680 864328 320819 105553 320819 806267
321384 94886 321384 864328 320819 105553 320819 806267
321641 94886 321641 864328 320819 105553 320819 806267
322823 94886 322823 864328 320819 105553 320819 806267
322823 94886 322823 864328 324698 105553 324698 806267
322823 94886 322823 864328 328851 105553 328851 806267
322823 94886 322823 864328 330464 105553 330464 806267
322823 94886 322823 864328 332134 105553 332134 806267
333427 94886 333427 864328 332134 105553 332134 806267
333427 94886 333427 864328 335272 105553 335272 806267
333427 94886 333427 864328 338699 105553 338699 806267
338860 94886 338860 864328 338699 105553 338699 806267
338860 94886 338860 864328 340149 105553 340149 806267
338860 94886 338860 864328 343145 105553 343145 806267
338860 94886 338860 864328 347728 105553 347728 806267
338860 94886 338860 864328 348209 105553 348209 806267
338860 94886 338860 864328 348428 105553 348428 806267
338860 94886 338860 864328 352843 105553 352843 806267
353695 94886 353695 864328 352843 105553 352843 806267
355714 94886 355714 864328 352843 105553 352843 806267
355714 94886 355714 864328 356883 105553 356883 806267
355714 94886 355714 864328 358465 105553 358465 806267
359621 94886 359621 864328 358465 105553 358465 806267
360270 94886 360270 864328 358465 105553 358465 806267
360270 94886 360270 864328 361671 105553 361671 806267
364522 94886 364522 864328 361671 105553 361671 806267
364522 94886 364522 864328 365919 105553 365919 806267
366058 94886 366058 864328 365919 105553 365919 806267
366058 94886 366058 864328 367221 105553 367221 806267
366058 94886 366058 864328 367397 105553 367397 806267
366058 94886 366058 864328 367794 105553 367794 806267
366058 94886 366058 864328 371547 105553 371547 806267
366058 94886 366058 864328 371914 105553 371914 806267
374306 94886 374306 864328 371914 105553 371914 806267
374306 94886 374306 864328 375183 105553 375183 806267
374306 94886 374306 864328 380074 105553 380074 806267
380077 94886 380077 864328 380074 105553 380074 806267
380077 94886 380077 864328 382936 105553 382936 806267
384341 94886 384341 864328 382936 105553 382936 806267
384341 94886 384341 864328 390936 105553 390936 806267
384341 94886 384341 864328 391783 105553 391783 806267
393106 94886 393106 864328 391783 105553 391783 806267
393106 94886 393106 864328 396141 105553 396141 806267
396204 94886 396204 864328 396141 105553 396141 806267
396204 94886 396204 864328 400306 105553 400306 806267
402981 94886 402981 864328 400306 105553 400306 806267
403595 94886 403595 864328 400306 105553 400306 806267
403595 94886 403595 864328 408063 105553 408063 806267
408787 94886 408787 864328 408063 105553 408063 806267
408787 94886 408787 864328 410597 105553 410597 806267
412608 94886 412608 864328 410597 105553 410597 806267
415549 94886 415549 864328 410597 105553 410597 806267
417105 94886 417105 864328 410597 105553 410597 806267
420747 94886 420747 864328 410597 105553 410597 806267
421481 94886 421481 864328 410597 105553 410597 806267
422463 94886 422463 864328 410597 105553 410597 806267
422463 94886 422463 864328 427165 105553 427165 806267
428301 94886 428301 864328 427165 105553 427165 806267
430759 94886 430759 864328 427165 105553 427165 806267
431370 94886 431370 864328 427165 105553 427165 806267
431370 94886 431370 864328 432989 105553 432989 806267
431370 94886 431370 864328 435724 105553 435724 806267
437003 94886 437003 864328 435724 105553 435724 806267
437306 94886 437306 864328 435724 105553 435724 806267
443365 94886 443365 864328 435724 105553 435724 806267
443965 94886 443965 864328 435724 105553 435724 806267
447192 94886 447192 864328 435724 105553 435724 806267
449908 94886 449908 864328 435724 105553 435724 806267
450202 94886 450202 864328 435724 105553 435724 806267
450202 94886 450202 864328 450666 105553 450666 806267
462192 94886 462192 864328 450666 105553 450666 806267
462192 94886 462192 864328 463666 105553 463666 806267
474216 94886 474216 864328 463666 105553 463666 806267
474216 94886 474216 864328 477615 105553 477615 806267
474216 94886 474216 864328 478701 105553 478701 806267
485619 94886 485619 864328 478701 105553 478701 806267
485686 94886 485686 864328 478701 105553 478701 806267
501239 94886 501239 864328 478701 105553 478701 806267
506219 94886 506219 864328 478701 105553 478701 806267
509835 94886 509835 864328 478701 105553 478701 806267
510751 94886 510751 864328 478701 105553 478701 806267
529179 94886 529179 864328 478701 105553 478701 806267
531000 94886 531000 864328 478701 105553 478701 806267
534003 94886 534003 864328 478701 105553 478701 806267
543615 94886 543615 864328 478701 105553 478701 806267
549424 94886 549424 864328 478701 105553 478701 806267
552149 94886 552149 864328 478701 105553 478701 806267
552149 94886 552149 864328 564695 105553 564695 806267
552149 94886 552149 864328 566457 105553 566457 806267
552149 94886 552149 864328 568024 105553 568024 806267
552149 94886 552149 864328 581103 105553 581103 806267
552149 94886 552149 864328 581579 105553 581579 806267
552149 94886 552149 864328 585933 105553 585933 806267
552149 94886 552149 864328 587417 105553 587417 806267
552149 94886 552149 864328 590017 105553 590017 806267
592284 94886 592284 864328 590017 105553 590017 806267
596157 94886 596157 864328 590017 105553 590017 806267
596157 94886 596157 864328 599998 105553 599998 806267
601222 94886 601222 864328 599998 105553 599998 806267
602120 94886 602120 864328 599998 105553 599998 806267
602120 94886 602120 864328 606088 105553 606088 806267
607656 94886 607656 864328 606088 105553 606088 806267
607656 94886 607656 864328 608206 105553 608206 806267
609222 94886 609222 864328 608206 105553 608206 806267
609475 94886 609475 864328 608206 105553 608206 806267
609475 94886 609475 864328 614719 105553 614719 806267
615339 94886 615339 864328 614719 105553 614719 806267
615709 94886 615709 864328 614719 105553 614719 806267
620587 94886 620587 864328 614719 105553 614719 806267
620587 94886 620587 864328 628031 105553 628031 806267
620587 94886 620587 864328 631766 105553 631766 806267
633811 94886 633811 864328 631766 105553 631766 806267
633811 94886 633811 864328 635124 105553 635124 806267
633811 94886 633811 864328 637120 105553 637120 806267
633811 94886 633811 864328 640927 105553 640927 806267
633811 94886 633811 864328 643025 105553 643025 806267
644162 94886 644162 864328 643025 105553 643025 806267
647978 94886 647978 864328 643025 105553 643025 806267
648522 94886 648522 864328 643025 105553 643025 806267
652297 94886 652297 864328 643025 105553 643025 806267
652297 94886 652297 864328 654170 105553 654170 806267
652297 94886 652297 864328 655068 105553 655068 806267
652297 94886 652297 864328 656930 105553 656930 806267
652297 94886 652297 864328 658960 105553 658960 806267
652297 94886 652297 864328 660250 105553 660250 806267
652297 94886 652297 864328 660636 105553 660636 806267
662545 94886 662545 864328 660636 105553 660636 806267
662545 94886 662545 864328 664531 105553 664531 806267
662545 94886 662545 864328 671518 105553 671518 806267
662545 94886 662545 864328 672257 105553 672257 806267
674471 94886 674471 864328 672257 105553 672257 806267
674471 94886 674471 864328 674634 105553 674634 806267
674471 94886 674471 864328 677062 105553 677062 806267
679925 94886 679925 864328 677062 105553 677062 806267
679925 94886 679925 864328 682707 105553 682707 806267
679925 94886 679925 864328 684984 105553 684984 806267
679925 94886 679925 864328 690714 105553 690714 806267
679925 94886 679925 864328 695068 105553 695068 806267
695210 94886 695210 864328 695068 105553 695068 806267
695210 94886 695210 864328 698111 105553 698111 806267
703068 94886 703068 864328 698111 105553 698111 806267
703122 94886 703122 864328 698111 105553 698111 806267
703122 94886 703122 864328 705759 105553 705759 806267
703122 94886 703122 864328 706739 105553 706739 806267
703122 94886 703122 864328 714152 105553 714152 806267
703122 94886 703122 864328 714445 105553 714445 806267
723674 94886 723674 864328 714445 105553 714445 806267
724104 94886 724104 864328 714445 105553 714445 806267
725160 94886 725160 864328 714445 105553 714445 806267
727907 94886 727907 864328 714445 105553 714445 806267
727907 94886 727907 864328 729230 105553 729230 806267
727907 94886 727907 864328 732487 105553 732487 806267
733332 94886 733332 864328 732487 105553 732487 806267
740244 94886 740244 864328 732487 105553 732487 806267
740244 94886 740244 864328 741097 105553 741097 806267
743928 94886 743928 864328 741097 105553 741097 806267
744217 94886 744217 864328 741097 105553 741097 806267
744235 94886 744235 864328 741097 105553 741097 806267
747519 94886 747519 864328 741097 105553 741097 806267
753013 94886 753013 864328 741097 105553 741097 806267
757726 94886 757726 864328 741097 105553 741097 806267
757726 94886 757726 864328 758993 105553 758993 806267
757726 94886 757726 864328 760273 105553 760273 806267
757726 94886 757726 864328 766459 105553 766459 806267
757726 94886 757726 864328 768272 105553 768272 806267
757726 94886 757726 864328 775684 105553 775684 806267
777943 94886 777943 864328 775684 105553 775684 806267
780426 94886 780426 864328 775684 105553 775684 806267
784628 94886 784628 864328 775684 105553 775684 806267
796798 94886 796798 864328 775684 105553 775684 806267
801053 94886 801053 864328 775684 105553 775684 806267
804060 94886 804060 864328 775684 105553 775684 806267
818172 94886 818172 864328 775684 105553 775684 806267
821509 94886 821509 864328 775684 105553 775684 806267
844690 94886 844690 864328 775684 105553 775684 806267
849017 94886 849017 864328 775684 105553 775684 806267
859794 94886 859794 864328 775684 105553 775684 806267
865917 94886 865917 864328 775684 105553 775684 806267
