230938 157438 230938 800068 322101 171499 322101 847837
230938 157438 230938 800068 322101 171499 322101 847837
240843 157438 240843 800068 322101 171499 322101 847837
247654 157438 247654 800068 322101 171499 322101 847837
264476 157438 264476 800068 322101 171499 322101 847837
264575 157438 264575 800068 322101 171499 322101 847837
264771 157438 264771 800068 322101 171499 322101 847837
265377 157438 265377 800068 322101 171499 322101 847837
267905 157438 267905 800068 322101 171499 322101 847837
294511 157438 294511 800068 322101 171499 322101 847837
299185 157438 299185 800068 322101 171499 322101 847837
300009 157438 300009 800068 322101 171499 322101 847837
304576 157438 304576 800068 322101 171499 322101 847837
304756 157438 304756 800068 322101 171499 322101 847837
315875 157438 315875 800068 322101 171499 322101 847837
319125 157438 319125 800068 322101 171499 322101 847837
324417 157438 324417 800068 322101 171499 322101 847837
334035 157438 334035 800068 322101 171499 322101 847837
339343 157438 339343 800068 322101 171499 322101 847837
340308 157438 340308 800068 322101 171499 322101 847837
341002 157438 341002 800068 322101 171499 322101 847837
341010 157438 341010 800068 322101 171499 322101 847837
341010 157438 341010 800068 341960 171499 341960 847837
342796 157438 342796 800068 341960 171499 341960 847837
345006 157438 345006 800068 341960 171499 341960 847837
345006 157438 345006 800068 352213 171499 352213 847837
352494 157438 352494 800068 352213 171499 352213 847837
358122 157438 358122 800068 352213 171499 352213 847837
358122 157438 358122 800068 361533 171499 361533 847837
361865 157438 361865 800068 361533 171499 361533 847837
361865 157438 361865 800068 364305 171499 364305 847837
361865 157438 361865 800068 364663 171499 364663 847837
365841 157438 365841 800068 364663 171499 364663 847837
366909 157438 366909 800068 364663 171499 364663 847837
370632 157438 370632 800068 364663 171499 364663 847837
374805 157438 374805 800068 364663 171499 364663 847837
374805 157438 374805 800068 376092 171499 376092 847837
376456 157438 376456 800068 376092 171499 376092 847837
377426 157438 377426 800068 376092 171499 376092 847837
379406 157438 379406 800068 376092 171499 376092 847837
379589 157438 379589 800068 376092 171499 376092 847837
379589 157438 379589 800068 380486 171499 380486 847837
379589 157438 379589 800068 380649 171499 380649 847837
379589 157438 379589 800068 382188 171499 382188 847837
379589 157438 379589 800068 383612 171499 383612 847837
383793 157438 383793 800068 383612 171499 383612 847837
384865 157438 384865 800068 383612 171499 383612 847837
387821 157438 387821 800068 383612 171499 383612 847837
387821 157438 387821 800068 389568 171499 389568 847837
387821 157438 387821 800068 390533 171499 390533 847837
391403 157438 391403 800068 390533 171499 390533 847837
392903 157438 392903 800068 390533 171499 390533 847837
394103 157438 394103 800068 390533 171499 390533 847837
394103 157438 394103 800068 394293 171499 394293 847837
395191 157438 395191 800068 394293 171499 394293 847837
395191 157438 395191 800068 400650 171499 400650 847837
400976 157438 400976 800068 400650 171499 400650 847837
401252 157438 401252 800068 400650 171499 400650 847837
401252 157438 401252 800068 403811 171499 403811 847837
401252 157438 401252 800068 408489 171499 408489 847837
408768 157438 408768 800068 408489 171499 408489 847837
408768 157438 408768 800068 410261 171499 410261 847837
411307 157438 411307 800068 410261 171499 410261 847837
414247 157438 414247 800068 410261 171499 410261 847837
415932 157438 415932 800068 410261 171499 410261 847837
415932 157438 415932 800068 415969 171499 415969 847837
415932 157438 415932 800068 418381 171499 418381 847837
418950 157438 418950 800068 418381 171499 418381 847837
418950 157438 418950 800068 419901 171499 419901 847837
418950 157438 418950 800068 422409 171499 422409 847837
418950 157438 418950 800068 424750 171499 424750 847837
418950 157438 418950 800068 425401 171499 425401 847837
418950 157438 418950 800068 425491 171499 425491 847837
418950 157438 418950 800068 430608 171499 430608 847837
418950 157438 418950 800068 434349 171499 434349 847837
418950 157438 418950 800068 436267 171499 436267 847837
418950 157438 418950 800068 436409 171499 436409 847837
418950 157438 418950 800068 437766 171499 437766 847837
418950 157438 418950 800068 437961 171499 437961 847837
418950 157438 418950 800068 438216 171499 438216 847837
438783 157438 438783 800068 438216 171499 438216 847837
438783 157438 438783 800068 440055 171499 440055 847837
441294 157438 441294 800068 440055 171499 440055 847837
441294 157438 441294 800068 441807 171499 441807 847837
442925 157438 442925 800068 441807 171499 441807 847837
442925 157438 442925 800068 445592 171499 445592 847837
446911 157438 446911 800068 445592 171499 445592 847837
449366 157438 449366 800068 445592 171499 445592 847837
449366 157438 449366 800068 452121 171499 452121 847837
449366 157438 449366 800068 453090 171499 453090 847837
453171 157438 453171 800068 453090 171499 453090 847837
453171 157438 453171 800068 457122 171499 457122 847837
453171 157438 453171 800068 459506 171499 459506 847837
453171 157438 453171 800068 459568 171499 459568 847837
453171 157438 453171 800068 459738 171499 459738 847837
453171 157438 453171 800068 462553 171499 462553 847837
453171 157438 453171 800068 464323 171499 464323 847837
468832 157438 468832 800068 464323 171499 464323 847837
468832 157438 468832 800068 469738 171499 469738 847837
468832 157438 468832 800068 470457 171499 470457 847837
468832 157438 468832 800068 472781 171499 472781 847837
468832 157438 468832 800068 473200 171499 473200 847837
468832 157438 468832 800068 477012 171499 477012 847837
468832 157438 468832 800068 477902 171499 477902 847837
468832 157438 468832 800068 482754 171499 482754 847837
468832 157438 468832 800068 482984 171499 482984 847837
468832 157438 468832 800068 483008 171499 483008 847837
468832 157438 468832 800068 483926 171499 483926 847837
468832 157438 468832 800068 484050 171499 484050 847837
468832 157438 468832 800068 488050 171499 488050 847837
488731 157438 488731 800068 488050 171499 488050 847837
488731 157438 488731 800068 488933 171499 488933 847837
488731 157438 488731 800068 490351 171499 490351 847837
488731 157438 488731 800068 494221 171499 494221 847837
488731 157438 488731 800068 499273 171499 499273 847837
488731 157438 488731 800068 502438 171499 502438 847837
488731 157438 488731 800068 504349 171499 504349 847837
488731 157438 488731 800068 506805 171499 506805 847837
488731 157438 488731 800068 508680 171499 508680 847837
488731 157438 488731 800068 509900 171499 509900 847837
488731 157438 488731 800068 510503 171499 510503 847837
488731 157438 488731 800068 512260 171499 512260 847837
488731 157438 488731 800068 512416 171499 512416 847837
512675 157438 512675 800068 512416 171499 512416 847837
512675 157438 512675 800068 512727 171499 512727 847837
514702 157438 514702 800068 512727 171499 512727 847837
514702 157438 514702 800068 516210 171499 516210 847837
514702 157438 514702 800068 518451 171499 518451 847837
514702 157438 514702 800068 522915 171499 522915 847837
514702 157438 514702 800068 523564 171499 523564 847837
514702 157438 514702 800068 525657 171499 525657 847837
514702 157438 514702 800068 526080 171499 526080 847837
514702 157438 514702 800068 528180 171499 528180 847837
533357 157438 533357 800068 528180 171499 528180 847837
533357 157438 533357 800068 533985 171499 533985 847837
533357 157438 533357 800068 538937 171499 538937 847837
533357 157438 533357 800068 548188 171499 548188 847837
558360 157438 558360 800068 548188 171499 548188 847837
558360 157438 558360 800068 564440 171499 564440 847837
558360 157438 558360 800068 565694 171499 565694 847837
558360 157438 558360 800068 575541 171499 575541 847837
581894 157438 581894 800068 575541 171499 575541 847837
581894 157438 581894 800068 587691 171499 587691 847837
588616 157438 588616 800068 587691 171499 587691 847837
597199 157438 597199 800068 587691 171499 587691 847837
598587 157438 598587 800068 587691 171499 587691 847837
598587 157438 598587 800068 602239 171499 602239 847837
598587 157438 598587 800068 602638 171499 602638 847837
598587 157438 598587 800068 608224 171499 608224 847837
598587 157438 598587 800068 611752 171499 611752 847837
624474 157438 624474 800068 611752 171499 611752 847837
624474 157438 624474 800068 635067 171499 635067 847837
636985 157438 636985 800068 635067 171499 635067 847837
639285 157438 639285 800068 635067 171499 635067 847837
639285 157438 639285 800068 641653 171499 641653 847837
648818 157438 648818 800068 641653 171499 641653 847837
651457 157438 651457 800068 641653 171499 641653 847837
652598 157438 652598 800068 641653 171499 641653 847837
668015 157438 668015 800068 641653 171499 641653 847837
671496 157438 671496 800068 641653 171499 641653 847837
671496 157438 671496 800068 680426 171499 680426 847837
684368 157438 684368 800068 680426 171499 680426 847837
684439 157438 684439 800068 680426 171499 680426 847837
687284 157438 687284 800068 680426 171499 680426 847837
688033 157438 688033 800068 680426 171499 680426 847837
705116 157438 705116 800068 680426 171499 680426 847837
705116 157438 705116 800068 706012 171499 706012 847837
706718 157438 706718 800068 706012 171499 706012 847837
714722 157438 714722 800068 706012 171499 706012 847837
714722 157438 714722 800068 716839 171499 716839 847837
719647 157438 719647 800068 716839 171499 716839 847837
719647 157438 719647 800068 721995 171499 721995 847837
723558 157438 723558 800068 721995 171499 721995 847837
723558 157438 723558 800068 738496 171499 738496 847837
723558 157438 723558 800068 746103 171499 746103 847837
750850 157438 750850 800068 746103 171499 746103 847837
750850 157438 750850 800068 752964 171499 752964 847837
753500 157438 753500 800068 752964 171499 752964 847837
755422 157438 755422 800068 752964 171499 752964 847837
755422 157438 755422 800068 757033 171499 757033 847837
759487 157438 759487 800068 757033 171499 757033 847837
768108 157438 768108 800068 757033 171499 757033 847837
768983 157438 768983 800068 757033 171499 757033 847837
768983 157438 768983 800068 769448 171499 769448 847837
768983 157438 768983 800068 779734 171499 779734 847837
781332 157438 781332 800068 779734 171499 779734 847837
781332 157438 781332 800068 782371 171499 782371 847837
787102 157438 787102 800068 782371 171499 782371 847837
796123 157438 796123 800068 782371 171499 782371 847837
796123 157438 796123 800068 818063 171499 818063 847837
820221 157438 820221 800068 818063 171499 818063 847837
821220 157438 821220 800068 818063 171499 818063 847837
822006 157438 822006 800068 818063 171499 818063 847837
822068 157438 822068 800068 818063 171499 818063 847837
831892 157438 831892 800068 818063 171499 818063 847837
835193 157438 835193 800068 818063 171499 818063 847837
837160 157438 837160 800068 818063 171499 818063 847837
842462 157438 842462 800068 818063 171499 818063 847837
880147 157438 880147 800068 818063 171499 818063 847837
942312 157438 942312 800068 818063 171499 818063 847837
