171129 36672 171129 877063 125751 167485 125751 976213
171129 36672 171129 877063 125751 167485 125751 976213
174797 36672 174797 877063 125751 167485 125751 976213
177366 36672 177366 877063 125751 167485 125751 976213
177366 36672 177366 877063 194264 167485 194264 976213
213139 36672 213139 877063 194264 167485 194264 976213
231737 36672 231737 877063 194264 167485 194264 976213
235127 36672 235127 877063 194264 167485 194264 976213
239941 36672 239941 877063 194264 167485 194264 976213
239941 36672 239941 877063 258899 167485 258899 976213
260946 36672 260946 877063 258899 167485 258899 976213
271842 36672 271842 877063 258899 167485 258899 976213
271842 36672 271842 877063 284171 167485 284171 976213
271842 36672 271842 877063 288653 167485 288653 976213
271842 36672 271842 877063 289633 167485 289633 976213
291539 36672 291539 877063 289633 167485 289633 976213
296437 36672 296437 877063 289633 167485 289633 976213
296437 36672 296437 877063 299162 167485 299162 976213
302451 36672 302451 877063 299162 167485 299162 976213
309580 36672 309580 877063 299162 167485 299162 976213
314410 36672 314410 877063 299162 167485 299162 976213
316042 36672 316042 877063 299162 167485 299162 976213
316687 36672 316687 877063 299162 167485 299162 976213
316737 36672 316737 877063 299162 167485 299162 976213
327226 36672 327226 877063 299162 167485 299162 976213
328826 36672 328826 877063 299162 167485 299162 976213
328826 36672 328826 877063 329740 167485 329740 976213
328826 36672 328826 877063 329840 167485 329840 976213
328826 36672 328826 877063 341347 167485 341347 976213
343756 36672 343756 877063 341347 167485 341347 976213
351943 36672 351943 877063 341347 167485 341347 976213
351943 36672 351943 877063 354211 167485 354211 976213
351943 36672 351943 877063 360647 167485 360647 976213
351943 36672 351943 877063 362911 167485 362911 976213
351943 36672 351943 877063 366922 167485 366922 976213
351943 36672 351943 877063 384458 167485 384458 976213
351943 36672 351943 877063 385644 167485 385644 976213
385962 36672 385962 877063 385644 167485 385644 976213
387383 36672 387383 877063 385644 167485 385644 976213
387805 36672 387805 877063 385644 167485 385644 976213
392633 36672 392633 877063 385644 167485 385644 976213
392633 36672 392633 877063 393396 167485 393396 976213
397081 36672 397081 877063 393396 167485 393396 976213
397081 36672 397081 877063 397635 167485 397635 976213
402255 36672 402255 877063 397635 167485 397635 976213
406574 36672 406574 877063 397635 167485 397635 976213
406574 36672 406574 877063 412660 167485 412660 976213
406574 36672 406574 877063 414626 167485 414626 976213
406574 36672 406574 877063 415454 167485 415454 976213
422098 36672 422098 877063 415454 167485 415454 976213
422098 36672 422098 877063 424153 167485 424153 976213
429373 36672 429373 877063 424153 167485 424153 976213
429373 36672 429373 877063 438797 167485 438797 976213
429373 36672 429373 877063 441346 167485 441346 976213
429373 36672 429373 877063 443510 167485 443510 976213
448413 36672 448413 877063 443510 167485 443510 976213
453436 36672 453436 877063 443510 167485 443510 976213
453436 36672 453436 877063 461478 167485 461478 976213
453436 36672 453436 877063 463020 167485 463020 976213
453436 36672 453436 877063 469885 167485 469885 976213
453436 36672 453436 877063 474776 167485 474776 976213
453436 36672 453436 877063 483072 167485 483072 976213
453436 36672 453436 877063 484660 167485 484660 976213
496136 36672 496136 877063 484660 167485 484660 976213
503993 36672 503993 877063 484660 167485 484660 976213
504889 36672 504889 877063 484660 167485 484660 976213
504889 36672 504889 877063 506041 167485 506041 976213
504889 36672 504889 877063 515353 167485 515353 976213
504889 36672 504889 877063 518917 167485 518917 976213
504889 36672 504889 877063 528232 167485 528232 976213
528542 36672 528542 877063 528232 167485 528232 976213
528542 36672 528542 877063 531504 167485 531504 976213
528542 36672 528542 877063 533527 167485 533527 976213
535664 36672 535664 877063 533527 167485 533527 976213
538313 36672 538313 877063 533527 167485 533527 976213
539098 36672 539098 877063 533527 167485 533527 976213
539098 36672 539098 877063 550513 167485 550513 976213
539098 36672 539098 877063 553096 167485 553096 976213
539098 36672 539098 877063 554971 167485 554971 976213
539098 36672 539098 877063 560674 167485 560674 976213
563835 36672 563835 877063 560674 167485 560674 976213
563835 36672 563835 877063 564393 167485 564393 976213
563835 36672 563835 877063 569612 167485 569612 976213
563835 36672 563835 877063 573211 167485 573211 976213
563835 36672 563835 877063 583082 167485 583082 976213
563835 36672 563835 877063 585071 167485 585071 976213
563835 36672 563835 877063 586081 167485 586081 976213
563835 36672 563835 877063 588496 167485 588496 976213
590063 36672 590063 877063 588496 167485 588496 976213
590246 36672 590246 877063 588496 167485 588496 976213
590246 36672 590246 877063 590926 167485 590926 976213
592530 36672 592530 877063 590926 167485 590926 976213
592530 36672 592530 877063 594449 167485 594449 976213
598413 36672 598413 877063 594449 167485 594449 976213
599146 36672 599146 877063 594449 167485 594449 976213
601983 36672 601983 877063 594449 167485 594449 976213
601983 36672 601983 877063 605851 167485 605851 976213
606420 36672 606420 877063 605851 167485 605851 976213
606420 36672 606420 877063 606908 167485 606908 976213
606420 36672 606420 877063 606962 167485 606962 976213
607522 36672 607522 877063 606962 167485 606962 976213
607522 36672 607522 877063 607587 167485 607587 976213
607522 36672 607522 877063 609175 167485 609175 976213
607522 36672 607522 877063 611504 167485 611504 976213
607522 36672 607522 877063 611528 167485 611528 976213
611877 36672 611877 877063 611528 167485 611528 976213
611877 36672 611877 877063 613864 167485 613864 976213
611877 36672 611877 877063 614774 167485 614774 976213
611877 36672 611877 877063 614984 167485 614984 976213
616305 36672 616305 877063 614984 167485 614984 976213
616305 36672 616305 877063 616721 167485 616721 976213
616305 36672 616305 877063 619292 167485 619292 976213
616305 36672 616305 877063 620408 167485 620408 976213
616305 36672 616305 877063 621180 167485 621180 976213
616305 36672 616305 877063 623737 167485 623737 976213
616305 36672 616305 877063 623935 167485 623935 976213
616305 36672 616305 877063 627979 167485 627979 976213
616305 36672 616305 877063 632300 167485 632300 976213
616305 36672 616305 877063 635895 167485 635895 976213
616305 36672 616305 877063 641406 167485 641406 976213
616305 36672 616305 877063 641438 167485 641438 976213
616305 36672 616305 877063 643639 167485 643639 976213
646333 36672 646333 877063 643639 167485 643639 976213
646333 36672 646333 877063 648696 167485 648696 976213
649002 36672 649002 877063 648696 167485 648696 976213
649402 36672 649402 877063 648696 167485 648696 976213
649402 36672 649402 877063 649987 167485 649987 976213
649402 36672 649402 877063 651069 167485 651069 976213
649402 36672 649402 877063 651552 167485 651552 976213
652270 36672 652270 877063 651552 167485 651552 976213
652270 36672 652270 877063 653656 167485 653656 976213
652270 36672 652270 877063 654149 167485 654149 976213
654507 36672 654507 877063 654149 167485 654149 976213
654507 36672 654507 877063 655164 167485 655164 976213
654507 36672 654507 877063 655700 167485 655700 976213
656103 36672 656103 877063 655700 167485 655700 976213
656103 36672 656103 877063 657222 167485 657222 976213
657706 36672 657706 877063 657222 167485 657222 976213
657706 36672 657706 877063 659176 167485 659176 976213
657706 36672 657706 877063 661448 167485 661448 976213
657706 36672 657706 877063 661565 167485 661565 976213
657706 36672 657706 877063 662369 167485 662369 976213
666616 36672 666616 877063 662369 167485 662369 976213
667547 36672 667547 877063 662369 167485 662369 976213
667547 36672 667547 877063 669980 167485 669980 976213
670146 36672 670146 877063 669980 167485 669980 976213
670523 36672 670523 877063 669980 167485 669980 976213
670523 36672 670523 877063 671151 167485 671151 976213
670523 36672 670523 877063 676347 167485 676347 976213
670523 36672 670523 877063 677450 167485 677450 976213
670523 36672 670523 877063 679831 167485 679831 976213
670523 36672 670523 877063 683392 167485 683392 976213
683426 36672 683426 877063 683392 167485 683392 976213
683426 36672 683426 877063 687346 167485 687346 976213
694264 36672 694264 877063 687346 167485 687346 976213
694270 36672 694270 877063 687346 167485 687346 976213
695576 36672 695576 877063 687346 167485 687346 976213
696666 36672 696666 877063 687346 167485 687346 976213
696666 36672 696666 877063 701643 167485 701643 976213
702095 36672 702095 877063 701643 167485 701643 976213
702095 36672 702095 877063 702242 167485 702242 976213
706470 36672 706470 877063 702242 167485 702242 976213
707806 36672 707806 877063 702242 167485 702242 976213
707806 36672 707806 877063 708196 167485 708196 976213
707806 36672 707806 877063 708362 167485 708362 976213
711780 36672 711780 877063 708362 167485 708362 976213
712795 36672 712795 877063 708362 167485 708362 976213
713214 36672 713214 877063 708362 167485 708362 976213
716728 36672 716728 877063 708362 167485 708362 976213
718613 36672 718613 877063 708362 167485 708362 976213
720261 36672 720261 877063 708362 167485 708362 976213
720446 36672 720446 877063 708362 167485 708362 976213
723361 36672 723361 877063 708362 167485 708362 976213
724586 36672 724586 877063 708362 167485 708362 976213
728705 36672 728705 877063 708362 167485 708362 976213
733776 36672 733776 877063 708362 167485 708362 976213
733776 36672 733776 877063 735565 167485 735565 976213
738799 36672 738799 877063 735565 167485 735565 976213
738799 36672 738799 877063 739743 167485 739743 976213
741881 36672 741881 877063 739743 167485 739743 976213
742109 36672 742109 877063 739743 167485 739743 976213
746469 36672 746469 877063 739743 167485 739743 976213
750265 36672 750265 877063 739743 167485 739743 976213
755739 36672 755739 877063 739743 167485 739743 976213
757358 36672 757358 877063 739743 167485 739743 976213
757761 36672 757761 877063 739743 167485 739743 976213
762071 36672 762071 877063 739743 167485 739743 976213
762071 36672 762071 877063 774132 167485 774132 976213
779958 36672 779958 877063 774132 167485 774132 976213
779958 36672 779958 877063 781186 167485 781186 976213
782950 36672 782950 877063 781186 167485 781186 976213
783553 36672 783553 877063 781186 167485 781186 976213
786035 36672 786035 877063 781186 167485 781186 976213
798419 36672 798419 877063 781186 167485 781186 976213
799721 36672 799721 877063 781186 167485 781186 976213
822501 36672 822501 877063 781186 167485 781186 976213
841102 36672 841102 877063 781186 167485 781186 976213
851766 36672 851766 877063 781186 167485 781186 976213
881596 36672 881596 877063 781186 167485 781186 976213
884159 36672 884159 877063 781186 167485 781186 976213
