173380 205862 173380 872344 56319 229790 56319 873454
173380 205862 173380 872344 56319 229790 56319 873454
173380 205862 173380 872344 102747 229790 102747 873454
173380 205862 173380 872344 103114 229790 103114 873454
173380 205862 173380 872344 137930 229790 137930 873454
173380 205862 173380 872344 141173 229790 141173 873454
173380 205862 173380 872344 170299 229790 170299 873454
173380 205862 173380 872344 174276 229790 174276 873454
173380 205862 173380 872344 182005 229790 182005 873454
192831 205862 192831 872344 182005 229790 182005 873454
193865 205862 193865 872344 182005 229790 182005 873454
194077 205862 194077 872344 182005 229790 182005 873454
200670 205862 200670 872344 182005 229790 182005 873454
200670 205862 200670 872344 204308 229790 204308 873454
200670 205862 200670 872344 205061 229790 205061 873454
212158 205862 212158 872344 205061 229790 205061 873454
212466 205862 212466 872344 205061 229790 205061 873454
212964 205862 212964 872344 205061 229790 205061 873454
212964 205862 212964 872344 214027 229790 214027 873454
215175 205862 215175 872344 214027 229790 214027 873454
218344 205862 218344 872344 214027 229790 214027 873454
222069 205862 222069 872344 214027 229790 214027 873454
222069 205862 222069 872344 222639 229790 222639 873454
222644 205862 222644 872344 222639 229790 222639 873454
222644 205862 222644 872344 228960 229790 228960 873454
231832 205862 231832 872344 228960 229790 228960 873454
232818 205862 232818 872344 228960 229790 228960 873454
234624 205862 234624 872344 228960 229790 228960 873454
234624 205862 234624 872344 244149 229790 244149 873454
234624 205862 234624 872344 244331 229790 244331 873454
234624 205862 234624 872344 247492 229790 247492 873454
248896 205862 248896 872344 247492 229790 247492 873454
258414 205862 258414 872344 247492 229790 247492 873454
259302 205862 259302 872344 247492 229790 247492 873454
259302 205862 259302 872344 259701 229790 259701 873454
261114 205862 261114 872344 259701 229790 259701 873454
261114 205862 261114 872344 261987 229790 261987 873454
262358 205862 262358 872344 261987 229790 261987 873454
262731 205862 262731 872344 261987 229790 261987 873454
263360 205862 263360 872344 261987 229790 261987 873454
263746 205862 263746 872344 261987 229790 261987 873454
263798 205862 263798 872344 261987 229790 261987 873454
264486 205862 264486 872344 261987 229790 261987 873454
266109 205862 266109 872344 261987 229790 261987 873454
266109 205862 266109 872344 268174 229790 268174 873454
273024 205862 273024 872344 268174 229790 268174 873454
274835 205862 274835 872344 268174 229790 268174 873454
275631 205862 275631 872344 268174 229790 268174 873454
275631 205862 275631 872344 277985 229790 277985 873454
275631 205862 275631 872344 278562 229790 278562 873454
282595 205862 282595 872344 278562 229790 278562 873454
282880 205862 282880 872344 278562 229790 278562 873454
282940 205862 282940 872344 278562 229790 278562 873454
283708 205862 283708 872344 278562 229790 278562 873454
284335 205862 284335 872344 278562 229790 278562 873454
284907 205862 284907 872344 278562 229790 278562 873454
284907 205862 284907 872344 287811 229790 287811 873454
287924 205862 287924 872344 287811 229790 287811 873454
288341 205862 288341 872344 287811 229790 287811 873454
289542 205862 289542 872344 287811 229790 287811 873454
290301 205862 290301 872344 287811 229790 287811 873454
290700 205862 290700 872344 287811 229790 287811 873454
292461 205862 292461 872344 287811 229790 287811 873454
293126 205862 293126 872344 287811 229790 287811 873454
293126 205862 293126 872344 293209 229790 293209 873454
293630 205862 293630 872344 293209 229790 293209 873454
293794 205862 293794 872344 293209 229790 293209 873454
294610 205862 294610 872344 293209 229790 293209 873454
294610 205862 294610 872344 295698 229790 295698 873454
294610 205862 294610 872344 298843 229790 298843 873454
294610 205862 294610 872344 298959 229790 298959 873454
294610 205862 294610 872344 299641 229790 299641 873454
294610 205862 294610 872344 303058 229790 303058 873454
304960 205862 304960 872344 303058 229790 303058 873454
307524 205862 307524 872344 303058 229790 303058 873454
307524 205862 307524 872344 318491 229790 318491 873454
307524 205862 307524 872344 322900 229790 322900 873454
307524 205862 307524 872344 324113 229790 324113 873454
324412 205862 324412 872344 324113 229790 324113 873454
324412 205862 324412 872344 325591 229790 325591 873454
324412 205862 324412 872344 327914 229790 327914 873454
328309 205862 328309 872344 327914 229790 327914 873454
328309 205862 328309 872344 331494 229790 331494 873454
334229 205862 334229 872344 331494 229790 331494 873454
334229 205862 334229 872344 334875 229790 334875 873454
334229 205862 334229 872344 336246 229790 336246 873454
334229 205862 334229 872344 355122 229790 355122 873454
334229 205862 334229 872344 355400 229790 355400 873454
355986 205862 355986 872344 355400 229790 355400 873454
355986 205862 355986 872344 361515 229790 361515 873454
362001 205862 362001 872344 361515 229790 361515 873454
362182 205862 362182 872344 361515 229790 361515 873454
362182 205862 362182 872344 362679 229790 362679 873454
362182 205862 362182 872344 364300 229790 364300 873454
362182 205862 362182 872344 369134 229790 369134 873454
362182 205862 362182 872344 371620 229790 371620 873454
362182 205862 362182 872344 376147 229790 376147 873454
362182 205862 362182 872344 378232 229790 378232 873454
362182 205862 362182 872344 381574 229790 381574 873454
362182 205862 362182 872344 383836 229790 383836 873454
388185 205862 388185 872344 383836 229790 383836 873454
388185 205862 388185 872344 394084 229790 394084 873454
388185 205862 388185 872344 404870 229790 404870 873454
388185 205862 388185 872344 411797 229790 411797 873454
388185 205862 388185 872344 418105 229790 418105 873454
388185 205862 388185 872344 419302 229790 419302 873454
388185 205862 388185 872344 422819 229790 422819 873454
388185 205862 388185 872344 425760 229790 425760 873454
388185 205862 388185 872344 440392 229790 440392 873454
442484 205862 442484 872344 440392 229790 440392 873454
442484 205862 442484 872344 447613 229790 447613 873454
442484 205862 442484 872344 448160 229790 448160 873454
442484 205862 442484 872344 450209 229790 450209 873454
442484 205862 442484 872344 464736 229790 464736 873454
442484 205862 442484 872344 464936 229790 464936 873454
442484 205862 442484 872344 470713 229790 470713 873454
442484 205862 442484 872344 477515 229790 477515 873454
442484 205862 442484 872344 479346 229790 479346 873454
442484 205862 442484 872344 483535 229790 483535 873454
442484 205862 442484 872344 484130 229790 484130 873454
442484 205862 442484 872344 490558 229790 490558 873454
442484 205862 442484 872344 506198 229790 506198 873454
442484 205862 442484 872344 506390 229790 506390 873454
442484 205862 442484 872344 514842 229790 514842 873454
442484 205862 442484 872344 518257 229790 518257 873454
442484 205862 442484 872344 539805 229790 539805 873454
544264 205862 544264 872344 539805 229790 539805 873454
560257 205862 560257 872344 539805 229790 539805 873454
565516 205862 565516 872344 539805 229790 539805 873454
565516 205862 565516 872344 576955 229790 576955 873454
578570 205862 578570 872344 576955 229790 576955 873454
580358 205862 580358 872344 576955 229790 576955 873454
583765 205862 583765 872344 576955 229790 576955 873454
589864 205862 589864 872344 576955 229790 576955 873454
590078 205862 590078 872344 576955 229790 576955 873454
610054 205862 610054 872344 576955 229790 576955 873454
620471 205862 620471 872344 576955 229790 576955 873454
620471 205862 620471 872344 630858 229790 630858 873454
635290 205862 635290 872344 630858 229790 630858 873454
638815 205862 638815 872344 630858 229790 630858 873454
640355 205862 640355 872344 630858 229790 630858 873454
641755 205862 641755 872344 630858 229790 630858 873454
641755 205862 641755 872344 651558 229790 651558 873454
654717 205862 654717 872344 651558 229790 651558 873454
655159 205862 655159 872344 651558 229790 651558 873454
655159 205862 655159 872344 657477 229790 657477 873454
659677 205862 659677 872344 657477 229790 657477 873454
659677 205862 659677 872344 663122 229790 663122 873454
659677 205862 659677 872344 665582 229790 665582 873454
659677 205862 659677 872344 670991 229790 670991 873454
673557 205862 673557 872344 670991 229790 670991 873454
673758 205862 673758 872344 670991 229790 670991 873454
673758 205862 673758 872344 675559 229790 675559 873454
673758 205862 673758 872344 682408 229790 682408 873454
673758 205862 673758 872344 683065 229790 683065 873454
689985 205862 689985 872344 683065 229790 683065 873454
692302 205862 692302 872344 683065 229790 683065 873454
692302 205862 692302 872344 692948 229790 692948 873454
694383 205862 694383 872344 692948 229790 692948 873454
694383 205862 694383 872344 701869 229790 701869 873454
702361 205862 702361 872344 701869 229790 701869 873454
702361 205862 702361 872344 708113 229790 708113 873454
713125 205862 713125 872344 708113 229790 708113 873454
717238 205862 717238 872344 708113 229790 708113 873454
717669 205862 717669 872344 708113 229790 708113 873454
717669 205862 717669 872344 718027 229790 718027 873454
723228 205862 723228 872344 718027 229790 718027 873454
724778 205862 724778 872344 718027 229790 718027 873454
727700 205862 727700 872344 718027 229790 718027 873454
731601 205862 731601 872344 718027 229790 718027 873454
731601 205862 731601 872344 733153 229790 733153 873454
731601 205862 731601 872344 734069 229790 734069 873454
735275 205862 735275 872344 734069 229790 734069 873454
735676 205862 735676 872344 734069 229790 734069 873454
735676 205862 735676 872344 737185 229790 737185 873454
735676 205862 735676 872344 739185 229790 739185 873454
749428 205862 749428 872344 739185 229790 739185 873454
750053 205862 750053 872344 739185 229790 739185 873454
750053 205862 750053 872344 752106 229790 752106 873454
755116 205862 755116 872344 752106 229790 752106 873454
759588 205862 759588 872344 752106 229790 752106 873454
763287 205862 763287 872344 752106 229790 752106 873454
763287 205862 763287 872344 764013 229790 764013 873454
767527 205862 767527 872344 764013 229790 764013 873454
769044 205862 769044 872344 764013 229790 764013 873454
769044 205862 769044 872344 770140 229790 770140 873454
771289 205862 771289 872344 770140 229790 770140 873454
776924 205862 776924 872344 770140 229790 770140 873454
785178 205862 785178 872344 770140 229790 770140 873454
785178 205862 785178 872344 807152 229790 807152 873454
785178 205862 785178 872344 810709 229790 810709 873454
814475 205862 814475 872344 810709 229790 810709 873454
814475 205862 814475 872344 815065 229790 815065 873454
814475 205862 814475 872344 817302 229790 817302 873454
818233 205862 818233 872344 817302 229790 817302 873454
818233 205862 818233 872344 832990 229790 832990 873454
840488 205862 840488 872344 832990 229790 832990 873454
840488 205862 840488 872344 886749 229790 886749 873454
840488 205862 840488 872344 931266 229790 931266 873454
840488 205862 840488 872344 994343 229790 994343 873454
