228214 128096 228214 900362 144149 99100 144149 809913
228214 128096 228214 900362 144149 99100 144149 809913
228214 128096 228214 900362 222201 99100 222201 809913
228214 128096 228214 900362 247368 99100 247368 809913
228214 128096 228214 900362 252841 99100 252841 809913
228214 128096 228214 900362 257723 99100 257723 809913
228214 128096 228214 900362 257727 99100 257727 809913
228214 128096 228214 900362 264588 99100 264588 809913
228214 128096 228214 900362 267624 99100 267624 809913
228214 128096 228214 900362 278959 99100 278959 809913
228214 128096 228214 900362 281883 99100 281883 809913
228214 128096 228214 900362 281955 99100 281955 809913
228214 128096 228214 900362 290433 99100 290433 809913
228214 128096 228214 900362 291658 99100 291658 809913
228214 128096 228214 900362 294798 99100 294798 809913
228214 128096 228214 900362 296101 99100 296101 809913
228214 128096 228214 900362 296475 99100 296475 809913
228214 128096 228214 900362 298945 99100 298945 809913
228214 128096 228214 900362 301073 99100 301073 809913
228214 128096 228214 900362 301551 99100 301551 809913
228214 128096 228214 900362 302763 99100 302763 809913
309009 128096 309009 900362 302763 99100 302763 809913
309009 128096 309009 900362 311995 99100 311995 809913
312699 128096 312699 900362 311995 99100 311995 809913
312699 128096 312699 900362 313187 99100 313187 809913
312699 128096 312699 900362 316296 99100 316296 809913
330083 128096 330083 900362 316296 99100 316296 809913
330083 128096 330083 900362 332847 99100 332847 809913
330083 128096 330083 900362 333276 99100 333276 809913
330083 128096 330083 900362 336754 99100 336754 809913
338231 128096 338231 900362 336754 99100 336754 809913
338231 128096 338231 900362 341985 99100 341985 809913
338231 128096 338231 900362 350706 99100 350706 809913
338231 128096 338231 900362 354156 99100 354156 809913
338231 128096 338231 900362 354185 99100 354185 809913
338231 128096 338231 900362 355335 99100 355335 809913
338231 128096 338231 900362 359269 99100 359269 809913
338231 128096 338231 900362 367373 99100 367373 809913
338231 128096 338231 900362 370423 99100 370423 809913
338231 128096 338231 900362 372221 99100 372221 809913
376340 128096 376340 900362 372221 99100 372221 809913
376340 128096 376340 900362 377705 99100 377705 809913
392567 128096 392567 900362 377705 99100 377705 809913
393599 128096 393599 900362 377705 99100 377705 809913
398346 128096 398346 900362 377705 99100 377705 809913
412774 128096 412774 900362 377705 99100 377705 809913
419462 128096 419462 900362 377705 99100 377705 809913
419462 128096 419462 900362 420516 99100 420516 809913
421943 128096 421943 900362 420516 99100 420516 809913
421943 128096 421943 900362 423513 99100 423513 809913
425193 128096 425193 900362 423513 99100 423513 809913
427349 128096 427349 900362 423513 99100 423513 809913
448406 128096 448406 900362 423513 99100 423513 809913
448406 128096 448406 900362 452159 99100 452159 809913
448406 128096 448406 900362 454029 99100 454029 809913
456100 128096 456100 900362 454029 99100 454029 809913
457804 128096 457804 900362 454029 99100 454029 809913
459941 128096 459941 900362 454029 99100 454029 809913
461163 128096 461163 900362 454029 99100 454029 809913
461550 128096 461550 900362 454029 99100 454029 809913
465988 128096 465988 900362 454029 99100 454029 809913
465988 128096 465988 900362 466011 99100 466011 809913
470552 128096 470552 900362 466011 99100 466011 809913
474157 128096 474157 900362 466011 99100 466011 809913
476618 128096 476618 900362 466011 99100 466011 809913
480392 128096 480392 900362 466011 99100 466011 809913
480560 128096 480560 900362 466011 99100 466011 809913
483779 128096 483779 900362 466011 99100 466011 809913
488549 128096 488549 900362 466011 99100 466011 809913
489002 128096 489002 900362 466011 99100 466011 809913
491186 128096 491186 900362 466011 99100 466011 809913
492790 128096 492790 900362 466011 99100 466011 809913
493149 128096 493149 900362 466011 99100 466011 809913
495048 128096 495048 900362 466011 99100 466011 809913
495973 128096 495973 900362 466011 99100 466011 809913
495973 128096 495973 900362 497492 99100 497492 809913
503554 128096 503554 900362 497492 99100 497492 809913
505306 128096 505306 900362 497492 99100 497492 809913
506025 128096 506025 900362 497492 99100 497492 809913
509913 128096 509913 900362 497492 99100 497492 809913
511220 128096 511220 900362 497492 99100 497492 809913
511561 128096 511561 900362 497492 99100 497492 809913
513163 128096 513163 900362 497492 99100 497492 809913
513373 128096 513373 900362 497492 99100 497492 809913
513373 128096 513373 900362 513395 99100 513395 809913
513373 128096 513373 900362 514655 99100 514655 809913
515716 128096 515716 900362 514655 99100 514655 809913
515721 128096 515721 900362 514655 99100 514655 809913
517491 128096 517491 900362 514655 99100 514655 809913
517491 128096 517491 900362 520114 99100 520114 809913
520334 128096 520334 900362 520114 99100 520114 809913
520678 128096 520678 900362 520114 99100 520114 809913
520825 128096 520825 900362 520114 99100 520114 809913
522028 128096 522028 900362 520114 99100 520114 809913
522751 128096 522751 900362 520114 99100 520114 809913
528882 128096 528882 900362 520114 99100 520114 809913
529525 128096 529525 900362 520114 99100 520114 809913
529687 128096 529687 900362 520114 99100 520114 809913
529687 128096 529687 900362 530086 99100 530086 809913
529687 128096 529687 900362 530441 99100 530441 809913
530505 128096 530505 900362 530441 99100 530441 809913
530600 128096 530600 900362 530441 99100 530441 809913
531540 128096 531540 900362 530441 99100 530441 809913
533706 128096 533706 900362 530441 99100 530441 809913
535310 128096 535310 900362 530441 99100 530441 809913
536179 128096 536179 900362 530441 99100 530441 809913
537020 128096 537020 900362 530441 99100 530441 809913
537041 128096 537041 900362 530441 99100 530441 809913
537575 128096 537575 900362 530441 99100 530441 809913
537575 128096 537575 900362 540467 99100 540467 809913
542680 128096 542680 900362 540467 99100 540467 809913
550739 128096 550739 900362 540467 99100 540467 809913
553668 128096 553668 900362 540467 99100 540467 809913
554533 128096 554533 900362 540467 99100 540467 809913
554533 128096 554533 900362 555245 99100 555245 809913
558842 128096 558842 900362 555245 99100 555245 809913
560720 128096 560720 900362 555245 99100 555245 809913
560720 128096 560720 900362 561883 99100 561883 809913
570957 128096 570957 900362 561883 99100 561883 809913
571644 128096 571644 900362 561883 99100 561883 809913
572266 128096 572266 900362 561883 99100 561883 809913
575255 128096 575255 900362 561883 99100 561883 809913
575255 128096 575255 900362 576360 99100 576360 809913
576724 128096 576724 900362 576360 99100 576360 809913
576724 128096 576724 900362 581048 99100 581048 809913
576724 128096 576724 900362 581916 99100 581916 809913
576724 128096 576724 900362 583431 99100 583431 809913
576724 128096 576724 900362 591924 99100 591924 809913
595499 128096 595499 900362 591924 99100 591924 809913
598443 128096 598443 900362 591924 99100 591924 809913
598443 128096 598443 900362 599127 99100 599127 809913
598443 128096 598443 900362 599348 99100 599348 809913
598443 128096 598443 900362 603032 99100 603032 809913
604562 128096 604562 900362 603032 99100 603032 809913
605493 128096 605493 900362 603032 99100 603032 809913
605493 128096 605493 900362 608401 99100 608401 809913
614640 128096 614640 900362 608401 99100 608401 809913
617281 128096 617281 900362 608401 99100 608401 809913
618854 128096 618854 900362 608401 99100 608401 809913
618854 128096 618854 900362 621250 99100 621250 809913
618854 128096 618854 900362 622249 99100 622249 809913
618854 128096 618854 900362 622794 99100 622794 809913
618854 128096 618854 900362 626392 99100 626392 809913
618854 128096 618854 900362 632143 99100 632143 809913
618854 128096 618854 900362 633315 99100 633315 809913
618854 128096 618854 900362 639056 99100 639056 809913
618854 128096 618854 900362 641602 99100 641602 809913
618854 128096 618854 900362 645027 99100 645027 809913
618854 128096 618854 900362 648292 99100 648292 809913
618854 128096 618854 900362 650756 99100 650756 809913
618854 128096 618854 900362 652155 99100 652155 809913
618854 128096 618854 900362 657598 99100 657598 809913
618854 128096 618854 900362 663418 99100 663418 809913
618854 128096 618854 900362 663515 99100 663515 809913
618854 128096 618854 900362 664841 99100 664841 809913
665107 128096 665107 900362 664841 99100 664841 809913
665107 128096 665107 900362 672211 99100 672211 809913
676113 128096 676113 900362 672211 99100 672211 809913
676505 128096 676505 900362 672211 99100 672211 809913
676505 128096 676505 900362 678241 99100 678241 809913
681592 128096 681592 900362 678241 99100 678241 809913
681942 128096 681942 900362 678241 99100 678241 809913
681942 128096 681942 900362 683782 99100 683782 809913
684390 128096 684390 900362 683782 99100 683782 809913
684390 128096 684390 900362 687839 99100 687839 809913
684390 128096 684390 900362 694449 99100 694449 809913
684390 128096 684390 900362 695301 99100 695301 809913
684390 128096 684390 900362 696054 99100 696054 809913
700243 128096 700243 900362 696054 99100 696054 809913
700243 128096 700243 900362 704078 99100 704078 809913
700243 128096 700243 900362 704911 99100 704911 809913
706307 128096 706307 900362 704911 99100 704911 809913
708202 128096 708202 900362 704911 99100 704911 809913
708202 128096 708202 900362 710804 99100 710804 809913
708202 128096 708202 900362 711994 99100 711994 809913
708202 128096 708202 900362 716818 99100 716818 809913
708202 128096 708202 900362 717939 99100 717939 809913
708202 128096 708202 900362 719206 99100 719206 809913
708202 128096 708202 900362 729296 99100 729296 809913
730059 128096 730059 900362 729296 99100 729296 809913
730059 128096 730059 900362 734797 99100 734797 809913
730059 128096 730059 900362 735088 99100 735088 809913
736622 128096 736622 900362 735088 99100 735088 809913
736622 128096 736622 900362 738190 99100 738190 809913
736622 128096 736622 900362 738505 99100 738505 809913
748061 128096 748061 900362 738505 99100 738505 809913
750630 128096 750630 900362 738505 99100 738505 809913
750630 128096 750630 900362 754830 99100 754830 809913
750630 128096 750630 900362 760980 99100 760980 809913
761746 128096 761746 900362 760980 99100 760980 809913
765670 128096 765670 900362 760980 99100 760980 809913
765866 128096 765866 900362 760980 99100 760980 809913
765866 128096 765866 900362 775913 99100 775913 809913
765866 128096 765866 900362 777410 99100 777410 809913
782605 128096 782605 900362 777410 99100 777410 809913
785763 128096 785763 900362 777410 99100 777410 809913
785763 128096 785763 900362 788531 99100 788531 809913
785763 128096 785763 900362 798179 99100 798179 809913
854912 128096 854912 900362 798179 99100 798179 809913
870582 128096 870582 900362 798179 99100 798179 809913
