122114 208055 122114 808714 192983 246206 192983 791356
122114 208055 122114 808714 192983 246206 192983 791356
157395 208055 157395 808714 192983 246206 192983 791356
174134 208055 174134 808714 192983 246206 192983 791356
174134 208055 174134 808714 195769 246206 195769 791356
174134 208055 174134 808714 209651 246206 209651 791356
214707 208055 214707 808714 209651 246206 209651 791356
214878 208055 214878 808714 209651 246206 209651 791356
214878 208055 214878 808714 215436 246206 215436 791356
214878 208055 214878 808714 218656 246206 218656 791356
219677 208055 219677 808714 218656 246206 218656 791356
226401 208055 226401 808714 218656 246206 218656 791356
226401 208055 226401 808714 227287 246206 227287 791356
229896 208055 229896 808714 227287 246206 227287 791356
229896 208055 229896 808714 241666 246206 241666 791356
229896 208055 229896 808714 242070 246206 242070 791356
229896 208055 229896 808714 246005 246206 246005 791356
247486 208055 247486 808714 246005 246206 246005 791356
247486 208055 247486 808714 247937 246206 247937 791356
251197 208055 251197 808714 247937 246206 247937 791356
251197 208055 251197 808714 252918 246206 252918 791356
256705 208055 256705 808714 252918 246206 252918 791356
256705 208055 256705 808714 259971 246206 259971 791356
256705 208055 256705 808714 264057 246206 264057 791356
256705 208055 256705 808714 264546 246206 264546 791356
268708 208055 268708 808714 264546 246206 264546 791356
268708 208055 268708 808714 269080 246206 269080 791356
273342 208055 273342 808714 269080 246206 269080 791356
276583 208055 276583 808714 269080 246206 269080 791356
276583 208055 276583 808714 279805 246206 279805 791356
276583 208055 276583 808714 281027 246206 281027 791356
283947 208055 283947 808714 281027 246206 281027 791356
283947 208055 283947 808714 286852 246206 286852 791356
283947 208055 283947 808714 288534 246206 288534 791356
283947 208055 283947 808714 289947 246206 289947 791356
283947 208055 283947 808714 292793 246206 292793 791356
305888 208055 305888 808714 292793 246206 292793 791356
305888 208055 305888 808714 306591 246206 306591 791356
306886 208055 306886 808714 306591 246206 306591 791356
309296 208055 309296 808714 306591 246206 306591 791356
314159 208055 314159 808714 306591 246206 306591 791356
314816 208055 314816 808714 306591 246206 306591 791356
315771 208055 315771 808714 306591 246206 306591 791356
315771 208055 315771 808714 324011 246206 324011 791356
326758 208055 326758 808714 324011 246206 324011 791356
326758 208055 326758 808714 327128 246206 327128 791356
326758 208055 326758 808714 328468 246206 328468 791356
329436 208055 329436 808714 328468 246206 328468 791356
329436 208055 329436 808714 339753 246206 339753 791356
340176 208055 340176 808714 339753 246206 339753 791356
342137 208055 342137 808714 339753 246206 339753 791356
342815 208055 342815 808714 339753 246206 339753 791356
344132 208055 344132 808714 339753 246206 339753 791356
344479 208055 344479 808714 339753 246206 339753 791356
344479 208055 344479 808714 345370 246206 345370 791356
344479 208055 344479 808714 357962 246206 357962 791356
361013 208055 361013 808714 357962 246206 357962 791356
361013 208055 361013 808714 362430 246206 362430 791356
366586 208055 366586 808714 362430 246206 362430 791356
366586 208055 366586 808714 369232 246206 369232 791356
369756 208055 369756 808714 369232 246206 369232 791356
369756 208055 369756 808714 369838 246206 369838 791356
369756 208055 369756 808714 371221 246206 371221 791356
372103 208055 372103 808714 371221 246206 371221 791356
374030 208055 374030 808714 371221 246206 371221 791356
380666 208055 380666 808714 371221 246206 371221 791356
381815 208055 381815 808714 371221 246206 371221 791356
383884 208055 383884 808714 371221 246206 371221 791356
383884 208055 383884 808714 389372 246206 389372 791356
383884 208055 383884 808714 390488 246206 390488 791356
395070 208055 395070 808714 390488 246206 390488 791356
395070 208055 395070 808714 395754 246206 395754 791356
399424 208055 399424 808714 395754 246206 395754 791356
400537 208055 400537 808714 395754 246206 395754 791356
401323 208055 401323 808714 395754 246206 395754 791356
401369 208055 401369 808714 395754 246206 395754 791356
401369 208055 401369 808714 402320 246206 402320 791356
401369 208055 401369 808714 402326 246206 402326 791356
403753 208055 403753 808714 402326 246206 402326 791356
403753 208055 403753 808714 405099 246206 405099 791356
405510 208055 405510 808714 405099 246206 405099 791356
405510 208055 405510 808714 410295 246206 410295 791356
411143 208055 411143 808714 410295 246206 410295 791356
417287 208055 417287 808714 410295 246206 410295 791356
418648 208055 418648 808714 410295 246206 410295 791356
418648 208055 418648 808714 419863 246206 419863 791356
418648 208055 418648 808714 422045 246206 422045 791356
429997 208055 429997 808714 422045 246206 422045 791356
431052 208055 431052 808714 422045 246206 422045 791356
439009 208055 439009 808714 422045 246206 422045 791356
439556 208055 439556 808714 422045 246206 422045 791356
444713 208055 444713 808714 422045 246206 422045 791356
449501 208055 449501 808714 422045 246206 422045 791356
452715 208055 452715 808714 422045 246206 422045 791356
454135 208055 454135 808714 422045 246206 422045 791356
458355 208055 458355 808714 422045 246206 422045 791356
458436 208055 458436 808714 422045 246206 422045 791356
461293 208055 461293 808714 422045 246206 422045 791356
463796 208055 463796 808714 422045 246206 422045 791356
464548 208055 464548 808714 422045 246206 422045 791356
467309 208055 467309 808714 422045 246206 422045 791356
475034 208055 475034 808714 422045 246206 422045 791356
480130 208055 480130 808714 422045 246206 422045 791356
482768 208055 482768 808714 422045 246206 422045 791356
486968 208055 486968 808714 422045 246206 422045 791356
487846 208055 487846 808714 422045 246206 422045 791356
488058 208055 488058 808714 422045 246206 422045 791356
495295 208055 495295 808714 422045 246206 422045 791356
499944 208055 499944 808714 422045 246206 422045 791356
503206 208055 503206 808714 422045 246206 422045 791356
505933 208055 505933 808714 422045 246206 422045 791356
506664 208055 506664 808714 422045 246206 422045 791356
506664 208055 506664 808714 506745 246206 506745 791356
508871 208055 508871 808714 506745 246206 506745 791356
519827 208055 519827 808714 506745 246206 506745 791356
525543 208055 525543 808714 506745 246206 506745 791356
525543 208055 525543 808714 531613 246206 531613 791356
525543 208055 525543 808714 534631 246206 534631 791356
534945 208055 534945 808714 534631 246206 534631 791356
537412 208055 537412 808714 534631 246206 534631 791356
545395 208055 545395 808714 534631 246206 534631 791356
545474 208055 545474 808714 534631 246206 534631 791356
553784 208055 553784 808714 534631 246206 534631 791356
553784 208055 553784 808714 554462 246206 554462 791356
554931 208055 554931 808714 554462 246206 554462 791356
554931 208055 554931 808714 555674 246206 555674 791356
554931 208055 554931 808714 555946 246206 555946 791356
554931 208055 554931 808714 560421 246206 560421 791356
560587 208055 560587 808714 560421 246206 560421 791356
562064 208055 562064 808714 560421 246206 560421 791356
564246 208055 564246 808714 560421 246206 560421 791356
567273 208055 567273 808714 560421 246206 560421 791356
567273 208055 567273 808714 578291 246206 578291 791356
579757 208055 579757 808714 578291 246206 578291 791356
583289 208055 583289 808714 578291 246206 578291 791356
584104 208055 584104 808714 578291 246206 578291 791356
584104 208055 584104 808714 584305 246206 584305 791356
584939 208055 584939 808714 584305 246206 584305 791356
586696 208055 586696 808714 584305 246206 584305 791356
593279 208055 593279 808714 584305 246206 584305 791356
593279 208055 593279 808714 596265 246206 596265 791356
596747 208055 596747 808714 596265 246206 596265 791356
596747 208055 596747 808714 599368 246206 599368 791356
596747 208055 596747 808714 599922 246206 599922 791356
608930 208055 608930 808714 599922 246206 599922 791356
613540 208055 613540 808714 599922 246206 599922 791356
613540 208055 613540 808714 615209 246206 615209 791356
613540 208055 613540 808714 621400 246206 621400 791356
634006 208055 634006 808714 621400 246206 621400 791356
634006 208055 634006 808714 636614 246206 636614 791356
634006 208055 634006 808714 637466 246206 637466 791356
634006 208055 634006 808714 645456 246206 645456 791356
634006 208055 634006 808714 649913 246206 649913 791356
634006 208055 634006 808714 651313 246206 651313 791356
634006 208055 634006 808714 652506 246206 652506 791356
654601 208055 654601 808714 652506 246206 652506 791356
660635 208055 660635 808714 652506 246206 652506 791356
660635 208055 660635 808714 668985 246206 668985 791356
671711 208055 671711 808714 668985 246206 668985 791356
671711 208055 671711 808714 671964 246206 671964 791356
671711 208055 671711 808714 673173 246206 673173 791356
671711 208055 671711 808714 673447 246206 673447 791356
671711 208055 671711 808714 673616 246206 673616 791356
671711 208055 671711 808714 674425 246206 674425 791356
671711 208055 671711 808714 677048 246206 677048 791356
671711 208055 671711 808714 679143 246206 679143 791356
671711 208055 671711 808714 684877 246206 684877 791356
671711 208055 671711 808714 686734 246206 686734 791356
671711 208055 671711 808714 688416 246206 688416 791356
671711 208055 671711 808714 691610 246206 691610 791356
671711 208055 671711 808714 697591 246206 697591 791356
671711 208055 671711 808714 698554 246206 698554 791356
706231 208055 706231 808714 698554 246206 698554 791356
710098 208055 710098 808714 698554 246206 698554 791356
710098 208055 710098 808714 713400 246206 713400 791356
710098 208055 710098 808714 715172 246206 715172 791356
710098 208055 710098 808714 715212 246206 715212 791356
710098 208055 710098 808714 718883 246206 718883 791356
710098 208055 710098 808714 719052 246206 719052 791356
710098 208055 710098 808714 721677 246206 721677 791356
710098 208055 710098 808714 724594 246206 724594 791356
710098 208055 710098 808714 732412 246206 732412 791356
710098 208055 710098 808714 734332 246206 734332 791356
710098 208055 710098 808714 734384 246206 734384 791356
710098 208055 710098 808714 734976 246206 734976 791356
710098 208055 710098 808714 735354 246206 735354 791356
710098 208055 710098 808714 742513 246206 742513 791356
710098 208055 710098 808714 745223 246206 745223 791356
710098 208055 710098 808714 750285 246206 750285 791356
710098 208055 710098 808714 754621 246206 754621 791356
710098 208055 710098 808714 760774 246206 760774 791356
710098 208055 710098 808714 762565 246206 762565 791356
710098 208055 710098 808714 766157 246206 766157 791356
710098 208055 710098 808714 782176 246206 782176 791356
710098 208055 710098 808714 783692 246206 783692 791356
710098 208055 710098 808714 784353 246206 784353 791356
789806 208055 789806 808714 784353 246206 784353 791356
789806 208055 789806 808714 789865 246206 789865 791356
789806 208055 789806 808714 792793 246206 792793 791356
789806 208055 789806 808714 817887 246206 817887 791356
