299480 17188 299480 753816 265536 305916 265536 928163
299480 17188 299480 753816 265536 305916 265536 928163
299480 17188 299480 753816 279831 305916 279831 928163
299480 17188 299480 753816 287720 305916 287720 928163
299480 17188 299480 753816 299495 305916 299495 928163
325559 17188 325559 753816 299495 305916 299495 928163
341657 17188 341657 753816 299495 305916 299495 928163
349190 17188 349190 753816 299495 305916 299495 928163
358216 17188 358216 753816 299495 305916 299495 928163
358216 17188 358216 753816 359137 305916 359137 928163
360080 17188 360080 753816 359137 305916 359137 928163
361182 17188 361182 753816 359137 305916 359137 928163
361650 17188 361650 753816 359137 305916 359137 928163
368396 17188 368396 753816 359137 305916 359137 928163
372664 17188 372664 753816 359137 305916 359137 928163
374270 17188 374270 753816 359137 305916 359137 928163
377213 17188 377213 753816 359137 305916 359137 928163
378369 17188 378369 753816 359137 305916 359137 928163
391244 17188 391244 753816 359137 305916 359137 928163
391597 17188 391597 753816 359137 305916 359137 928163
393476 17188 393476 753816 359137 305916 359137 928163
394351 17188 394351 753816 359137 305916 359137 928163
398291 17188 398291 753816 359137 305916 359137 928163
398291 17188 398291 753816 407877 305916 407877 928163
398291 17188 398291 753816 409140 305916 409140 928163
413061 17188 413061 753816 409140 305916 409140 928163
425933 17188 425933 753816 409140 305916 409140 928163
425933 17188 425933 753816 427528 305916 427528 928163
435834 17188 435834 753816 427528 305916 427528 928163
439419 17188 439419 753816 427528 305916 427528 928163
442089 17188 442089 753816 427528 305916 427528 928163
449411 17188 449411 753816 427528 305916 427528 928163
452991 17188 452991 753816 427528 305916 427528 928163
454011 17188 454011 753816 427528 305916 427528 928163
457890 17188 457890 753816 427528 305916 427528 928163
463071 17188 463071 753816 427528 305916 427528 928163
463071 17188 463071 753816 466386 305916 466386 928163
466482 17188 466482 753816 466386 305916 466386 928163
467967 17188 467967 753816 466386 305916 466386 928163
467967 17188 467967 753816 469226 305916 469226 928163
467967 17188 467967 753816 469847 305916 469847 928163
473352 17188 473352 753816 469847 305916 469847 928163
473352 17188 473352 753816 475969 305916 475969 928163
483034 17188 483034 753816 475969 305916 475969 928163
483677 17188 483677 753816 475969 305916 475969 928163
483677 17188 483677 753816 483816 305916 483816 928163
483677 17188 483677 753816 485833 305916 485833 928163
489758 17188 489758 753816 485833 305916 485833 928163
492731 17188 492731 753816 485833 305916 485833 928163
492731 17188 492731 753816 493019 305916 493019 928163
501625 17188 501625 753816 493019 305916 493019 928163
501995 17188 501995 753816 493019 305916 493019 928163
503290 17188 503290 753816 493019 305916 493019 928163
503290 17188 503290 753816 503568 305916 503568 928163
503290 17188 503290 753816 504381 305916 504381 928163
507015 17188 507015 753816 504381 305916 504381 928163
508712 17188 508712 753816 504381 305916 504381 928163
508994 17188 508994 753816 504381 305916 504381 928163
508994 17188 508994 753816 510415 305916 510415 928163
508994 17188 508994 753816 510826 305916 510826 928163
517844 17188 517844 753816 510826 305916 510826 928163
518177 17188 518177 753816 510826 305916 510826 928163
522661 17188 522661 753816 510826 305916 510826 928163
523993 17188 523993 753816 510826 305916 510826 928163
525863 17188 525863 753816 510826 305916 510826 928163
525863 17188 525863 753816 527337 305916 527337 928163
525863 17188 525863 753816 529262 305916 529262 928163
530319 17188 530319 753816 529262 305916 529262 928163
530319 17188 530319 753816 532105 305916 532105 928163
539517 17188 539517 753816 532105 305916 532105 928163
539631 17188 539631 753816 532105 305916 532105 928163
541869 17188 541869 753816 532105 305916 532105 928163
542130 17188 542130 753816 532105 305916 532105 928163
542130 17188 542130 753816 550858 305916 550858 928163
552795 17188 552795 753816 550858 305916 550858 928163
554469 17188 554469 753816 550858 305916 550858 928163
554469 17188 554469 753816 555142 305916 555142 928163
554469 17188 554469 753816 562991 305916 562991 928163
563488 17188 563488 753816 562991 305916 562991 928163
563488 17188 563488 753816 563948 305916 563948 928163
563488 17188 563488 753816 564180 305916 564180 928163
563488 17188 563488 753816 565515 305916 565515 928163
567419 17188 567419 753816 565515 305916 565515 928163
568620 17188 568620 753816 565515 305916 565515 928163
568620 17188 568620 753816 580067 305916 580067 928163
568620 17188 568620 753816 582651 305916 582651 928163
584104 17188 584104 753816 582651 305916 582651 928163
584104 17188 584104 753816 585598 305916 585598 928163
584104 17188 584104 753816 587059 305916 587059 928163
584104 17188 584104 753816 587662 305916 587662 928163
591822 17188 591822 753816 587662 305916 587662 928163
591822 17188 591822 753816 592208 305916 592208 928163
591822 17188 591822 753816 593160 305916 593160 928163
591822 17188 591822 753816 594642 305916 594642 928163
591822 17188 591822 753816 595740 305916 595740 928163
597653 17188 597653 753816 595740 305916 595740 928163
600090 17188 600090 753816 595740 305916 595740 928163
610382 17188 610382 753816 595740 305916 595740 928163
610382 17188 610382 753816 611211 305916 611211 928163
610382 17188 610382 753816 611765 305916 611765 928163
610382 17188 610382 753816 613814 305916 613814 928163
610382 17188 610382 753816 615668 305916 615668 928163
610382 17188 610382 753816 619552 305916 619552 928163
620216 17188 620216 753816 619552 305916 619552 928163
620216 17188 620216 753816 621880 305916 621880 928163
620216 17188 620216 753816 623019 305916 623019 928163
620216 17188 620216 753816 623617 305916 623617 928163
620216 17188 620216 753816 624402 305916 624402 928163
620216 17188 620216 753816 628630 305916 628630 928163
620216 17188 620216 753816 630395 305916 630395 928163
620216 17188 620216 753816 632885 305916 632885 928163
620216 17188 620216 753816 632897 305916 632897 928163
620216 17188 620216 753816 637025 305916 637025 928163
620216 17188 620216 753816 640882 305916 640882 928163
620216 17188 620216 753816 642052 305916 642052 928163
620216 17188 620216 753816 642742 305916 642742 928163
620216 17188 620216 753816 643768 305916 643768 928163
620216 17188 620216 753816 644123 305916 644123 928163
620216 17188 620216 753816 647803 305916 647803 928163
647927 17188 647927 753816 647803 305916 647803 928163
647927 17188 647927 753816 649402 305916 649402 928163
647927 17188 647927 753816 652785 305916 652785 928163
647927 17188 647927 753816 658632 305916 658632 928163
659660 17188 659660 753816 658632 305916 658632 928163
661028 17188 661028 753816 658632 305916 658632 928163
661028 17188 661028 753816 661534 305916 661534 928163
661028 17188 661028 753816 662107 305916 662107 928163
662153 17188 662153 753816 662107 305916 662107 928163
662153 17188 662153 753816 662772 305916 662772 928163
662153 17188 662153 753816 669659 305916 669659 928163
669731 17188 669731 753816 669659 305916 669659 928163
669731 17188 669731 753816 675706 305916 675706 928163
676484 17188 676484 753816 675706 305916 675706 928163
676484 17188 676484 753816 677052 305916 677052 928163
676484 17188 676484 753816 678428 305916 678428 928163
676484 17188 676484 753816 678922 305916 678922 928163
676484 17188 676484 753816 679704 305916 679704 928163
676484 17188 676484 753816 681373 305916 681373 928163
676484 17188 676484 753816 684171 305916 684171 928163
676484 17188 676484 753816 684308 305916 684308 928163
676484 17188 676484 753816 685422 305916 685422 928163
676484 17188 676484 753816 685841 305916 685841 928163
676484 17188 676484 753816 687700 305916 687700 928163
676484 17188 676484 753816 687912 305916 687912 928163
689119 17188 689119 753816 687912 305916 687912 928163
689119 17188 689119 753816 691443 305916 691443 928163
692765 17188 692765 753816 691443 305916 691443 928163
692765 17188 692765 753816 694580 305916 694580 928163
692765 17188 692765 753816 698801 305916 698801 928163
692765 17188 692765 753816 700278 305916 700278 928163
700343 17188 700343 753816 700278 305916 700278 928163
700343 17188 700343 753816 707432 305916 707432 928163
714196 17188 714196 753816 707432 305916 707432 928163
714196 17188 714196 753816 716743 305916 716743 928163
719163 17188 719163 753816 716743 305916 716743 928163
723994 17188 723994 753816 716743 305916 716743 928163
723994 17188 723994 753816 725290 305916 725290 928163
726152 17188 726152 753816 725290 305916 725290 928163
727362 17188 727362 753816 725290 305916 725290 928163
727362 17188 727362 753816 728899 305916 728899 928163
727362 17188 727362 753816 733705 305916 733705 928163
727362 17188 727362 753816 734608 305916 734608 928163
734799 17188 734799 753816 734608 305916 734608 928163
734799 17188 734799 753816 734990 305916 734990 928163
734799 17188 734799 753816 735267 305916 735267 928163
736290 17188 736290 753816 735267 305916 735267 928163
737614 17188 737614 753816 735267 305916 735267 928163
739451 17188 739451 753816 735267 305916 735267 928163
739451 17188 739451 753816 739459 305916 739459 928163
741948 17188 741948 753816 739459 305916 739459 928163
743966 17188 743966 753816 739459 305916 739459 928163
747591 17188 747591 753816 739459 305916 739459 928163
747591 17188 747591 753816 749014 305916 749014 928163
749211 17188 749211 753816 749014 305916 749014 928163
749217 17188 749217 753816 749014 305916 749014 928163
752670 17188 752670 753816 749014 305916 749014 928163
754271 17188 754271 753816 749014 305916 749014 928163
754691 17188 754691 753816 749014 305916 749014 928163
763760 17188 763760 753816 749014 305916 749014 928163
763760 17188 763760 753816 768425 305916 768425 928163
770541 17188 770541 753816 768425 305916 768425 928163
770891 17188 770891 753816 768425 305916 768425 928163
775801 17188 775801 753816 768425 305916 768425 928163
775801 17188 775801 753816 777336 305916 777336 928163
775801 17188 775801 753816 779643 305916 779643 928163
775801 17188 775801 753816 780279 305916 780279 928163
781684 17188 781684 753816 780279 305916 780279 928163
784413 17188 784413 753816 780279 305916 780279 928163
786362 17188 786362 753816 780279 305916 780279 928163
786362 17188 786362 753816 788287 305916 788287 928163
789655 17188 789655 753816 788287 305916 788287 928163
789655 17188 789655 753816 793554 305916 793554 928163
789655 17188 789655 753816 804093 305916 804093 928163
804648 17188 804648 753816 804093 305916 804093 928163
804831 17188 804831 753816 804093 305916 804093 928163
804831 17188 804831 753816 817952 305916 817952 928163
804831 17188 804831 753816 831107 305916 831107 928163
850237 17188 850237 753816 831107 305916 831107 928163
854051 17188 854051 753816 831107 305916 831107 928163
854051 17188 854051 753816 867488 305916 867488 928163
