101080 319104 101080 923545 288127 139102 288127 838508
101080 319104 101080 923545 288127 139102 288127 838508
115024 319104 115024 923545 288127 139102 288127 838508
142717 319104 142717 923545 288127 139102 288127 838508
143752 319104 143752 923545 288127 139102 288127 838508
164064 319104 164064 923545 288127 139102 288127 838508
172516 319104 172516 923545 288127 139102 288127 838508
177223 319104 177223 923545 288127 139102 288127 838508
183134 319104 183134 923545 288127 139102 288127 838508
184505 319104 184505 923545 288127 139102 288127 838508
188004 319104 188004 923545 288127 139102 288127 838508
194998 319104 194998 923545 288127 139102 288127 838508
196033 319104 196033 923545 288127 139102 288127 838508
202271 319104 202271 923545 288127 139102 288127 838508
215779 319104 215779 923545 288127 139102 288127 838508
232242 319104 232242 923545 288127 139102 288127 838508
232555 319104 232555 923545 288127 139102 288127 838508
238589 319104 238589 923545 288127 139102 288127 838508
240888 319104 240888 923545 288127 139102 288127 838508
247818 319104 247818 923545 288127 139102 288127 838508
248628 319104 248628 923545 288127 139102 288127 838508
249323 319104 249323 923545 288127 139102 288127 838508
263328 319104 263328 923545 288127 139102 288127 838508
263332 319104 263332 923545 288127 139102 288127 838508
263421 319104 263421 923545 288127 139102 288127 838508
267241 319104 267241 923545 288127 139102 288127 838508
268882 319104 268882 923545 288127 139102 288127 838508
268963 319104 268963 923545 288127 139102 288127 838508
274187 319104 274187 923545 288127 139102 288127 838508
277508 319104 277508 923545 288127 139102 288127 838508
283707 319104 283707 923545 288127 139102 288127 838508
283707 319104 283707 923545 293249 139102 293249 838508
283707 319104 283707 923545 296491 139102 296491 838508
306207 319104 306207 923545 296491 139102 296491 838508
306207 319104 306207 923545 307450 139102 307450 838508
309604 319104 309604 923545 307450 139102 307450 838508
309604 319104 309604 923545 312322 139102 312322 838508
316876 319104 316876 923545 312322 139102 312322 838508
316876 319104 316876 923545 320615 139102 320615 838508
316876 319104 316876 923545 320877 139102 320877 838508
316876 319104 316876 923545 321109 139102 321109 838508
325934 319104 325934 923545 321109 139102 321109 838508
325934 319104 325934 923545 326529 139102 326529 838508
325934 319104 325934 923545 327328 139102 327328 838508
330410 319104 330410 923545 327328 139102 327328 838508
331484 319104 331484 923545 327328 139102 327328 838508
331484 319104 331484 923545 332649 139102 332649 838508
334269 319104 334269 923545 332649 139102 332649 838508
336125 319104 336125 923545 332649 139102 332649 838508
337132 319104 337132 923545 332649 139102 332649 838508
337132 319104 337132 923545 337818 139102 337818 838508
340223 319104 340223 923545 337818 139102 337818 838508
340223 319104 340223 923545 341639 139102 341639 838508
340223 319104 340223 923545 343785 139102 343785 838508
345476 319104 345476 923545 343785 139102 343785 838508
345582 319104 345582 923545 343785 139102 343785 838508
345582 319104 345582 923545 348849 139102 348849 838508
350222 319104 350222 923545 348849 139102 348849 838508
350222 319104 350222 923545 350788 139102 350788 838508
350222 319104 350222 923545 353447 139102 353447 838508
350222 319104 350222 923545 356859 139102 356859 838508
359114 319104 359114 923545 356859 139102 356859 838508
359114 319104 359114 923545 360893 139102 360893 838508
362662 319104 362662 923545 360893 139102 360893 838508
362662 319104 362662 923545 364952 139102 364952 838508
368576 319104 368576 923545 364952 139102 364952 838508
368576 319104 368576 923545 379928 139102 379928 838508
368576 319104 368576 923545 383952 139102 383952 838508
368576 319104 368576 923545 385208 139102 385208 838508
368576 319104 368576 923545 386747 139102 386747 838508
387614 319104 387614 923545 386747 139102 386747 838508
387614 319104 387614 923545 392919 139102 392919 838508
387614 319104 387614 923545 393625 139102 393625 838508
387614 319104 387614 923545 397291 139102 397291 838508
387614 319104 387614 923545 398738 139102 398738 838508
387614 319104 387614 923545 403908 139102 403908 838508
387614 319104 387614 923545 404294 139102 404294 838508
387614 319104 387614 923545 408905 139102 408905 838508
387614 319104 387614 923545 412135 139102 412135 838508
387614 319104 387614 923545 414526 139102 414526 838508
387614 319104 387614 923545 416953 139102 416953 838508
438288 319104 438288 923545 416953 139102 416953 838508
438288 319104 438288 923545 443083 139102 443083 838508
438288 319104 438288 923545 445159 139102 445159 838508
438288 319104 438288 923545 447078 139102 447078 838508
438288 319104 438288 923545 451160 139102 451160 838508
438288 319104 438288 923545 455301 139102 455301 838508
438288 319104 438288 923545 455599 139102 455599 838508
438288 319104 438288 923545 457576 139102 457576 838508
438288 319104 438288 923545 458158 139102 458158 838508
438288 319104 438288 923545 460160 139102 460160 838508
438288 319104 438288 923545 465615 139102 465615 838508
438288 319104 438288 923545 469986 139102 469986 838508
438288 319104 438288 923545 473874 139102 473874 838508
438288 319104 438288 923545 477818 139102 477818 838508
438288 319104 438288 923545 481273 139102 481273 838508
486608 319104 486608 923545 481273 139102 481273 838508
486608 319104 486608 923545 489474 139102 489474 838508
486608 319104 486608 923545 491052 139102 491052 838508
486608 319104 486608 923545 496436 139102 496436 838508
486608 319104 486608 923545 505655 139102 505655 838508
508512 319104 508512 923545 505655 139102 505655 838508
514046 319104 514046 923545 505655 139102 505655 838508
514046 319104 514046 923545 518441 139102 518441 838508
514046 319104 514046 923545 520560 139102 520560 838508
524584 319104 524584 923545 520560 139102 520560 838508
524584 319104 524584 923545 525020 139102 525020 838508
524584 319104 524584 923545 529690 139102 529690 838508
541962 319104 541962 923545 529690 139102 529690 838508
541962 319104 541962 923545 542999 139102 542999 838508
543801 319104 543801 923545 542999 139102 542999 838508
543801 319104 543801 923545 544426 139102 544426 838508
556299 319104 556299 923545 544426 139102 544426 838508
556299 319104 556299 923545 557870 139102 557870 838508
559307 319104 559307 923545 557870 139102 557870 838508
559307 319104 559307 923545 561146 139102 561146 838508
559307 319104 559307 923545 573010 139102 573010 838508
575770 319104 575770 923545 573010 139102 573010 838508
575770 319104 575770 923545 577587 139102 577587 838508
575770 319104 575770 923545 578198 139102 578198 838508
575770 319104 575770 923545 581567 139102 581567 838508
575770 319104 575770 923545 587965 139102 587965 838508
575770 319104 575770 923545 591178 139102 591178 838508
601894 319104 601894 923545 591178 139102 591178 838508
608187 319104 608187 923545 591178 139102 591178 838508
608187 319104 608187 923545 624187 139102 624187 838508
608187 319104 608187 923545 628973 139102 628973 838508
632048 319104 632048 923545 628973 139102 628973 838508
636658 319104 636658 923545 628973 139102 628973 838508
640267 319104 640267 923545 628973 139102 628973 838508
640267 319104 640267 923545 642892 139102 642892 838508
640267 319104 640267 923545 654330 139102 654330 838508
640267 319104 640267 923545 658898 139102 658898 838508
640267 319104 640267 923545 667035 139102 667035 838508
640267 319104 640267 923545 667195 139102 667195 838508
640267 319104 640267 923545 671077 139102 671077 838508
671268 319104 671268 923545 671077 139102 671077 838508
671268 319104 671268 923545 671667 139102 671667 838508
672227 319104 672227 923545 671667 139102 671667 838508
672227 319104 672227 923545 673959 139102 673959 838508
672227 319104 672227 923545 675482 139102 675482 838508
672227 319104 672227 923545 675581 139102 675581 838508
672227 319104 672227 923545 681688 139102 681688 838508
672227 319104 672227 923545 683680 139102 683680 838508
672227 319104 672227 923545 686132 139102 686132 838508
688296 319104 688296 923545 686132 139102 686132 838508
690736 319104 690736 923545 686132 139102 686132 838508
690736 319104 690736 923545 692763 139102 692763 838508
698568 319104 698568 923545 692763 139102 692763 838508
698568 319104 698568 923545 699696 139102 699696 838508
704915 319104 704915 923545 699696 139102 699696 838508
704915 319104 704915 923545 710738 139102 710738 838508
711604 319104 711604 923545 710738 139102 710738 838508
712527 319104 712527 923545 710738 139102 710738 838508
713388 319104 713388 923545 710738 139102 710738 838508
714894 319104 714894 923545 710738 139102 710738 838508
718657 319104 718657 923545 710738 139102 710738 838508
718657 319104 718657 923545 721279 139102 721279 838508
723397 319104 723397 923545 721279 139102 721279 838508
728308 319104 728308 923545 721279 139102 721279 838508
728669 319104 728669 923545 721279 139102 721279 838508
728669 319104 728669 923545 731578 139102 731578 838508
728669 319104 728669 923545 737031 139102 737031 838508
737613 319104 737613 923545 737031 139102 737031 838508
737613 319104 737613 923545 740654 139102 740654 838508
737613 319104 737613 923545 756001 139102 756001 838508
758328 319104 758328 923545 756001 139102 756001 838508
758328 319104 758328 923545 766310 139102 766310 838508
766717 319104 766717 923545 766310 139102 766310 838508
766717 319104 766717 923545 768393 139102 768393 838508
766717 319104 766717 923545 769022 139102 769022 838508
770564 319104 770564 923545 769022 139102 769022 838508
770564 319104 770564 923545 779846 139102 779846 838508
780087 319104 780087 923545 779846 139102 779846 838508
782019 319104 782019 923545 779846 139102 779846 838508
783951 319104 783951 923545 779846 139102 779846 838508
784636 319104 784636 923545 779846 139102 779846 838508
785632 319104 785632 923545 779846 139102 779846 838508
792188 319104 792188 923545 779846 139102 779846 838508
795730 319104 795730 923545 779846 139102 779846 838508
804440 319104 804440 923545 779846 139102 779846 838508
804882 319104 804882 923545 779846 139102 779846 838508
807388 319104 807388 923545 779846 139102 779846 838508
807404 319104 807404 923545 779846 139102 779846 838508
811587 319104 811587 923545 779846 139102 779846 838508
812429 319104 812429 923545 779846 139102 779846 838508
812429 319104 812429 923545 813439 139102 813439 838508
820032 319104 820032 923545 813439 139102 813439 838508
820032 319104 820032 923545 820798 139102 820798 838508
821706 319104 821706 923545 820798 139102 820798 838508
821706 319104 821706 923545 821789 139102 821789 838508
821706 319104 821706 923545 824172 139102 824172 838508
824446 319104 824446 923545 824172 139102 824172 838508
824446 319104 824446 923545 828043 139102 828043 838508
829628 319104 829628 923545 828043 139102 828043 838508
829628 319104 829628 923545 831125 139102 831125 838508
829628 319104 829628 923545 831693 139102 831693 838508
841805 319104 841805 923545 831693 139102 831693 838508
847145 319104 847145 923545 831693 139102 831693 838508
879297 319104 879297 923545 831693 139102 831693 838508
