147468 68695 147468 830355 71007 376680 71007 981018
147468 68695 147468 830355 71007 376680 71007 981018
147468 68695 147468 830355 84327 376680 84327 981018
147468 68695 147468 830355 107401 376680 107401 981018
147468 68695 147468 830355 115676 376680 115676 981018
147468 68695 147468 830355 118516 376680 118516 981018
147468 68695 147468 830355 131245 376680 131245 981018
147468 68695 147468 830355 133332 376680 133332 981018
147468 68695 147468 830355 141049 376680 141049 981018
151124 68695 151124 830355 141049 376680 141049 981018
151124 68695 151124 830355 158216 376680 158216 981018
151124 68695 151124 830355 161364 376680 161364 981018
151124 68695 151124 830355 166006 376680 166006 981018
151124 68695 151124 830355 168388 376680 168388 981018
151124 68695 151124 830355 172491 376680 172491 981018
151124 68695 151124 830355 176845 376680 176845 981018
151124 68695 151124 830355 190156 376680 190156 981018
151124 68695 151124 830355 190648 376680 190648 981018
151124 68695 151124 830355 192175 376680 192175 981018
195712 68695 195712 830355 192175 376680 192175 981018
195712 68695 195712 830355 200782 376680 200782 981018
202294 68695 202294 830355 200782 376680 200782 981018
202294 68695 202294 830355 203534 376680 203534 981018
202294 68695 202294 830355 204086 376680 204086 981018
202294 68695 202294 830355 206023 376680 206023 981018
202294 68695 202294 830355 207704 376680 207704 981018
207884 68695 207884 830355 207704 376680 207704 981018
211072 68695 211072 830355 207704 376680 207704 981018
211224 68695 211224 830355 207704 376680 207704 981018
211224 68695 211224 830355 218355 376680 218355 981018
211224 68695 211224 830355 218388 376680 218388 981018
211224 68695 211224 830355 219168 376680 219168 981018
211224 68695 211224 830355 220567 376680 220567 981018
223649 68695 223649 830355 220567 376680 220567 981018
224391 68695 224391 830355 220567 376680 220567 981018
224502 68695 224502 830355 220567 376680 220567 981018
224502 68695 224502 830355 225221 376680 225221 981018
224502 68695 224502 830355 227851 376680 227851 981018
224502 68695 224502 830355 229903 376680 229903 981018
224502 68695 224502 830355 230279 376680 230279 981018
231714 68695 231714 830355 230279 376680 230279 981018
238705 68695 238705 830355 230279 376680 230279 981018
239211 68695 239211 830355 230279 376680 230279 981018
240200 68695 240200 830355 230279 376680 230279 981018
240200 68695 240200 830355 243505 376680 243505 981018
240200 68695 240200 830355 246106 376680 246106 981018
240200 68695 240200 830355 246488 376680 246488 981018
247985 68695 247985 830355 246488 376680 246488 981018
247985 68695 247985 830355 248010 376680 248010 981018
247985 68695 247985 830355 248760 376680 248760 981018
251036 68695 251036 830355 248760 376680 248760 981018
255259 68695 255259 830355 248760 376680 248760 981018
258432 68695 258432 830355 248760 376680 248760 981018
259758 68695 259758 830355 248760 376680 248760 981018
259758 68695 259758 830355 261267 376680 261267 981018
259758 68695 259758 830355 261588 376680 261588 981018
259758 68695 259758 830355 264127 376680 264127 981018
259758 68695 259758 830355 264909 376680 264909 981018
269595 68695 269595 830355 264909 376680 264909 981018
269595 68695 269595 830355 270192 376680 270192 981018
269595 68695 269595 830355 271884 376680 271884 981018
273691 68695 273691 830355 271884 376680 271884 981018
273691 68695 273691 830355 277618 376680 277618 981018
282441 68695 282441 830355 277618 376680 277618 981018
282441 68695 282441 830355 283005 376680 283005 981018
282441 68695 282441 830355 283096 376680 283096 981018
282441 68695 282441 830355 284326 376680 284326 981018
282441 68695 282441 830355 289247 376680 289247 981018
282441 68695 282441 830355 293591 376680 293591 981018
282441 68695 282441 830355 294946 376680 294946 981018
282441 68695 282441 830355 297409 376680 297409 981018
302300 68695 302300 830355 297409 376680 297409 981018
305169 68695 305169 830355 297409 376680 297409 981018
305169 68695 305169 830355 306149 376680 306149 981018
315798 68695 315798 830355 306149 376680 306149 981018
318319 68695 318319 830355 306149 376680 306149 981018
318319 68695 318319 830355 319505 376680 319505 981018
318319 68695 318319 830355 324324 376680 324324 981018
324732 68695 324732 830355 324324 376680 324324 981018
324732 68695 324732 830355 326095 376680 326095 981018
330530 68695 330530 830355 326095 376680 326095 981018
330948 68695 330948 830355 326095 376680 326095 981018
330948 68695 330948 830355 333065 376680 333065 981018
330948 68695 330948 830355 339745 376680 339745 981018
343173 68695 343173 830355 339745 376680 339745 981018
343173 68695 343173 830355 348393 376680 348393 981018
355617 68695 355617 830355 348393 376680 348393 981018
361827 68695 361827 830355 348393 376680 348393 981018
361827 68695 361827 830355 363194 376680 363194 981018
364951 68695 364951 830355 363194 376680 363194 981018
367824 68695 367824 830355 363194 376680 363194 981018
379055 68695 379055 830355 363194 376680 363194 981018
382774 68695 382774 830355 363194 376680 363194 981018
382774 68695 382774 830355 391933 376680 391933 981018
382774 68695 382774 830355 400738 376680 400738 981018
416756 68695 416756 830355 400738 376680 400738 981018
416756 68695 416756 830355 424223 376680 424223 981018
440510 68695 440510 830355 424223 376680 424223 981018
451705 68695 451705 830355 424223 376680 424223 981018
454702 68695 454702 830355 424223 376680 424223 981018
454702 68695 454702 830355 457214 376680 457214 981018
461592 68695 461592 830355 457214 376680 457214 981018
461592 68695 461592 830355 477224 376680 477224 981018
481901 68695 481901 830355 477224 376680 477224 981018
481901 68695 481901 830355 483340 376680 483340 981018
481901 68695 481901 830355 495188 376680 495188 981018
481901 68695 481901 830355 500700 376680 500700 981018
503165 68695 503165 830355 500700 376680 500700 981018
503165 68695 503165 830355 506293 376680 506293 981018
503165 68695 503165 830355 514404 376680 514404 981018
503165 68695 503165 830355 518680 376680 518680 981018
503165 68695 503165 830355 523158 376680 523158 981018
539512 68695 539512 830355 523158 376680 523158 981018
539512 68695 539512 830355 541628 376680 541628 981018
539512 68695 539512 830355 542302 376680 542302 981018
547918 68695 547918 830355 542302 376680 542302 981018
548349 68695 548349 830355 542302 376680 542302 981018
554658 68695 554658 830355 542302 376680 542302 981018
556602 68695 556602 830355 542302 376680 542302 981018
556602 68695 556602 830355 559398 376680 559398 981018
567110 68695 567110 830355 559398 376680 559398 981018
567110 68695 567110 830355 571585 376680 571585 981018
567110 68695 567110 830355 573645 376680 573645 981018
567110 68695 567110 830355 574176 376680 574176 981018
567110 68695 567110 830355 574887 376680 574887 981018
567110 68695 567110 830355 581828 376680 581828 981018
567110 68695 567110 830355 582543 376680 582543 981018
586133 68695 586133 830355 582543 376680 582543 981018
587836 68695 587836 830355 582543 376680 582543 981018
588032 68695 588032 830355 582543 376680 582543 981018
590994 68695 590994 830355 582543 376680 582543 981018
593974 68695 593974 830355 582543 376680 582543 981018
595753 68695 595753 830355 582543 376680 582543 981018
595753 68695 595753 830355 596048 376680 596048 981018
595753 68695 595753 830355 599510 376680 599510 981018
603576 68695 603576 830355 599510 376680 599510 981018
606354 68695 606354 830355 599510 376680 599510 981018
607131 68695 607131 830355 599510 376680 599510 981018
607131 68695 607131 830355 607539 376680 607539 981018
608827 68695 608827 830355 607539 376680 607539 981018
609615 68695 609615 830355 607539 376680 607539 981018
611377 68695 611377 830355 607539 376680 607539 981018
611377 68695 611377 830355 611940 376680 611940 981018
612116 68695 612116 830355 611940 376680 611940 981018
612535 68695 612535 830355 611940 376680 611940 981018
614034 68695 614034 830355 611940 376680 611940 981018
615145 68695 615145 830355 611940 376680 611940 981018
618044 68695 618044 830355 611940 376680 611940 981018
618044 68695 618044 830355 619155 376680 619155 981018
618044 68695 618044 830355 621940 376680 621940 981018
618044 68695 618044 830355 622416 376680 622416 981018
622879 68695 622879 830355 622416 376680 622416 981018
623044 68695 623044 830355 622416 376680 622416 981018
623044 68695 623044 830355 624876 376680 624876 981018
623044 68695 623044 830355 626288 376680 626288 981018
627613 68695 627613 830355 626288 376680 626288 981018
627613 68695 627613 830355 628734 376680 628734 981018
631618 68695 631618 830355 628734 376680 628734 981018
631618 68695 631618 830355 633877 376680 633877 981018
638783 68695 638783 830355 633877 376680 633877 981018
639896 68695 639896 830355 633877 376680 633877 981018
640578 68695 640578 830355 633877 376680 633877 981018
641859 68695 641859 830355 633877 376680 633877 981018
641859 68695 641859 830355 643260 376680 643260 981018
641859 68695 641859 830355 644201 376680 644201 981018
644382 68695 644382 830355 644201 376680 644201 981018
645010 68695 645010 830355 644201 376680 644201 981018
645010 68695 645010 830355 651913 376680 651913 981018
652077 68695 652077 830355 651913 376680 651913 981018
652077 68695 652077 830355 653274 376680 653274 981018
652077 68695 652077 830355 660928 376680 660928 981018
664615 68695 664615 830355 660928 376680 660928 981018
664736 68695 664736 830355 660928 376680 660928 981018
675290 68695 675290 830355 660928 376680 660928 981018
675290 68695 675290 830355 678761 376680 678761 981018
682433 68695 682433 830355 678761 376680 678761 981018
682433 68695 682433 830355 683428 376680 683428 981018
682433 68695 682433 830355 684525 376680 684525 981018
684638 68695 684638 830355 684525 376680 684525 981018
686500 68695 686500 830355 684525 376680 684525 981018
687922 68695 687922 830355 684525 376680 684525 981018
688101 68695 688101 830355 684525 376680 684525 981018
688236 68695 688236 830355 684525 376680 684525 981018
690759 68695 690759 830355 684525 376680 684525 981018
691142 68695 691142 830355 684525 376680 684525 981018
691983 68695 691983 830355 684525 376680 684525 981018
702491 68695 702491 830355 684525 376680 684525 981018
704033 68695 704033 830355 684525 376680 684525 981018
706928 68695 706928 830355 684525 376680 684525 981018
707135 68695 707135 830355 684525 376680 684525 981018
707135 68695 707135 830355 707724 376680 707724 981018
707135 68695 707135 830355 712103 376680 712103 981018
720671 68695 720671 830355 712103 376680 712103 981018
723394 68695 723394 830355 712103 376680 712103 981018
736975 68695 736975 830355 712103 376680 712103 981018
739171 68695 739171 830355 712103 376680 712103 981018
739171 68695 739171 830355 756875 376680 756875 981018
760671 68695 760671 830355 756875 376680 756875 981018
808405 68695 808405 830355 756875 376680 756875 981018
828537 68695 828537 830355 756875 376680 756875 981018
