34606 111252 34606 832735 232687 149884 232687 816181
34606 111252 34606 832735 232687 149884 232687 816181
123342 111252 123342 832735 232687 149884 232687 816181
141607 111252 141607 832735 232687 149884 232687 816181
145047 111252 145047 832735 232687 149884 232687 816181
145426 111252 145426 832735 232687 149884 232687 816181
154093 111252 154093 832735 232687 149884 232687 816181
162155 111252 162155 832735 232687 149884 232687 816181
166397 111252 166397 832735 232687 149884 232687 816181
171243 111252 171243 832735 232687 149884 232687 816181
182448 111252 182448 832735 232687 149884 232687 816181
188528 111252 188528 832735 232687 149884 232687 816181
189030 111252 189030 832735 232687 149884 232687 816181
203889 111252 203889 832735 232687 149884 232687 816181
204154 111252 204154 832735 232687 149884 232687 816181
208101 111252 208101 832735 232687 149884 232687 816181
209281 111252 209281 832735 232687 149884 232687 816181
210978 111252 210978 832735 232687 149884 232687 816181
213233 111252 213233 832735 232687 149884 232687 816181
216240 111252 216240 832735 232687 149884 232687 816181
222077 111252 222077 832735 232687 149884 232687 816181
233733 111252 233733 832735 232687 149884 232687 816181
236918 111252 236918 832735 232687 149884 232687 816181
241601 111252 241601 832735 232687 149884 232687 816181
242348 111252 242348 832735 232687 149884 232687 816181
243962 111252 243962 832735 232687 149884 232687 816181
248749 111252 248749 832735 232687 149884 232687 816181
248749 111252 248749 832735 251003 149884 251003 816181
257026 111252 257026 832735 251003 149884 251003 816181
257026 111252 257026 832735 257282 149884 257282 816181
257026 111252 257026 832735 268105 149884 268105 816181
273058 111252 273058 832735 268105 149884 268105 816181
273339 111252 273339 832735 268105 149884 268105 816181
273566 111252 273566 832735 268105 149884 268105 816181
274063 111252 274063 832735 268105 149884 268105 816181
281889 111252 281889 832735 268105 149884 268105 816181
282819 111252 282819 832735 268105 149884 268105 816181
282819 111252 282819 832735 287921 149884 287921 816181
290189 111252 290189 832735 287921 149884 287921 816181
290748 111252 290748 832735 287921 149884 287921 816181
290748 111252 290748 832735 292958 149884 292958 816181
293992 111252 293992 832735 292958 149884 292958 816181
295978 111252 295978 832735 292958 149884 292958 816181
297584 111252 297584 832735 292958 149884 292958 816181
297584 111252 297584 832735 302057 149884 302057 816181
306236 111252 306236 832735 302057 149884 302057 816181
310549 111252 310549 832735 302057 149884 302057 816181
323151 111252 323151 832735 302057 149884 302057 816181
324919 111252 324919 832735 302057 149884 302057 816181
328232 111252 328232 832735 302057 149884 302057 816181
328232 111252 328232 832735 333909 149884 333909 816181
328232 111252 328232 832735 333916 149884 333916 816181
335480 111252 335480 832735 333916 149884 333916 816181
343496 111252 343496 832735 333916 149884 333916 816181
345508 111252 345508 832735 333916 149884 333916 816181
345508 111252 345508 832735 346208 149884 346208 816181
345508 111252 345508 832735 347740 149884 347740 816181
345508 111252 345508 832735 351990 149884 351990 816181
345508 111252 345508 832735 356635 149884 356635 816181
359808 111252 359808 832735 356635 149884 356635 816181
363490 111252 363490 832735 356635 149884 356635 816181
363490 111252 363490 832735 363538 149884 363538 816181
365190 111252 365190 832735 363538 149884 363538 816181
368042 111252 368042 832735 363538 149884 363538 816181
368042 111252 368042 832735 368293 149884 368293 816181
368042 111252 368042 832735 370286 149884 370286 816181
368042 111252 368042 832735 373368 149884 373368 816181
368042 111252 368042 832735 381247 149884 381247 816181
368042 111252 368042 832735 386167 149884 386167 816181
368042 111252 368042 832735 387295 149884 387295 816181
394252 111252 394252 832735 387295 149884 387295 816181
394252 111252 394252 832735 395566 149884 395566 816181
394252 111252 394252 832735 402512 149884 402512 816181
394252 111252 394252 832735 402570 149884 402570 816181
394252 111252 394252 832735 406440 149884 406440 816181
408865 111252 408865 832735 406440 149884 406440 816181
408865 111252 408865 832735 409541 149884 409541 816181
408865 111252 408865 832735 414357 149884 414357 816181
414742 111252 414742 832735 414357 149884 414357 816181
414742 111252 414742 832735 416976 149884 416976 816181
414742 111252 414742 832735 421473 149884 421473 816181
414742 111252 414742 832735 427066 149884 427066 816181
414742 111252 414742 832735 430385 149884 430385 816181
432402 111252 432402 832735 430385 149884 430385 816181
432402 111252 432402 832735 433062 149884 433062 816181
433138 111252 433138 832735 433062 149884 433062 816181
433138 111252 433138 832735 438072 149884 438072 816181
433138 111252 433138 832735 439835 149884 439835 816181
433138 111252 433138 832735 441820 149884 441820 816181
433138 111252 433138 832735 442242 149884 442242 816181
442506 111252 442506 832735 442242 149884 442242 816181
442506 111252 442506 832735 444378 149884 444378 816181
442506 111252 442506 832735 446569 149884 446569 816181
442506 111252 442506 832735 447283 149884 447283 816181
442506 111252 442506 832735 449578 149884 449578 816181
442506 111252 442506 832735 452921 149884 452921 816181
442506 111252 442506 832735 453707 149884 453707 816181
442506 111252 442506 832735 455073 149884 455073 816181
442506 111252 442506 832735 461684 149884 461684 816181
442506 111252 442506 832735 463781 149884 463781 816181
464944 111252 464944 832735 463781 149884 463781 816181
464944 111252 464944 832735 466640 149884 466640 816181
464944 111252 464944 832735 470402 149884 470402 816181
464944 111252 464944 832735 471520 149884 471520 816181
464944 111252 464944 832735 471721 149884 471721 816181
476614 111252 476614 832735 471721 149884 471721 816181
476614 111252 476614 832735 478103 149884 478103 816181
476614 111252 476614 832735 479994 149884 479994 816181
488812 111252 488812 832735 479994 149884 479994 816181
490781 111252 490781 832735 479994 149884 479994 816181
492360 111252 492360 832735 479994 149884 479994 816181
497006 111252 497006 832735 479994 149884 479994 816181
504719 111252 504719 832735 479994 149884 479994 816181
504719 111252 504719 832735 507651 149884 507651 816181
504719 111252 504719 832735 508849 149884 508849 816181
504719 111252 504719 832735 510344 149884 510344 816181
504719 111252 504719 832735 511085 149884 511085 816181
504719 111252 504719 832735 515565 149884 515565 816181
504719 111252 504719 832735 520708 149884 520708 816181
504719 111252 504719 832735 522291 149884 522291 816181
523603 111252 523603 832735 522291 149884 522291 816181
523603 111252 523603 832735 524251 149884 524251 816181
533404 111252 533404 832735 524251 149884 524251 816181
533468 111252 533468 832735 524251 149884 524251 816181
543174 111252 543174 832735 524251 149884 524251 816181
543174 111252 543174 832735 550087 149884 550087 816181
550192 111252 550192 832735 550087 149884 550087 816181
555690 111252 555690 832735 550087 149884 550087 816181
555690 111252 555690 832735 566280 149884 566280 816181
555690 111252 555690 832735 570225 149884 570225 816181
571603 111252 571603 832735 570225 149884 570225 816181
573609 111252 573609 832735 570225 149884 570225 816181
573609 111252 573609 832735 578075 149884 578075 816181
573609 111252 573609 832735 583827 149884 583827 816181
573609 111252 573609 832735 596223 149884 596223 816181
598570 111252 598570 832735 596223 149884 596223 816181
598678 111252 598678 832735 596223 149884 596223 816181
598678 111252 598678 832735 602410 149884 602410 816181
603887 111252 603887 832735 602410 149884 602410 816181
603887 111252 603887 832735 604283 149884 604283 816181
606673 111252 606673 832735 604283 149884 604283 816181
606673 111252 606673 832735 611376 149884 611376 816181
606673 111252 606673 832735 625691 149884 625691 816181
633133 111252 633133 832735 625691 149884 625691 816181
637643 111252 637643 832735 625691 149884 625691 816181
637643 111252 637643 832735 643023 149884 643023 816181
644943 111252 644943 832735 643023 149884 643023 816181
648244 111252 648244 832735 643023 149884 643023 816181
648244 111252 648244 832735 654134 149884 654134 816181
648244 111252 648244 832735 655954 149884 655954 816181
648244 111252 648244 832735 657540 149884 657540 816181
658050 111252 658050 832735 657540 149884 657540 816181
658050 111252 658050 832735 662637 149884 662637 816181
675532 111252 675532 832735 662637 149884 662637 816181
676533 111252 676533 832735 662637 149884 662637 816181
676533 111252 676533 832735 685451 149884 685451 816181
676533 111252 676533 832735 686207 149884 686207 816181
676533 111252 676533 832735 692935 149884 692935 816181
676533 111252 676533 832735 694216 149884 694216 816181
676533 111252 676533 832735 696040 149884 696040 816181
676533 111252 676533 832735 697983 149884 697983 816181
698657 111252 698657 832735 697983 149884 697983 816181
698657 111252 698657 832735 701495 149884 701495 816181
698657 111252 698657 832735 701945 149884 701945 816181
698657 111252 698657 832735 708177 149884 708177 816181
698657 111252 698657 832735 708841 149884 708841 816181
711654 111252 711654 832735 708841 149884 708841 816181
711654 111252 711654 832735 714483 149884 714483 816181
715442 111252 715442 832735 714483 149884 714483 816181
715442 111252 715442 832735 716683 149884 716683 816181
715442 111252 715442 832735 721135 149884 721135 816181
715442 111252 715442 832735 722287 149884 722287 816181
715442 111252 715442 832735 723441 149884 723441 816181
715442 111252 715442 832735 727544 149884 727544 816181
733198 111252 733198 832735 727544 149884 727544 816181
733198 111252 733198 832735 739381 149884 739381 816181
733198 111252 733198 832735 742446 149884 742446 816181
746486 111252 746486 832735 742446 149884 742446 816181
748899 111252 748899 832735 742446 149884 742446 816181
748899 111252 748899 832735 751357 149884 751357 816181
748899 111252 748899 832735 754559 149884 754559 816181
755292 111252 755292 832735 754559 149884 754559 816181
755292 111252 755292 832735 756123 149884 756123 816181
755292 111252 755292 832735 761809 149884 761809 816181
755292 111252 755292 832735 767725 149884 767725 816181
768257 111252 768257 832735 767725 149884 767725 816181
770916 111252 770916 832735 767725 149884 767725 816181
773561 111252 773561 832735 767725 149884 767725 816181
773840 111252 773840 832735 767725 149884 767725 816181
773840 111252 773840 832735 776433 149884 776433 816181
777465 111252 777465 832735 776433 149884 776433 816181
779797 111252 779797 832735 776433 149884 776433 816181
788061 111252 788061 832735 776433 149884 776433 816181
788061 111252 788061 832735 790144 149884 790144 816181
788061 111252 788061 832735 803351 149884 803351 816181
804042 111252 804042 832735 803351 149884 803351 816181
813145 111252 813145 832735 803351 149884 803351 816181
823502 111252 823502 832735 803351 149884 803351 816181
823502 111252 823502 832735 823957 149884 823957 816181
831220 111252 831220 832735 823957 149884 823957 816181
