32186 145375 32186 831183 130286 105162 130286 969521
32186 145375 32186 831183 130286 105162 130286 969521
81429 145375 81429 831183 130286 105162 130286 969521
103372 145375 103372 831183 130286 105162 130286 969521
110456 145375 110456 831183 130286 105162 130286 969521
111495 145375 111495 831183 130286 105162 130286 969521
133214 145375 133214 831183 130286 105162 130286 969521
135410 145375 135410 831183 130286 105162 130286 969521
135410 145375 135410 831183 148050 105162 148050 969521
153917 145375 153917 831183 148050 105162 148050 969521
161375 145375 161375 831183 148050 105162 148050 969521
167852 145375 167852 831183 148050 105162 148050 969521
167852 145375 167852 831183 170651 105162 170651 969521
167852 145375 167852 831183 177939 105162 177939 969521
167852 145375 167852 831183 178428 105162 178428 969521
167852 145375 167852 831183 179895 105162 179895 969521
167852 145375 167852 831183 191882 105162 191882 969521
192923 145375 192923 831183 191882 105162 191882 969521
196168 145375 196168 831183 191882 105162 191882 969521
196168 145375 196168 831183 201376 105162 201376 969521
202156 145375 202156 831183 201376 105162 201376 969521
203960 145375 203960 831183 201376 105162 201376 969521
211204 145375 211204 831183 201376 105162 201376 969521
211204 145375 211204 831183 216960 105162 216960 969521
211204 145375 211204 831183 219327 105162 219327 969521
211204 145375 211204 831183 223874 105162 223874 969521
211204 145375 211204 831183 224786 105162 224786 969521
211204 145375 211204 831183 238589 105162 238589 969521
211204 145375 211204 831183 241540 105162 241540 969521
256125 145375 256125 831183 241540 105162 241540 969521
260015 145375 260015 831183 241540 105162 241540 969521
260015 145375 260015 831183 267174 105162 267174 969521
260015 145375 260015 831183 268500 105162 268500 969521
260015 145375 260015 831183 271992 105162 271992 969521
260015 145375 260015 831183 274060 105162 274060 969521
260015 145375 260015 831183 276290 105162 276290 969521
260015 145375 260015 831183 280296 105162 280296 969521
280487 145375 280487 831183 280296 105162 280296 969521
280487 145375 280487 831183 280528 105162 280528 969521
280487 145375 280487 831183 283185 105162 283185 969521
280487 145375 280487 831183 290478 105162 290478 969521
280487 145375 280487 831183 291497 105162 291497 969521
280487 145375 280487 831183 295253 105162 295253 969521
280487 145375 280487 831183 298177 105162 298177 969521
301923 145375 301923 831183 298177 105162 298177 969521
301923 145375 301923 831183 303284 105162 303284 969521
301923 145375 301923 831183 308162 105162 308162 969521
301923 145375 301923 831183 311604 105162 311604 969521
301923 145375 301923 831183 311959 105162 311959 969521
301923 145375 301923 831183 312697 105162 312697 969521
301923 145375 301923 831183 313366 105162 313366 969521
301923 145375 301923 831183 320671 105162 320671 969521
301923 145375 301923 831183 322729 105162 322729 969521
301923 145375 301923 831183 323361 105162 323361 969521
329660 145375 329660 831183 323361 105162 323361 969521
333775 145375 333775 831183 323361 105162 323361 969521
333775 145375 333775 831183 335375 105162 335375 969521
333775 145375 333775 831183 338093 105162 338093 969521
333775 145375 333775 831183 338741 105162 338741 969521
339647 145375 339647 831183 338741 105162 338741 969521
339647 145375 339647 831183 342481 105162 342481 969521
339647 145375 339647 831183 344478 105162 344478 969521
339647 145375 339647 831183 352958 105162 352958 969521
339647 145375 339647 831183 355023 105162 355023 969521
339647 145375 339647 831183 357201 105162 357201 969521
360881 145375 360881 831183 357201 105162 357201 969521
360881 145375 360881 831183 361475 105162 361475 969521
360881 145375 360881 831183 363453 105162 363453 969521
360881 145375 360881 831183 363750 105162 363750 969521
360881 145375 360881 831183 366162 105162 366162 969521
360881 145375 360881 831183 366523 105162 366523 969521
373899 145375 373899 831183 366523 105162 366523 969521
375383 145375 375383 831183 366523 105162 366523 969521
380416 145375 380416 831183 366523 105162 366523 969521
383179 145375 383179 831183 366523 105162 366523 969521
385739 145375 385739 831183 366523 105162 366523 969521
387390 145375 387390 831183 366523 105162 366523 969521
387390 145375 387390 831183 400989 105162 400989 969521
403234 145375 403234 831183 400989 105162 400989 969521
403234 145375 403234 831183 414188 105162 414188 969521
403234 145375 403234 831183 418392 105162 418392 969521
422893 145375 422893 831183 418392 105162 418392 969521
422940 145375 422940 831183 418392 105162 418392 969521
424449 145375 424449 831183 418392 105162 418392 969521
424864 145375 424864 831183 418392 105162 418392 969521
424864 145375 424864 831183 426525 105162 426525 969521
428505 145375 428505 831183 426525 105162 426525 969521
428505 145375 428505 831183 429215 105162 429215 969521
428505 145375 428505 831183 433829 105162 433829 969521
428505 145375 428505 831183 433991 105162 433991 969521
438098 145375 438098 831183 433991 105162 433991 969521
438098 145375 438098 831183 441592 105162 441592 969521
446035 145375 446035 831183 441592 105162 441592 969521
446035 145375 446035 831183 448856 105162 448856 969521
450073 145375 450073 831183 448856 105162 448856 969521
451441 145375 451441 831183 448856 105162 448856 969521
451441 145375 451441 831183 453061 105162 453061 969521
453462 145375 453462 831183 453061 105162 453061 969521
458882 145375 458882 831183 453061 105162 453061 969521
465256 145375 465256 831183 453061 105162 453061 969521
474542 145375 474542 831183 453061 105162 453061 969521
476138 145375 476138 831183 453061 105162 453061 969521
478731 145375 478731 831183 453061 105162 453061 969521
479328 145375 479328 831183 453061 105162 453061 969521
479328 145375 479328 831183 480870 105162 480870 969521
481676 145375 481676 831183 480870 105162 480870 969521
483025 145375 483025 831183 480870 105162 480870 969521
492723 145375 492723 831183 480870 105162 480870 969521
492723 145375 492723 831183 493314 105162 493314 969521
494716 145375 494716 831183 493314 105162 493314 969521
499635 145375 499635 831183 493314 105162 493314 969521
506780 145375 506780 831183 493314 105162 493314 969521
506780 145375 506780 831183 507394 105162 507394 969521
509598 145375 509598 831183 507394 105162 507394 969521
509598 145375 509598 831183 510676 105162 510676 969521
509598 145375 509598 831183 513019 105162 513019 969521
509598 145375 509598 831183 514484 105162 514484 969521
515073 145375 515073 831183 514484 105162 514484 969521
515073 145375 515073 831183 515183 105162 515183 969521
523391 145375 523391 831183 515183 105162 515183 969521
523443 145375 523443 831183 515183 105162 515183 969521
523779 145375 523779 831183 515183 105162 515183 969521
523914 145375 523914 831183 515183 105162 515183 969521
524838 145375 524838 831183 515183 105162 515183 969521
526916 145375 526916 831183 515183 105162 515183 969521
526916 145375 526916 831183 529539 105162 529539 969521
532722 145375 532722 831183 529539 105162 529539 969521
533103 145375 533103 831183 529539 105162 529539 969521
533103 145375 533103 831183 540098 105162 540098 969521
544261 145375 544261 831183 540098 105162 540098 969521
546302 145375 546302 831183 540098 105162 540098 969521
546302 145375 546302 831183 546400 105162 546400 969521
557479 145375 557479 831183 546400 105162 546400 969521
559038 145375 559038 831183 546400 105162 546400 969521
560356 145375 560356 831183 546400 105162 546400 969521
564268 145375 564268 831183 546400 105162 546400 969521
566690 145375 566690 831183 546400 105162 546400 969521
574524 145375 574524 831183 546400 105162 546400 969521
574524 145375 574524 831183 574558 105162 574558 969521
574770 145375 574770 831183 574558 105162 574558 969521
576871 145375 576871 831183 574558 105162 574558 969521
581137 145375 581137 831183 574558 105162 574558 969521
584181 145375 584181 831183 574558 105162 574558 969521
584181 145375 584181 831183 587091 105162 587091 969521
587596 145375 587596 831183 587091 105162 587091 969521
592194 145375 592194 831183 587091 105162 587091 969521
594418 145375 594418 831183 587091 105162 587091 969521
595503 145375 595503 831183 587091 105162 587091 969521
595503 145375 595503 831183 595894 105162 595894 969521
597577 145375 597577 831183 595894 105162 595894 969521
597577 145375 597577 831183 599655 105162 599655 969521
597577 145375 597577 831183 601914 105162 601914 969521
604921 145375 604921 831183 601914 105162 601914 969521
605108 145375 605108 831183 601914 105162 601914 969521
605108 145375 605108 831183 605953 105162 605953 969521
605108 145375 605108 831183 609822 105162 609822 969521
610138 145375 610138 831183 609822 105162 609822 969521
610208 145375 610208 831183 609822 105162 609822 969521
610208 145375 610208 831183 612066 105162 612066 969521
610208 145375 610208 831183 614046 105162 614046 969521
610208 145375 610208 831183 616000 105162 616000 969521
616038 145375 616038 831183 616000 105162 616000 969521
616038 145375 616038 831183 617777 105162 617777 969521
616038 145375 616038 831183 619958 105162 619958 969521
616038 145375 616038 831183 621020 105162 621020 969521
616038 145375 616038 831183 623584 105162 623584 969521
616038 145375 616038 831183 626813 105162 626813 969521
616038 145375 616038 831183 627755 105162 627755 969521
616038 145375 616038 831183 629851 105162 629851 969521
616038 145375 616038 831183 635049 105162 635049 969521
616038 145375 616038 831183 643149 105162 643149 969521
646235 145375 646235 831183 643149 105162 643149 969521
647659 145375 647659 831183 643149 105162 643149 969521
647659 145375 647659 831183 648568 105162 648568 969521
656552 145375 656552 831183 648568 105162 648568 969521
659178 145375 659178 831183 648568 105162 648568 969521
660249 145375 660249 831183 648568 105162 648568 969521
660249 145375 660249 831183 666969 105162 666969 969521
660249 145375 660249 831183 667286 105162 667286 969521
660249 145375 660249 831183 668481 105162 668481 969521
660249 145375 660249 831183 675857 105162 675857 969521
660249 145375 660249 831183 683534 105162 683534 969521
660249 145375 660249 831183 691893 105162 691893 969521
698356 145375 698356 831183 691893 105162 691893 969521
727296 145375 727296 831183 691893 105162 691893 969521
731020 145375 731020 831183 691893 105162 691893 969521
745208 145375 745208 831183 691893 105162 691893 969521
755070 145375 755070 831183 691893 105162 691893 969521
775156 145375 775156 831183 691893 105162 691893 969521
775156 145375 775156 831183 785784 105162 785784 969521
789559 145375 789559 831183 785784 105162 785784 969521
789559 145375 789559 831183 793020 105162 793020 969521
794229 145375 794229 831183 793020 105162 793020 969521
808634 145375 808634 831183 793020 105162 793020 969521
812299 145375 812299 831183 793020 105162 793020 969521
812299 145375 812299 831183 819974 105162 819974 969521
812299 145375 812299 831183 829605 105162 829605 969521
812299 145375 812299 831183 832148 105162 832148 969521
838213 145375 838213 831183 832148 105162 832148 969521
838213 145375 838213 831183 840173 105162 840173 969521
