176305 91198 176305 861401 143206 335422 143206 895028
176305 91198 176305 861401 143206 335422 143206 895028
188121 91198 188121 861401 143206 335422 143206 895028
188121 91198 188121 861401 189793 335422 189793 895028
202439 91198 202439 861401 189793 335422 189793 895028
202439 91198 202439 861401 202797 335422 202797 895028
209789 91198 209789 861401 202797 335422 202797 895028
209789 91198 209789 861401 210081 335422 210081 895028
224284 91198 224284 861401 210081 335422 210081 895028
234337 91198 234337 861401 210081 335422 210081 895028
237384 91198 237384 861401 210081 335422 210081 895028
237639 91198 237639 861401 210081 335422 210081 895028
243907 91198 243907 861401 210081 335422 210081 895028
243907 91198 243907 861401 245565 335422 245565 895028
247680 91198 247680 861401 245565 335422 245565 895028
247680 91198 247680 861401 250401 335422 250401 895028
250758 91198 250758 861401 250401 335422 250401 895028
250758 91198 250758 861401 250831 335422 250831 895028
250758 91198 250758 861401 252718 335422 252718 895028
250758 91198 250758 861401 255375 335422 255375 895028
256550 91198 256550 861401 255375 335422 255375 895028
268701 91198 268701 861401 255375 335422 255375 895028
268940 91198 268940 861401 255375 335422 255375 895028
268940 91198 268940 861401 271108 335422 271108 895028
271302 91198 271302 861401 271108 335422 271108 895028
281788 91198 281788 861401 271108 335422 271108 895028
281788 91198 281788 861401 282025 335422 282025 895028
284089 91198 284089 861401 282025 335422 282025 895028
287353 91198 287353 861401 282025 335422 282025 895028
294261 91198 294261 861401 282025 335422 282025 895028
299206 91198 299206 861401 282025 335422 282025 895028
299453 91198 299453 861401 282025 335422 282025 895028
302206 91198 302206 861401 282025 335422 282025 895028
305556 91198 305556 861401 282025 335422 282025 895028
320962 91198 320962 861401 282025 335422 282025 895028
322084 91198 322084 861401 282025 335422 282025 895028
322084 91198 322084 861401 323069 335422 323069 895028
322084 91198 322084 861401 336781 335422 336781 895028
322084 91198 322084 861401 339573 335422 339573 895028
341689 91198 341689 861401 339573 335422 339573 895028
345392 91198 345392 861401 339573 335422 339573 895028
351061 91198 351061 861401 339573 335422 339573 895028
353604 91198 353604 861401 339573 335422 339573 895028
353604 91198 353604 861401 354992 335422 354992 895028
353604 91198 353604 861401 355174 335422 355174 895028
360173 91198 360173 861401 355174 335422 355174 895028
364152 91198 364152 861401 355174 335422 355174 895028
364152 91198 364152 861401 365063 335422 365063 895028
368663 91198 368663 861401 365063 335422 365063 895028
368663 91198 368663 861401 369717 335422 369717 895028
372484 91198 372484 861401 369717 335422 369717 895028
375623 91198 375623 861401 369717 335422 369717 895028
377867 91198 377867 861401 369717 335422 369717 895028
379158 91198 379158 861401 369717 335422 369717 895028
386684 91198 386684 861401 369717 335422 369717 895028
386684 91198 386684 861401 392684 335422 392684 895028
396927 91198 396927 861401 392684 335422 392684 895028
397146 91198 397146 861401 392684 335422 392684 895028
397146 91198 397146 861401 400955 335422 400955 895028
397146 91198 397146 861401 412878 335422 412878 895028
413009 91198 413009 861401 412878 335422 412878 895028
414577 91198 414577 861401 412878 335422 412878 895028
427506 91198 427506 861401 412878 335422 412878 895028
433241 91198 433241 861401 412878 335422 412878 895028
433241 91198 433241 861401 438513 335422 438513 895028
433241 91198 433241 861401 444339 335422 444339 895028
457270 91198 457270 861401 444339 335422 444339 895028
460153 91198 460153 861401 444339 335422 444339 895028
460153 91198 460153 861401 467619 335422 467619 895028
460153 91198 460153 861401 469244 335422 469244 895028
460153 91198 460153 861401 473610 335422 473610 895028
460153 91198 460153 861401 474167 335422 474167 895028
483607 91198 483607 861401 474167 335422 474167 895028
483607 91198 483607 861401 484342 335422 484342 895028
501249 91198 501249 861401 484342 335422 484342 895028
501249 91198 501249 861401 503964 335422 503964 895028
504670 91198 504670 861401 503964 335422 503964 895028
504670 91198 504670 861401 507438 335422 507438 895028
504670 91198 504670 861401 508591 335422 508591 895028
504670 91198 504670 861401 515568 335422 515568 895028
504670 91198 504670 861401 516404 335422 516404 895028
504670 91198 504670 861401 519548 335422 519548 895028
504670 91198 504670 861401 520091 335422 520091 895028
504670 91198 504670 861401 527631 335422 527631 895028
504670 91198 504670 861401 529339 335422 529339 895028
504670 91198 504670 861401 529917 335422 529917 895028
504670 91198 504670 861401 535654 335422 535654 895028
504670 91198 504670 861401 536810 335422 536810 895028
504670 91198 504670 861401 540001 335422 540001 895028
540233 91198 540233 861401 540001 335422 540001 895028
540233 91198 540233 861401 554131 335422 554131 895028
563261 91198 563261 861401 554131 335422 554131 895028
563261 91198 563261 861401 567137 335422 567137 895028
563261 91198 563261 861401 568932 335422 568932 895028
563261 91198 563261 861401 575015 335422 575015 895028
577556 91198 577556 861401 575015 335422 575015 895028
577770 91198 577770 861401 575015 335422 575015 895028
579685 91198 579685 861401 575015 335422 575015 895028
579685 91198 579685 861401 579864 335422 579864 895028
579685 91198 579685 861401 580267 335422 580267 895028
582919 91198 582919 861401 580267 335422 580267 895028
586068 91198 586068 861401 580267 335422 580267 895028
588552 91198 588552 861401 580267 335422 580267 895028
588552 91198 588552 861401 590405 335422 590405 895028
588552 91198 588552 861401 595418 335422 595418 895028
588552 91198 588552 861401 599015 335422 599015 895028
588552 91198 588552 861401 599095 335422 599095 895028
588552 91198 588552 861401 599202 335422 599202 895028
599733 91198 599733 861401 599202 335422 599202 895028
600897 91198 600897 861401 599202 335422 599202 895028
600897 91198 600897 861401 602186 335422 602186 895028
600897 91198 600897 861401 607309 335422 607309 895028
600897 91198 600897 861401 607865 335422 607865 895028
600897 91198 600897 861401 610946 335422 610946 895028
600897 91198 600897 861401 612021 335422 612021 895028
600897 91198 600897 861401 617735 335422 617735 895028
619214 91198 619214 861401 617735 335422 617735 895028
625208 91198 625208 861401 617735 335422 617735 895028
629290 91198 629290 861401 617735 335422 617735 895028
629290 91198 629290 861401 629387 335422 629387 895028
633030 91198 633030 861401 629387 335422 629387 895028
636110 91198 636110 861401 629387 335422 629387 895028
636991 91198 636991 861401 629387 335422 629387 895028
637275 91198 637275 861401 629387 335422 629387 895028
640231 91198 640231 861401 629387 335422 629387 895028
640231 91198 640231 861401 641776 335422 641776 895028
642554 91198 642554 861401 641776 335422 641776 895028
647166 91198 647166 861401 641776 335422 641776 895028
647166 91198 647166 861401 649120 335422 649120 895028
649349 91198 649349 861401 649120 335422 649120 895028
649349 91198 649349 861401 650445 335422 650445 895028
654023 91198 654023 861401 650445 335422 650445 895028
656123 91198 656123 861401 650445 335422 650445 895028
656123 91198 656123 861401 659240 335422 659240 895028
660093 91198 660093 861401 659240 335422 659240 895028
660846 91198 660846 861401 659240 335422 659240 895028
666995 91198 666995 861401 659240 335422 659240 895028
666995 91198 666995 861401 669209 335422 669209 895028
666995 91198 666995 861401 672276 335422 672276 895028
666995 91198 666995 861401 673107 335422 673107 895028
666995 91198 666995 861401 677723 335422 677723 895028
680410 91198 680410 861401 677723 335422 677723 895028
680410 91198 680410 861401 682056 335422 682056 895028
683372 91198 683372 861401 682056 335422 682056 895028
683513 91198 683513 861401 682056 335422 682056 895028
683838 91198 683838 861401 682056 335422 682056 895028
688415 91198 688415 861401 682056 335422 682056 895028
688415 91198 688415 861401 690331 335422 690331 895028
688415 91198 688415 861401 690881 335422 690881 895028
692209 91198 692209 861401 690881 335422 690881 895028
692209 91198 692209 861401 692657 335422 692657 895028
692896 91198 692896 861401 692657 335422 692657 895028
692896 91198 692896 861401 697954 335422 697954 895028
692896 91198 692896 861401 702865 335422 702865 895028
692896 91198 692896 861401 702984 335422 702984 895028
692896 91198 692896 861401 704954 335422 704954 895028
692896 91198 692896 861401 705983 335422 705983 895028
692896 91198 692896 861401 706689 335422 706689 895028
707113 91198 707113 861401 706689 335422 706689 895028
707113 91198 707113 861401 708930 335422 708930 895028
710182 91198 710182 861401 708930 335422 708930 895028
711101 91198 711101 861401 708930 335422 708930 895028
711501 91198 711501 861401 708930 335422 708930 895028
720273 91198 720273 861401 708930 335422 708930 895028
720273 91198 720273 861401 720806 335422 720806 895028
720273 91198 720273 861401 721327 335422 721327 895028
722470 91198 722470 861401 721327 335422 721327 895028
722470 91198 722470 861401 722576 335422 722576 895028
722470 91198 722470 861401 726546 335422 726546 895028
733041 91198 733041 861401 726546 335422 726546 895028
734928 91198 734928 861401 726546 335422 726546 895028
734928 91198 734928 861401 738312 335422 738312 895028
734928 91198 734928 861401 745893 335422 745893 895028
750986 91198 750986 861401 745893 335422 745893 895028
750986 91198 750986 861401 751613 335422 751613 895028
750986 91198 750986 861401 752978 335422 752978 895028
753403 91198 753403 861401 752978 335422 752978 895028
753403 91198 753403 861401 759657 335422 759657 895028
761484 91198 761484 861401 759657 335422 759657 895028
761484 91198 761484 861401 765324 335422 765324 895028
773075 91198 773075 861401 765324 335422 765324 895028
773075 91198 773075 861401 775538 335422 775538 895028
773075 91198 773075 861401 775601 335422 775601 895028
773075 91198 773075 861401 778867 335422 778867 895028
773075 91198 773075 861401 780697 335422 780697 895028
782450 91198 782450 861401 780697 335422 780697 895028
782450 91198 782450 861401 782971 335422 782971 895028
784399 91198 784399 861401 782971 335422 782971 895028
784399 91198 784399 861401 789967 335422 789967 895028
793560 91198 793560 861401 789967 335422 789967 895028
808141 91198 808141 861401 789967 335422 789967 895028
820612 91198 820612 861401 789967 335422 789967 895028
820612 91198 820612 861401 821049 335422 821049 895028
820612 91198 820612 861401 824126 335422 824126 895028
827472 91198 827472 861401 824126 335422 824126 895028
836480 91198 836480 861401 824126 335422 824126 895028
836480 91198 836480 861401 842554 335422 842554 895028
836480 91198 836480 861401 849031 335422 849031 895028
836480 91198 836480 861401 884959 335422 884959 895028
836480 91198 836480 861401 942981 335422 942981 895028
