124211 204705 124211 791586 140273 225232 140273 965680
124211 204705 124211 791586 140273 225232 140273 965680
137163 204705 137163 791586 140273 225232 140273 965680
140922 204705 140922 791586 140273 225232 140273 965680
151789 204705 151789 791586 140273 225232 140273 965680
151789 204705 151789 791586 158250 225232 158250 965680
161702 204705 161702 791586 158250 225232 158250 965680
161702 204705 161702 791586 176408 225232 176408 965680
180538 204705 180538 791586 176408 225232 176408 965680
187585 204705 187585 791586 176408 225232 176408 965680
197917 204705 197917 791586 176408 225232 176408 965680
199084 204705 199084 791586 176408 225232 176408 965680
203279 204705 203279 791586 176408 225232 176408 965680
203279 204705 203279 791586 204614 225232 204614 965680
204870 204705 204870 791586 204614 225232 204614 965680
206274 204705 206274 791586 204614 225232 204614 965680
206274 204705 206274 791586 206775 225232 206775 965680
207558 204705 207558 791586 206775 225232 206775 965680
208561 204705 208561 791586 206775 225232 206775 965680
210000 204705 210000 791586 206775 225232 206775 965680
210000 204705 210000 791586 211584 225232 211584 965680
212154 204705 212154 791586 211584 225232 211584 965680
214858 204705 214858 791586 211584 225232 211584 965680
216750 204705 216750 791586 211584 225232 211584 965680
219943 204705 219943 791586 211584 225232 211584 965680
221645 204705 221645 791586 211584 225232 211584 965680
222179 204705 222179 791586 211584 225232 211584 965680
231287 204705 231287 791586 211584 225232 211584 965680
231904 204705 231904 791586 211584 225232 211584 965680
235023 204705 235023 791586 211584 225232 211584 965680
235023 204705 235023 791586 236252 225232 236252 965680
237722 204705 237722 791586 236252 225232 236252 965680
239046 204705 239046 791586 236252 225232 236252 965680
241897 204705 241897 791586 236252 225232 236252 965680
243112 204705 243112 791586 236252 225232 236252 965680
243513 204705 243513 791586 236252 225232 236252 965680
249661 204705 249661 791586 236252 225232 236252 965680
255373 204705 255373 791586 236252 225232 236252 965680
258591 204705 258591 791586 236252 225232 236252 965680
259930 204705 259930 791586 236252 225232 236252 965680
260970 204705 260970 791586 236252 225232 236252 965680
265344 204705 265344 791586 236252 225232 236252 965680
265344 204705 265344 791586 269133 225232 269133 965680
265344 204705 265344 791586 271821 225232 271821 965680
265344 204705 265344 791586 272025 225232 272025 965680
274550 204705 274550 791586 272025 225232 272025 965680
274761 204705 274761 791586 272025 225232 272025 965680
276019 204705 276019 791586 272025 225232 272025 965680
278646 204705 278646 791586 272025 225232 272025 965680
278789 204705 278789 791586 272025 225232 272025 965680
279760 204705 279760 791586 272025 225232 272025 965680
281655 204705 281655 791586 272025 225232 272025 965680
283978 204705 283978 791586 272025 225232 272025 965680
289340 204705 289340 791586 272025 225232 272025 965680
296516 204705 296516 791586 272025 225232 272025 965680
299625 204705 299625 791586 272025 225232 272025 965680
303866 204705 303866 791586 272025 225232 272025 965680
303866 204705 303866 791586 315132 225232 315132 965680
338720 204705 338720 791586 315132 225232 315132 965680
338720 204705 338720 791586 352207 225232 352207 965680
338720 204705 338720 791586 362409 225232 362409 965680
365226 204705 365226 791586 362409 225232 362409 965680
365226 204705 365226 791586 371065 225232 371065 965680
378323 204705 378323 791586 371065 225232 371065 965680
379586 204705 379586 791586 371065 225232 371065 965680
379586 204705 379586 791586 382519 225232 382519 965680
379586 204705 379586 791586 386378 225232 386378 965680
379586 204705 379586 791586 389009 225232 389009 965680
379586 204705 379586 791586 391384 225232 391384 965680
379586 204705 379586 791586 393475 225232 393475 965680
379586 204705 379586 791586 405331 225232 405331 965680
379586 204705 379586 791586 415699 225232 415699 965680
418242 204705 418242 791586 415699 225232 415699 965680
418242 204705 418242 791586 419591 225232 419591 965680
418242 204705 418242 791586 419791 225232 419791 965680
418242 204705 418242 791586 422733 225232 422733 965680
418242 204705 418242 791586 423374 225232 423374 965680
418242 204705 418242 791586 424065 225232 424065 965680
418242 204705 418242 791586 425109 225232 425109 965680
418242 204705 418242 791586 425242 225232 425242 965680
418242 204705 418242 791586 427381 225232 427381 965680
418242 204705 418242 791586 431714 225232 431714 965680
418242 204705 418242 791586 432103 225232 432103 965680
418242 204705 418242 791586 438272 225232 438272 965680
418242 204705 418242 791586 445424 225232 445424 965680
418242 204705 418242 791586 452844 225232 452844 965680
418242 204705 418242 791586 453400 225232 453400 965680
418242 204705 418242 791586 453483 225232 453483 965680
418242 204705 418242 791586 453573 225232 453573 965680
418242 204705 418242 791586 454380 225232 454380 965680
418242 204705 418242 791586 462393 225232 462393 965680
418242 204705 418242 791586 466701 225232 466701 965680
418242 204705 418242 791586 467955 225232 467955 965680
418242 204705 418242 791586 468533 225232 468533 965680
418242 204705 418242 791586 476026 225232 476026 965680
490300 204705 490300 791586 476026 225232 476026 965680
490300 204705 490300 791586 491818 225232 491818 965680
491938 204705 491938 791586 491818 225232 491818 965680
491938 204705 491938 791586 492582 225232 492582 965680
497322 204705 497322 791586 492582 225232 492582 965680
497322 204705 497322 791586 498301 225232 498301 965680
500394 204705 500394 791586 498301 225232 498301 965680
500394 204705 500394 791586 505549 225232 505549 965680
500394 204705 500394 791586 505732 225232 505732 965680
500394 204705 500394 791586 505782 225232 505782 965680
511265 204705 511265 791586 505782 225232 505782 965680
511265 204705 511265 791586 515743 225232 515743 965680
520048 204705 520048 791586 515743 225232 515743 965680
521177 204705 521177 791586 515743 225232 515743 965680
522398 204705 522398 791586 515743 225232 515743 965680
522398 204705 522398 791586 526205 225232 526205 965680
529794 204705 529794 791586 526205 225232 526205 965680
529794 204705 529794 791586 530981 225232 530981 965680
529794 204705 529794 791586 531058 225232 531058 965680
529794 204705 529794 791586 531431 225232 531431 965680
533835 204705 533835 791586 531431 225232 531431 965680
533835 204705 533835 791586 534971 225232 534971 965680
533835 204705 533835 791586 536370 225232 536370 965680
533835 204705 533835 791586 540973 225232 540973 965680
533835 204705 533835 791586 557986 225232 557986 965680
533835 204705 533835 791586 559658 225232 559658 965680
563148 204705 563148 791586 559658 225232 559658 965680
563148 204705 563148 791586 569206 225232 569206 965680
563148 204705 563148 791586 571748 225232 571748 965680
563148 204705 563148 791586 572081 225232 572081 965680
563148 204705 563148 791586 572507 225232 572507 965680
574773 204705 574773 791586 572507 225232 572507 965680
575117 204705 575117 791586 572507 225232 572507 965680
575117 204705 575117 791586 576604 225232 576604 965680
591362 204705 591362 791586 576604 225232 576604 965680
592939 204705 592939 791586 576604 225232 576604 965680
596404 204705 596404 791586 576604 225232 576604 965680
598740 204705 598740 791586 576604 225232 576604 965680
598740 204705 598740 791586 602965 225232 602965 965680
598740 204705 598740 791586 604252 225232 604252 965680
605788 204705 605788 791586 604252 225232 604252 965680
605788 204705 605788 791586 608797 225232 608797 965680
605788 204705 605788 791586 611016 225232 611016 965680
605788 204705 605788 791586 611554 225232 611554 965680
605788 204705 605788 791586 612242 225232 612242 965680
616297 204705 616297 791586 612242 225232 612242 965680
617795 204705 617795 791586 612242 225232 612242 965680
618772 204705 618772 791586 612242 225232 612242 965680
618772 204705 618772 791586 621657 225232 621657 965680
618772 204705 618772 791586 628582 225232 628582 965680
618772 204705 618772 791586 629206 225232 629206 965680
618772 204705 618772 791586 631150 225232 631150 965680
618772 204705 618772 791586 633205 225232 633205 965680
618772 204705 618772 791586 638910 225232 638910 965680
618772 204705 618772 791586 642231 225232 642231 965680
648593 204705 648593 791586 642231 225232 642231 965680
649785 204705 649785 791586 642231 225232 642231 965680
649785 204705 649785 791586 658945 225232 658945 965680
662165 204705 662165 791586 658945 225232 658945 965680
670176 204705 670176 791586 658945 225232 658945 965680
670176 204705 670176 791586 674586 225232 674586 965680
690421 204705 690421 791586 674586 225232 674586 965680
690421 204705 690421 791586 693924 225232 693924 965680
690421 204705 690421 791586 699202 225232 699202 965680
690421 204705 690421 791586 710667 225232 710667 965680
712886 204705 712886 791586 710667 225232 710667 965680
712886 204705 712886 791586 713591 225232 713591 965680
728160 204705 728160 791586 713591 225232 713591 965680
728169 204705 728169 791586 713591 225232 713591 965680
728464 204705 728464 791586 713591 225232 713591 965680
736685 204705 736685 791586 713591 225232 713591 965680
737758 204705 737758 791586 713591 225232 713591 965680
737758 204705 737758 791586 740823 225232 740823 965680
742472 204705 742472 791586 740823 225232 740823 965680
750490 204705 750490 791586 740823 225232 740823 965680
750490 204705 750490 791586 750800 225232 750800 965680
750490 204705 750490 791586 752034 225232 752034 965680
750490 204705 750490 791586 752631 225232 752631 965680
753287 204705 753287 791586 752631 225232 752631 965680
753287 204705 753287 791586 757086 225232 757086 965680
762105 204705 762105 791586 757086 225232 757086 965680
772509 204705 772509 791586 757086 225232 757086 965680
772509 204705 772509 791586 775538 225232 775538 965680
772509 204705 772509 791586 778107 225232 778107 965680
772509 204705 772509 791586 781648 225232 781648 965680
782744 204705 782744 791586 781648 225232 781648 965680
782744 204705 782744 791586 786649 225232 786649 965680
782744 204705 782744 791586 791655 225232 791655 965680
793576 204705 793576 791586 791655 225232 791655 965680
793576 204705 793576 791586 799670 225232 799670 965680
799758 204705 799758 791586 799670 225232 799670 965680
799758 204705 799758 791586 809037 225232 809037 965680
809432 204705 809432 791586 809037 225232 809037 965680
810307 204705 810307 791586 809037 225232 809037 965680
810307 204705 810307 791586 813015 225232 813015 965680
810307 204705 810307 791586 813117 225232 813117 965680
810307 204705 810307 791586 816988 225232 816988 965680
810307 204705 810307 791586 818724 225232 818724 965680
822478 204705 822478 791586 818724 225232 818724 965680
822478 204705 822478 791586 828630 225232 828630 965680
840164 204705 840164 791586 828630 225232 828630 965680
842797 204705 842797 791586 828630 225232 828630 965680
867400 204705 867400 791586 828630 225232 828630 965680
875134 204705 875134 791586 828630 225232 828630 965680
879788 204705 879788 791586 828630 225232 828630 965680
