168059 149408 168059 712543 50002 233456 50002 895719
168059 149408 168059 712543 50002 233456 50002 895719
168059 149408 168059 712543 117746 233456 117746 895719
168059 149408 168059 712543 132244 233456 132244 895719
168059 149408 168059 712543 148410 233456 148410 895719
168059 149408 168059 712543 151392 233456 151392 895719
168059 149408 168059 712543 157668 233456 157668 895719
168059 149408 168059 712543 162943 233456 162943 895719
168059 149408 168059 712543 178837 233456 178837 895719
179342 149408 179342 712543 178837 233456 178837 895719
179342 149408 179342 712543 185816 233456 185816 895719
179342 149408 179342 712543 190598 233456 190598 895719
179342 149408 179342 712543 198850 233456 198850 895719
179342 149408 179342 712543 200434 233456 200434 895719
201989 149408 201989 712543 200434 233456 200434 895719
201989 149408 201989 712543 206286 233456 206286 895719
201989 149408 201989 712543 213864 233456 213864 895719
216158 149408 216158 712543 213864 233456 213864 895719
216158 149408 216158 712543 222842 233456 222842 895719
216158 149408 216158 712543 224452 233456 224452 895719
226453 149408 226453 712543 224452 233456 224452 895719
226453 149408 226453 712543 228055 233456 228055 895719
226453 149408 226453 712543 232718 233456 232718 895719
226453 149408 226453 712543 238082 233456 238082 895719
226453 149408 226453 712543 238762 233456 238762 895719
241830 149408 241830 712543 238762 233456 238762 895719
241830 149408 241830 712543 243265 233456 243265 895719
243333 149408 243333 712543 243265 233456 243265 895719
243333 149408 243333 712543 252167 233456 252167 895719
243333 149408 243333 712543 252678 233456 252678 895719
243333 149408 243333 712543 255107 233456 255107 895719
243333 149408 243333 712543 255937 233456 255937 895719
243333 149408 243333 712543 256425 233456 256425 895719
261361 149408 261361 712543 256425 233456 256425 895719
261361 149408 261361 712543 261496 233456 261496 895719
261361 149408 261361 712543 268505 233456 268505 895719
268760 149408 268760 712543 268505 233456 268505 895719
271754 149408 271754 712543 268505 233456 268505 895719
271754 149408 271754 712543 273646 233456 273646 895719
274866 149408 274866 712543 273646 233456 273646 895719
274866 149408 274866 712543 279224 233456 279224 895719
274866 149408 274866 712543 282813 233456 282813 895719
274866 149408 274866 712543 283621 233456 283621 895719
274866 149408 274866 712543 285792 233456 285792 895719
274866 149408 274866 712543 287336 233456 287336 895719
274866 149408 274866 712543 287718 233456 287718 895719
274866 149408 274866 712543 290183 233456 290183 895719
274866 149408 274866 712543 292914 233456 292914 895719
274866 149408 274866 712543 294423 233456 294423 895719
274866 149408 274866 712543 295386 233456 295386 895719
274866 149408 274866 712543 301427 233456 301427 895719
303286 149408 303286 712543 301427 233456 301427 895719
303286 149408 303286 712543 304736 233456 304736 895719
303286 149408 303286 712543 312429 233456 312429 895719
303286 149408 303286 712543 313163 233456 313163 895719
303286 149408 303286 712543 314138 233456 314138 895719
303286 149408 303286 712543 320283 233456 320283 895719
303286 149408 303286 712543 323313 233456 323313 895719
303286 149408 303286 712543 324756 233456 324756 895719
303286 149408 303286 712543 325441 233456 325441 895719
303286 149408 303286 712543 328395 233456 328395 895719
303286 149408 303286 712543 334693 233456 334693 895719
303286 149408 303286 712543 340199 233456 340199 895719
303286 149408 303286 712543 340269 233456 340269 895719
303286 149408 303286 712543 341128 233456 341128 895719
303286 149408 303286 712543 341940 233456 341940 895719
303286 149408 303286 712543 344373 233456 344373 895719
303286 149408 303286 712543 346621 233456 346621 895719
303286 149408 303286 712543 357813 233456 357813 895719
359003 149408 359003 712543 357813 233456 357813 895719
360405 149408 360405 712543 357813 233456 357813 895719
360405 149408 360405 712543 361459 233456 361459 895719
360405 149408 360405 712543 362485 233456 362485 895719
367526 149408 367526 712543 362485 233456 362485 895719
367631 149408 367631 712543 362485 233456 362485 895719
367631 149408 367631 712543 369988 233456 369988 895719
367631 149408 367631 712543 374944 233456 374944 895719
367631 149408 367631 712543 377527 233456 377527 895719
367631 149408 367631 712543 384128 233456 384128 895719
367631 149408 367631 712543 387175 233456 387175 895719
367631 149408 367631 712543 389124 233456 389124 895719
367631 149408 367631 712543 393308 233456 393308 895719
395220 149408 395220 712543 393308 233456 393308 895719
398737 149408 398737 712543 393308 233456 393308 895719
402916 149408 402916 712543 393308 233456 393308 895719
402916 149408 402916 712543 405777 233456 405777 895719
411303 149408 411303 712543 405777 233456 405777 895719
411784 149408 411784 712543 405777 233456 405777 895719
412914 149408 412914 712543 405777 233456 405777 895719
416230 149408 416230 712543 405777 233456 405777 895719
418628 149408 418628 712543 405777 233456 405777 895719
421274 149408 421274 712543 405777 233456 405777 895719
425176 149408 425176 712543 405777 233456 405777 895719
435258 149408 435258 712543 405777 233456 405777 895719
435654 149408 435654 712543 405777 233456 405777 895719
436238 149408 436238 712543 405777 233456 405777 895719
436238 149408 436238 712543 437505 233456 437505 895719
439263 149408 439263 712543 437505 233456 437505 895719
439263 149408 439263 712543 442573 233456 442573 895719
443385 149408 443385 712543 442573 233456 442573 895719
449292 149408 449292 712543 442573 233456 442573 895719
450612 149408 450612 712543 442573 233456 442573 895719
451748 149408 451748 712543 442573 233456 442573 895719
452541 149408 452541 712543 442573 233456 442573 895719
455921 149408 455921 712543 442573 233456 442573 895719
458266 149408 458266 712543 442573 233456 442573 895719
463948 149408 463948 712543 442573 233456 442573 895719
465317 149408 465317 712543 442573 233456 442573 895719
466794 149408 466794 712543 442573 233456 442573 895719
468542 149408 468542 712543 442573 233456 442573 895719
474721 149408 474721 712543 442573 233456 442573 895719
474783 149408 474783 712543 442573 233456 442573 895719
474925 149408 474925 712543 442573 233456 442573 895719
480204 149408 480204 712543 442573 233456 442573 895719
482863 149408 482863 712543 442573 233456 442573 895719
492750 149408 492750 712543 442573 233456 442573 895719
495576 149408 495576 712543 442573 233456 442573 895719
497776 149408 497776 712543 442573 233456 442573 895719
498865 149408 498865 712543 442573 233456 442573 895719
501873 149408 501873 712543 442573 233456 442573 895719
508095 149408 508095 712543 442573 233456 442573 895719
523286 149408 523286 712543 442573 233456 442573 895719
523448 149408 523448 712543 442573 233456 442573 895719
526108 149408 526108 712543 442573 233456 442573 895719
528155 149408 528155 712543 442573 233456 442573 895719
530626 149408 530626 712543 442573 233456 442573 895719
531719 149408 531719 712543 442573 233456 442573 895719
532898 149408 532898 712543 442573 233456 442573 895719
539734 149408 539734 712543 442573 233456 442573 895719
540494 149408 540494 712543 442573 233456 442573 895719
540592 149408 540592 712543 442573 233456 442573 895719
554437 149408 554437 712543 442573 233456 442573 895719
555252 149408 555252 712543 442573 233456 442573 895719
557916 149408 557916 712543 442573 233456 442573 895719
563384 149408 563384 712543 442573 233456 442573 895719
565590 149408 565590 712543 442573 233456 442573 895719
592999 149408 592999 712543 442573 233456 442573 895719
605202 149408 605202 712543 442573 233456 442573 895719
607893 149408 607893 712543 442573 233456 442573 895719
609706 149408 609706 712543 442573 233456 442573 895719
609706 149408 609706 712543 610785 233456 610785 895719
616086 149408 616086 712543 610785 233456 610785 895719
619231 149408 619231 712543 610785 233456 610785 895719
625325 149408 625325 712543 610785 233456 610785 895719
625325 149408 625325 712543 627150 233456 627150 895719
632975 149408 632975 712543 627150 233456 627150 895719
639100 149408 639100 712543 627150 233456 627150 895719
643169 149408 643169 712543 627150 233456 627150 895719
643169 149408 643169 712543 646179 233456 646179 895719
650669 149408 650669 712543 646179 233456 646179 895719
652039 149408 652039 712543 646179 233456 646179 895719
667152 149408 667152 712543 646179 233456 646179 895719
668075 149408 668075 712543 646179 233456 646179 895719
668399 149408 668399 712543 646179 233456 646179 895719
670029 149408 670029 712543 646179 233456 646179 895719
674035 149408 674035 712543 646179 233456 646179 895719
674618 149408 674618 712543 646179 233456 646179 895719
674919 149408 674919 712543 646179 233456 646179 895719
678124 149408 678124 712543 646179 233456 646179 895719
679091 149408 679091 712543 646179 233456 646179 895719
682631 149408 682631 712543 646179 233456 646179 895719
682986 149408 682986 712543 646179 233456 646179 895719
682986 149408 682986 712543 683166 233456 683166 895719
686155 149408 686155 712543 683166 233456 683166 895719
686273 149408 686273 712543 683166 233456 683166 895719
689036 149408 689036 712543 683166 233456 683166 895719
689529 149408 689529 712543 683166 233456 683166 895719
690759 149408 690759 712543 683166 233456 683166 895719
694463 149408 694463 712543 683166 233456 683166 895719
695645 149408 695645 712543 683166 233456 683166 895719
695645 149408 695645 712543 706732 233456 706732 895719
695645 149408 695645 712543 710051 233456 710051 895719
712382 149408 712382 712543 710051 233456 710051 895719
712437 149408 712437 712543 710051 233456 710051 895719
712437 149408 712437 712543 722745 233456 722745 895719
712437 149408 712437 712543 724995 233456 724995 895719
712437 149408 712437 712543 729650 233456 729650 895719
735287 149408 735287 712543 729650 233456 729650 895719
735287 149408 735287 712543 754509 233456 754509 895719
735287 149408 735287 712543 759025 233456 759025 895719
735287 149408 735287 712543 759365 233456 759365 895719
735287 149408 735287 712543 768319 233456 768319 895719
735287 149408 735287 712543 769551 233456 769551 895719
735287 149408 735287 712543 772491 233456 772491 895719
735287 149408 735287 712543 777566 233456 777566 895719
735287 149408 735287 712543 779338 233456 779338 895719
735287 149408 735287 712543 796411 233456 796411 895719
735287 149408 735287 712543 800221 233456 800221 895719
735287 149408 735287 712543 801301 233456 801301 895719
735287 149408 735287 712543 804531 233456 804531 895719
735287 149408 735287 712543 817634 233456 817634 895719
735287 149408 735287 712543 822021 233456 822021 895719
735287 149408 735287 712543 824812 233456 824812 895719
735287 149408 735287 712543 830765 233456 830765 895719
735287 149408 735287 712543 830815 233456 830815 895719
735287 149408 735287 712543 840501 233456 840501 895719
735287 149408 735287 712543 845723 233456 845723 895719
735287 149408 735287 712543 857059 233456 857059 895719
735287 149408 735287 712543 867675 233456 867675 895719
735287 149408 735287 712543 885912 233456 885912 895719
