95319 113727 95319 786647 122511 97201 122511 837035
95319 113727 95319 786647 122511 97201 122511 837035
106779 113727 106779 786647 122511 97201 122511 837035
114537 113727 114537 786647 122511 97201 122511 837035
114537 113727 114537 786647 126705 97201 126705 837035
161866 113727 161866 786647 126705 97201 126705 837035
161866 113727 161866 786647 179643 97201 179643 837035
187550 113727 187550 786647 179643 97201 179643 837035
187550 113727 187550 786647 192185 97201 192185 837035
192860 113727 192860 786647 192185 97201 192185 837035
192860 113727 192860 786647 193601 97201 193601 837035
192860 113727 192860 786647 197151 97201 197151 837035
198654 113727 198654 786647 197151 97201 197151 837035
201006 113727 201006 786647 197151 97201 197151 837035
201006 113727 201006 786647 204891 97201 204891 837035
201006 113727 201006 786647 205605 97201 205605 837035
207864 113727 207864 786647 205605 97201 205605 837035
207864 113727 207864 786647 209191 97201 209191 837035
207864 113727 207864 786647 210918 97201 210918 837035
207864 113727 207864 786647 218765 97201 218765 837035
207864 113727 207864 786647 226316 97201 226316 837035
207864 113727 207864 786647 235706 97201 235706 837035
207864 113727 207864 786647 238607 97201 238607 837035
207864 113727 207864 786647 246209 97201 246209 837035
207864 113727 207864 786647 246552 97201 246552 837035
207864 113727 207864 786647 249274 97201 249274 837035
207864 113727 207864 786647 255036 97201 255036 837035
260104 113727 260104 786647 255036 97201 255036 837035
260104 113727 260104 786647 268887 97201 268887 837035
269689 113727 269689 786647 268887 97201 268887 837035
269689 113727 269689 786647 272845 97201 272845 837035
269689 113727 269689 786647 276929 97201 276929 837035
269689 113727 269689 786647 278670 97201 278670 837035
269689 113727 269689 786647 278775 97201 278775 837035
269689 113727 269689 786647 279053 97201 279053 837035
269689 113727 269689 786647 282759 97201 282759 837035
269689 113727 269689 786647 282856 97201 282856 837035
282971 113727 282971 786647 282856 97201 282856 837035
282971 113727 282971 786647 284280 97201 284280 837035
282971 113727 282971 786647 286758 97201 286758 837035
282971 113727 282971 786647 289084 97201 289084 837035
289302 113727 289302 786647 289084 97201 289084 837035
291673 113727 291673 786647 289084 97201 289084 837035
292780 113727 292780 786647 289084 97201 289084 837035
292780 113727 292780 786647 293917 97201 293917 837035
292780 113727 292780 786647 300963 97201 300963 837035
304163 113727 304163 786647 300963 97201 300963 837035
306862 113727 306862 786647 300963 97201 300963 837035
310753 113727 310753 786647 300963 97201 300963 837035
312351 113727 312351 786647 300963 97201 300963 837035
312351 113727 312351 786647 312448 97201 312448 837035
312351 113727 312351 786647 312577 97201 312577 837035
317984 113727 317984 786647 312577 97201 312577 837035
317984 113727 317984 786647 318628 97201 318628 837035
317984 113727 317984 786647 321596 97201 321596 837035
317984 113727 317984 786647 323161 97201 323161 837035
324423 113727 324423 786647 323161 97201 323161 837035
324423 113727 324423 786647 325282 97201 325282 837035
324423 113727 324423 786647 327741 97201 327741 837035
324423 113727 324423 786647 327937 97201 327937 837035
324423 113727 324423 786647 335210 97201 335210 837035
324423 113727 324423 786647 338491 97201 338491 837035
324423 113727 324423 786647 338523 97201 338523 837035
324423 113727 324423 786647 340326 97201 340326 837035
324423 113727 324423 786647 341549 97201 341549 837035
341911 113727 341911 786647 341549 97201 341549 837035
341911 113727 341911 786647 345340 97201 345340 837035
341911 113727 341911 786647 345451 97201 345451 837035
341911 113727 341911 786647 346838 97201 346838 837035
341911 113727 341911 786647 351534 97201 351534 837035
341911 113727 341911 786647 352652 97201 352652 837035
341911 113727 341911 786647 352797 97201 352797 837035
341911 113727 341911 786647 353394 97201 353394 837035
341911 113727 341911 786647 355760 97201 355760 837035
341911 113727 341911 786647 356444 97201 356444 837035
341911 113727 341911 786647 358870 97201 358870 837035
341911 113727 341911 786647 361036 97201 361036 837035
361563 113727 361563 786647 361036 97201 361036 837035
361954 113727 361954 786647 361036 97201 361036 837035
372740 113727 372740 786647 361036 97201 361036 837035
372740 113727 372740 786647 380358 97201 380358 837035
372740 113727 372740 786647 380645 97201 380645 837035
372740 113727 372740 786647 384722 97201 384722 837035
372740 113727 372740 786647 391382 97201 391382 837035
391681 113727 391681 786647 391382 97201 391382 837035
391681 113727 391681 786647 394682 97201 394682 837035
391681 113727 391681 786647 394747 97201 394747 837035
391681 113727 391681 786647 396178 97201 396178 837035
391681 113727 391681 786647 396184 97201 396184 837035
396349 113727 396349 786647 396184 97201 396184 837035
396349 113727 396349 786647 400436 97201 400436 837035
396349 113727 396349 786647 405741 97201 405741 837035
396349 113727 396349 786647 406894 97201 406894 837035
396349 113727 396349 786647 409012 97201 409012 837035
396349 113727 396349 786647 410287 97201 410287 837035
412400 113727 412400 786647 410287 97201 410287 837035
412400 113727 412400 786647 419703 97201 419703 837035
412400 113727 412400 786647 429320 97201 429320 837035
429577 113727 429577 786647 429320 97201 429320 837035
429577 113727 429577 786647 431394 97201 431394 837035
429577 113727 429577 786647 439026 97201 439026 837035
429577 113727 429577 786647 446856 97201 446856 837035
429577 113727 429577 786647 449477 97201 449477 837035
460270 113727 460270 786647 449477 97201 449477 837035
464855 113727 464855 786647 449477 97201 449477 837035
464855 113727 464855 786647 472221 97201 472221 837035
472665 113727 472665 786647 472221 97201 472221 837035
472665 113727 472665 786647 475901 97201 475901 837035
477921 113727 477921 786647 475901 97201 475901 837035
477955 113727 477955 786647 475901 97201 475901 837035
486344 113727 486344 786647 475901 97201 475901 837035
486344 113727 486344 786647 492029 97201 492029 837035
498626 113727 498626 786647 492029 97201 492029 837035
502187 113727 502187 786647 492029 97201 492029 837035
502367 113727 502367 786647 492029 97201 492029 837035
506013 113727 506013 786647 492029 97201 492029 837035
507089 113727 507089 786647 492029 97201 492029 837035
507089 113727 507089 786647 508834 97201 508834 837035
510411 113727 510411 786647 508834 97201 508834 837035
514281 113727 514281 786647 508834 97201 508834 837035
514281 113727 514281 786647 519344 97201 519344 837035
521621 113727 521621 786647 519344 97201 519344 837035
522708 113727 522708 786647 519344 97201 519344 837035
524290 113727 524290 786647 519344 97201 519344 837035
525683 113727 525683 786647 519344 97201 519344 837035
525683 113727 525683 786647 528702 97201 528702 837035
531737 113727 531737 786647 528702 97201 528702 837035
536755 113727 536755 786647 528702 97201 528702 837035
538500 113727 538500 786647 528702 97201 528702 837035
541740 113727 541740 786647 528702 97201 528702 837035
545592 113727 545592 786647 528702 97201 528702 837035
547269 113727 547269 786647 528702 97201 528702 837035
547269 113727 547269 786647 552331 97201 552331 837035
554495 113727 554495 786647 552331 97201 552331 837035
557361 113727 557361 786647 552331 97201 552331 837035
558482 113727 558482 786647 552331 97201 552331 837035
562215 113727 562215 786647 552331 97201 552331 837035
565630 113727 565630 786647 552331 97201 552331 837035
566966 113727 566966 786647 552331 97201 552331 837035
579688 113727 579688 786647 552331 97201 552331 837035
584161 113727 584161 786647 552331 97201 552331 837035
585808 113727 585808 786647 552331 97201 552331 837035
588254 113727 588254 786647 552331 97201 552331 837035
596133 113727 596133 786647 552331 97201 552331 837035
604289 113727 604289 786647 552331 97201 552331 837035
610205 113727 610205 786647 552331 97201 552331 837035
610427 113727 610427 786647 552331 97201 552331 837035
610427 113727 610427 786647 622398 97201 622398 837035
626633 113727 626633 786647 622398 97201 622398 837035
642053 113727 642053 786647 622398 97201 622398 837035
642053 113727 642053 786647 645137 97201 645137 837035
648019 113727 648019 786647 645137 97201 645137 837035
660248 113727 660248 786647 645137 97201 645137 837035
662651 113727 662651 786647 645137 97201 645137 837035
670947 113727 670947 786647 645137 97201 645137 837035
671744 113727 671744 786647 645137 97201 645137 837035
671744 113727 671744 786647 673736 97201 673736 837035
671744 113727 671744 786647 680404 97201 680404 837035
683481 113727 683481 786647 680404 97201 680404 837035
684677 113727 684677 786647 680404 97201 680404 837035
684677 113727 684677 786647 686510 97201 686510 837035
693917 113727 693917 786647 686510 97201 686510 837035
696529 113727 696529 786647 686510 97201 686510 837035
696529 113727 696529 786647 696539 97201 696539 837035
700209 113727 700209 786647 696539 97201 696539 837035
701471 113727 701471 786647 696539 97201 696539 837035
701471 113727 701471 786647 704340 97201 704340 837035
705781 113727 705781 786647 704340 97201 704340 837035
708406 113727 708406 786647 704340 97201 704340 837035
710252 113727 710252 786647 704340 97201 704340 837035
711656 113727 711656 786647 704340 97201 704340 837035
711808 113727 711808 786647 704340 97201 704340 837035
711955 113727 711955 786647 704340 97201 704340 837035
721481 113727 721481 786647 704340 97201 704340 837035
721481 113727 721481 786647 727710 97201 727710 837035
739243 113727 739243 786647 727710 97201 727710 837035
746391 113727 746391 786647 727710 97201 727710 837035
749522 113727 749522 786647 727710 97201 727710 837035
749522 113727 749522 786647 757760 97201 757760 837035
760453 113727 760453 786647 757760 97201 757760 837035
761753 113727 761753 786647 757760 97201 757760 837035
765456 113727 765456 786647 757760 97201 757760 837035
765456 113727 765456 786647 765872 97201 765872 837035
770840 113727 770840 786647 765872 97201 765872 837035
773576 113727 773576 786647 765872 97201 765872 837035
773576 113727 773576 786647 774410 97201 774410 837035
773576 113727 773576 786647 776914 97201 776914 837035
773576 113727 773576 786647 779669 97201 779669 837035
780669 113727 780669 786647 779669 97201 779669 837035
780669 113727 780669 786647 782702 97201 782702 837035
788037 113727 788037 786647 782702 97201 782702 837035
788037 113727 788037 786647 793630 97201 793630 837035
793962 113727 793962 786647 793630 97201 793630 837035
794649 113727 794649 786647 793630 97201 793630 837035
799136 113727 799136 786647 793630 97201 793630 837035
807221 113727 807221 786647 793630 97201 793630 837035
807221 113727 807221 786647 814053 97201 814053 837035
807221 113727 807221 786647 815442 97201 815442 837035
807221 113727 807221 786647 825236 97201 825236 837035
807221 113727 807221 786647 864594 97201 864594 837035
