139465 431540 143683 394204 0 0 0 0
190366 389470 143683 394204 0 0 0 0
180914 366922 143683 394204 0 0 0 0
207251 366931 143683 394204 0 0 0 0
232171 424580 143683 394204 0 0 0 0
267918 416133 143683 394204 0 0 0 0
276862 451563 143683 394204 0 0 0 0
277941 452325 143683 394204 0 0 0 0
273489 462831 143683 394204 0 0 0 0
233782 448318 143683 394204 0 0 0 0
225256 437469 143683 394204 0 0 0 0
180472 471347 143683 394204 0 0 0 0
183221 474647 143683 394204 0 0 0 0
124326 574203 143683 394204 0 0 0 0
124326 574203 124326 574203 0 0 0 0
207972 513263 124326 574203 0 0 0 0
234616 503437 124326 574203 0 0 0 0
238904 512446 124326 574203 0 0 0 0
263897 531852 124326 574203 0 0 0 0
267345 537049 124326 574203 0 0 0 0
277093 544112 124326 574203 0 0 0 0
277987 531561 124326 574203 0 0 0 0
299096 523416 124326 574203 0 0 0 0
331751 534569 124326 574203 0 0 0 0
331751 534569 331751 534569 0 0 0 0
301988 559257 331751 534569 0 0 0 0
294444 558832 331751 534569 0 0 0 0
294444 558832 294444 558832 0 0 0 0
277568 564427 294444 558832 0 0 0 0
300820 571553 294444 558832 0 0 0 0
307794 575245 294444 558832 0 0 0 0
312549 589408 294444 558832 0 0 0 0
309334 603797 294444 558832 0 0 0 0
313140 627213 294444 558832 0 0 0 0
329001 628339 294444 558832 0 0 0 0
323644 653306 294444 558832 0 0 0 0
318180 656230 294444 558832 0 0 0 0
300856 671235 294444 558832 0 0 0 0
307754 688280 294444 558832 0 0 0 0
317121 707864 294444 558832 0 0 0 0
291204 708175 294444 558832 0 0 0 0
277891 666290 294444 558832 0 0 0 0
277891 666290 277891 666290 0 0 0 0
275970 617767 277891 666290 0 0 0 0
228727 611713 277891 666290 0 0 0 0
228727 611713 228727 611713 0 0 0 0
213826 698084 228727 611713 0 0 0 0
246514 704358 228727 611713 0 0 0 0
246514 704358 246514 704358 0 0 0 0
269058 722037 246514 704358 0 0 0 0
270992 731808 246514 704358 0 0 0 0
260629 733271 246514 704358 0 0 0 0
270855 746548 246514 704358 0 0 0 0
270855 746548 270855 746548 0 0 0 0
238926 805994 270855 746548 0 0 0 0
243653 893522 270855 746548 0 0 0 0
309068 911274 270855 746548 0 0 0 0
326984 858311 270855 746548 0 0 0 0
302088 811667 270855 746548 0 0 0 0
308013 766677 270855 746548 0 0 0 0
340677 769091 270855 746548 0 0 0 0
358961 768951 270855 746548 0 0 0 0
369401 758278 270855 746548 0 0 0 0
415589 809763 270855 746548 0 0 0 0
429946 742550 270855 746548 0 0 0 0
417857 712676 270855 746548 0 0 0 0
425274 711219 270855 746548 0 0 0 0
425274 711219 425274 711219 0 0 0 0
424935 690963 425274 711219 0 0 0 0
412361 704603 425274 711219 0 0 0 0
409765 707388 425274 711219 0 0 0 0
397289 715973 425274 711219 0 0 0 0
374275 722322 425274 711219 0 0 0 0
365925 713597 425274 711219 0 0 0 0
357985 703731 425274 711219 0 0 0 0
355379 687270 425274 711219 0 0 0 0
355379 687270 355379 687270 0 0 0 0
361160 671838 355379 687270 0 0 0 0
345511 653154 355379 687270 0 0 0 0
373899 640479 355379 687270 0 0 0 0
379522 631756 355379 687270 0 0 0 0
395628 647631 355379 687270 0 0 0 0
399870 657640 355379 687270 0 0 0 0
384990 664953 355379 687270 0 0 0 0
384990 664953 384990 664953 0 0 0 0
399473 681283 384990 664953 0 0 0 0
419857 665662 384990 664953 0 0 0 0
416703 620906 384990 664953 0 0 0 0
546077 646060 384990 664953 0 0 0 0
599217 629813 384990 664953 0 0 0 0
613913 520986 384990 664953 0 0 0 0
599999 506189 384990 664953 0 0 0 0
599999 506189 599999 506189 0 0 0 0
557558 434122 599999 506189 0 0 0 0
625555 391484 599999 506189 0 0 0 0
671114 366290 599999 506189 0 0 0 0
725740 321620 599999 506189 0 0 0 0
697751 440595 599999 506189 0 0 0 0
776893 653039 599999 506189 0 0 0 0
719978 651171 599999 506189 0 0 0 0
702436 686292 599999 506189 0 0 0 0
702436 686292 702436 686292 0 0 0 0
674156 724549 702436 686292 0 0 0 0
697391 724673 702436 686292 0 0 0 0
712282 768297 702436 686292 0 0 0 0
724164 783923 702436 686292 0 0 0 0
739766 783931 702436 686292 0 0 0 0
750215 794491 702436 686292 0 0 0 0
750215 794491 750215 794491 0 0 0 0
797641 789743 750215 794491 0 0 0 0
793474 812837 750215 794491 0 0 0 0
772657 937351 750215 794491 0 0 0 0
