222767 895523 221534 902477 0 0 0 0
214977 893388 221534 902477 0 0 0 0
189527 862583 221534 902477 0 0 0 0
232297 846958 221534 902477 0 0 0 0
246060 864460 221534 902477 0 0 0 0
289918 828169 221534 902477 0 0 0 0
344313 862769 221534 902477 0 0 0 0
386421 848944 221534 902477 0 0 0 0
319257 795616 221534 902477 0 0 0 0
302397 766148 221534 902477 0 0 0 0
289748 776507 221534 902477 0 0 0 0
288532 782668 221534 902477 0 0 0 0
236780 792466 221534 902477 0 0 0 0
223951 795929 221534 902477 0 0 0 0
221424 791759 221534 902477 0 0 0 0
206871 738767 221534 902477 0 0 0 0
249393 731889 221534 902477 0 0 0 0
266426 726735 221534 902477 0 0 0 0
300947 738357 221534 902477 0 0 0 0
337550 701034 221534 902477 0 0 0 0
365763 570876 221534 902477 0 0 0 0
451748 528829 221534 902477 0 0 0 0
477725 531236 221534 902477 0 0 0 0
498548 611365 221534 902477 0 0 0 0
549831 594903 221534 902477 0 0 0 0
570341 649144 221534 902477 0 0 0 0
570341 649144 570341 649144 0 0 0 0
603229 667173 570341 649144 0 0 0 0
598633 655257 570341 649144 0 0 0 0
597900 614972 570341 649144 0 0 0 0
620949 616444 570341 649144 0 0 0 0
642720 635406 570341 649144 0 0 0 0
647289 659623 570341 649144 0 0 0 0
652878 671407 570341 649144 0 0 0 0
670441 702966 570341 649144 0 0 0 0
713005 726612 570341 649144 0 0 0 0
698928 685473 570341 649144 0 0 0 0
675954 670523 570341 649144 0 0 0 0
680782 638657 570341 649144 0 0 0 0
733945 624833 570341 649144 0 0 0 0
742397 591291 570341 649144 0 0 0 0
707804 597991 570341 649144 0 0 0 0
707804 597991 707804 597991 0 0 0 0
662316 576385 707804 597991 0 0 0 0
641271 595092 707804 597991 0 0 0 0
626388 605536 707804 597991 0 0 0 0
618332 594033 707804 597991 0 0 0 0
603449 579702 707804 597991 0 0 0 0
614684 581013 707804 597991 0 0 0 0
620729 578925 707804 597991 0 0 0 0
639146 570629 707804 597991 0 0 0 0
642251 560805 707804 597991 0 0 0 0
637498 551335 707804 597991 0 0 0 0
630036 543821 707804 597991 0 0 0 0
664849 537464 707804 597991 0 0 0 0
644928 499724 707804 597991 0 0 0 0
624383 511956 707804 597991 0 0 0 0
614398 510374 707804 597991 0 0 0 0
604660 517656 707804 597991 0 0 0 0
575376 537793 707804 597991 0 0 0 0
548324 475676 707804 597991 0 0 0 0
564220 459975 707804 597991 0 0 0 0
598179 482153 707804 597991 0 0 0 0
622132 425248 707804 597991 0 0 0 0
650009 432603 707804 597991 0 0 0 0
674687 376143 707804 597991 0 0 0 0
654397 372978 707804 597991 0 0 0 0
644340 384866 707804 597991 0 0 0 0
593736 362603 707804 597991 0 0 0 0
586818 366502 707804 597991 0 0 0 0
544456 372408 707804 597991 0 0 0 0
528128 412613 707804 597991 0 0 0 0
517304 436163 707804 597991 0 0 0 0
488269 398375 707804 597991 0 0 0 0
465935 382192 707804 597991 0 0 0 0
451734 346093 707804 597991 0 0 0 0
453864 343943 707804 597991 0 0 0 0
463885 311191 707804 597991 0 0 0 0
438874 302956 707804 597991 0 0 0 0
447189 277224 707804 597991 0 0 0 0
447189 277224 447189 277224 0 0 0 0
502644 268731 447189 277224 0 0 0 0
455307 231802 447189 277224 0 0 0 0
419130 239944 447189 277224 0 0 0 0
406457 271110 447189 277224 0 0 0 0
388771 296863 447189 277224 0 0 0 0
343762 291724 447189 277224 0 0 0 0
329902 336336 447189 277224 0 0 0 0
329902 336336 329902 336336 0 0 0 0
342631 361232 329902 336336 0 0 0 0
371190 361721 329902 336336 0 0 0 0
384001 359803 329902 336336 0 0 0 0
340921 402332 329902 336336 0 0 0 0
340921 402332 340921 402332 0 0 0 0
310031 437626 340921 402332 0 0 0 0
285663 438158 340921 402332 0 0 0 0
265068 388890 340921 402332 0 0 0 0
193654 368135 340921 402332 0 0 0 0
232444 346528 340921 402332 0 0 0 0
273590 360225 340921 402332 0 0 0 0
282308 338711 340921 402332 0 0 0 0
263986 286050 340921 402332 0 0 0 0
263986 286050 263986 286050 0 0 0 0
258789 247337 263986 286050 0 0 0 0
368510 178098 263986 286050 0 0 0 0
