893766 278562 929037 227818 0 0 0 0
826294 233408 929037 227818 0 0 0 0
838630 116420 929037 227818 0 0 0 0
706260 148837 929037 227818 0 0 0 0
700853 160466 929037 227818 0 0 0 0
662564 129251 929037 227818 0 0 0 0
560927 164148 929037 227818 0 0 0 0
532763 156163 929037 227818 0 0 0 0
518051 175775 929037 227818 0 0 0 0
495654 183157 929037 227818 0 0 0 0
480143 181116 929037 227818 0 0 0 0
511567 219641 929037 227818 0 0 0 0
452865 253645 929037 227818 0 0 0 0
452865 253645 452865 253645 0 0 0 0
378902 280750 452865 253645 0 0 0 0
388954 322648 452865 253645 0 0 0 0
391694 358520 452865 253645 0 0 0 0
402279 393070 452865 253645 0 0 0 0
432724 392351 452865 253645 0 0 0 0
454299 380065 452865 253645 0 0 0 0
476300 368272 452865 253645 0 0 0 0
489758 337818 452865 253645 0 0 0 0
517679 350128 452865 253645 0 0 0 0
540425 301001 452865 253645 0 0 0 0
560010 238463 452865 253645 0 0 0 0
570624 242244 452865 253645 0 0 0 0
629877 248797 452865 253645 0 0 0 0
646661 279931 452865 253645 0 0 0 0
694287 353484 452865 253645 0 0 0 0
721392 322586 452865 253645 0 0 0 0
765739 326365 452865 253645 0 0 0 0
760410 290592 452865 253645 0 0 0 0
774105 279779 452865 253645 0 0 0 0
776126 286560 452865 253645 0 0 0 0
811794 307319 452865 253645 0 0 0 0
799496 352818 452865 253645 0 0 0 0
799496 352818 799496 352818 0 0 0 0
858603 434373 799496 352818 0 0 0 0
837911 462909 799496 352818 0 0 0 0
837911 462909 837911 462909 0 0 0 0
781202 450245 837911 462909 0 0 0 0
778404 446331 837911 462909 0 0 0 0
778709 444813 837911 462909 0 0 0 0
771802 392771 837911 462909 0 0 0 0
762333 389490 837911 462909 0 0 0 0
754912 373461 837911 462909 0 0 0 0
748119 406821 837911 462909 0 0 0 0
726202 446170 837911 462909 0 0 0 0
668374 430263 837911 462909 0 0 0 0
553891 455255 837911 462909 0 0 0 0
498346 402693 837911 462909 0 0 0 0
489914 431435 837911 462909 0 0 0 0
461139 423878 837911 462909 0 0 0 0
449761 420422 837911 462909 0 0 0 0
418897 435665 837911 462909 0 0 0 0
403550 422836 837911 462909 0 0 0 0
405131 444932 837911 462909 0 0 0 0
403808 469728 837911 462909 0 0 0 0
457163 472709 837911 462909 0 0 0 0
478829 487404 837911 462909 0 0 0 0
482059 510986 837911 462909 0 0 0 0
514945 556475 837911 462909 0 0 0 0
514945 556475 514945 556475 0 0 0 0
732786 761723 514945 556475 0 0 0 0
456474 724255 514945 556475 0 0 0 0
420665 629802 514945 556475 0 0 0 0
401381 628091 514945 556475 0 0 0 0
372494 617279 514945 556475 0 0 0 0
372213 624829 514945 556475 0 0 0 0
326879 646957 514945 556475 0 0 0 0
349878 611235 514945 556475 0 0 0 0
345008 598683 514945 556475 0 0 0 0
393532 589529 514945 556475 0 0 0 0
401616 585463 514945 556475 0 0 0 0
389222 565555 514945 556475 0 0 0 0
385460 517624 514945 556475 0 0 0 0
373603 527135 514945 556475 0 0 0 0
288752 550173 514945 556475 0 0 0 0
288752 550173 288752 550173 0 0 0 0
315371 477395 288752 550173 0 0 0 0
346937 479704 288752 550173 0 0 0 0
334632 451525 288752 550173 0 0 0 0
323794 418860 288752 550173 0 0 0 0
332896 418115 288752 550173 0 0 0 0
347237 419968 288752 550173 0 0 0 0
368899 424226 288752 550173 0 0 0 0
378965 420767 288752 550173 0 0 0 0
369628 394041 288752 550173 0 0 0 0
339294 372984 288752 550173 0 0 0 0
334309 369150 288752 550173 0 0 0 0
333560 346137 288752 550173 0 0 0 0
346013 293640 288752 550173 0 0 0 0
287031 272178 288752 550173 0 0 0 0
231891 231578 288752 550173 0 0 0 0
271710 307016 288752 550173 0 0 0 0
308338 352844 288752 550173 0 0 0 0
295263 363439 288752 550173 0 0 0 0
257799 357442 288752 550173 0 0 0 0
238550 408784 288752 550173 0 0 0 0
238550 408784 238550 408784 0 0 0 0
226446 416473 238550 408784 0 0 0 0
210155 461822 238550 408784 0 0 0 0
241574 475020 238550 408784 0 0 0 0
241574 475020 241574 475020 0 0 0 0
206370 499226 241574 475020 0 0 0 0
206370 499226 206370 499226 0 0 0 0
172040 457843 206370 499226 0 0 0 0
