224064 523476 201417 584841 0 0 0 0
222891 499343 201417 584841 0 0 0 0
222891 499343 222891 499343 0 0 0 0
302843 519210 222891 499343 0 0 0 0
302843 519210 302843 519210 0 0 0 0
314468 543256 302843 519210 0 0 0 0
344844 546621 302843 519210 0 0 0 0
328462 555139 302843 519210 0 0 0 0
328462 555139 328462 555139 0 0 0 0
295774 580817 328462 555139 0 0 0 0
284583 591688 328462 555139 0 0 0 0
374830 621109 328462 555139 0 0 0 0
376040 597759 328462 555139 0 0 0 0
376040 597759 376040 597759 0 0 0 0
417412 586909 376040 597759 0 0 0 0
449702 602254 376040 597759 0 0 0 0
454473 596796 376040 597759 0 0 0 0
462849 571539 376040 597759 0 0 0 0
489394 573521 376040 597759 0 0 0 0
489412 558903 376040 597759 0 0 0 0
515759 555034 376040 597759 0 0 0 0
513953 561933 376040 597759 0 0 0 0
516584 565781 376040 597759 0 0 0 0
525627 566180 376040 597759 0 0 0 0
536205 576916 376040 597759 0 0 0 0
526046 583439 376040 597759 0 0 0 0
517028 593816 376040 597759 0 0 0 0
507101 590779 376040 597759 0 0 0 0
496343 601785 376040 597759 0 0 0 0
514540 632187 376040 597759 0 0 0 0
498992 631319 376040 597759 0 0 0 0
484278 653528 376040 597759 0 0 0 0
463595 667751 376040 597759 0 0 0 0
416274 714288 376040 597759 0 0 0 0
493830 788131 376040 597759 0 0 0 0
511093 749441 376040 597759 0 0 0 0
553693 741808 376040 597759 0 0 0 0
642715 752651 376040 597759 0 0 0 0
568696 716701 376040 597759 0 0 0 0
550317 698642 376040 597759 0 0 0 0
501774 707267 376040 597759 0 0 0 0
505506 688287 376040 597759 0 0 0 0
505506 688287 505506 688287 0 0 0 0
542116 630178 505506 688287 0 0 0 0
549006 623333 505506 688287 0 0 0 0
545104 606396 505506 688287 0 0 0 0
545082 577812 505506 688287 0 0 0 0
553180 566252 505506 688287 0 0 0 0
544983 559835 505506 688287 0 0 0 0
550092 550986 505506 688287 0 0 0 0
557287 540984 505506 688287 0 0 0 0
558170 562465 505506 688287 0 0 0 0
583098 568830 505506 688287 0 0 0 0
587424 560753 505506 688287 0 0 0 0
584300 548974 505506 688287 0 0 0 0
598303 498986 505506 688287 0 0 0 0
565868 523435 505506 688287 0 0 0 0
553290 520251 505506 688287 0 0 0 0
553290 520251 553290 520251 0 0 0 0
541164 491667 553290 520251 0 0 0 0
535014 508894 553290 520251 0 0 0 0
524666 534411 553290 520251 0 0 0 0
510086 508776 553290 520251 0 0 0 0
492005 515729 553290 520251 0 0 0 0
451556 526719 553290 520251 0 0 0 0
416883 519648 553290 520251 0 0 0 0
413463 517784 553290 520251 0 0 0 0
436952 508767 553290 520251 0 0 0 0
436952 508767 436952 508767 0 0 0 0
467627 491850 436952 508767 0 0 0 0
466980 487428 436952 508767 0 0 0 0
458606 479796 436952 508767 0 0 0 0
426015 427535 436952 508767 0 0 0 0
420405 228559 436952 508767 0 0 0 0
435656 205980 436952 508767 0 0 0 0
409884 218494 436952 508767 0 0 0 0
384920 191280 436952 508767 0 0 0 0
423791 158219 436952 508767 0 0 0 0
462386 190308 436952 508767 0 0 0 0
504237 136865 436952 508767 0 0 0 0
504237 136865 504237 136865 0 0 0 0
522476 201481 504237 136865 0 0 0 0
484287 234301 504237 136865 0 0 0 0
528026 242601 504237 136865 0 0 0 0
528026 242601 528026 242601 0 0 0 0
673075 391999 528026 242601 0 0 0 0
673075 391999 673075 391999 0 0 0 0
643935 422926 673075 391999 0 0 0 0
654313 504052 673075 391999 0 0 0 0
707225 544059 673075 391999 0 0 0 0
777121 527592 673075 391999 0 0 0 0
742302 483487 673075 391999 0 0 0 0
721489 482202 673075 391999 0 0 0 0
734701 440843 673075 391999 0 0 0 0
726426 415098 673075 391999 0 0 0 0
700942 393054 673075 391999 0 0 0 0
743923 405797 673075 391999 0 0 0 0
749648 376357 673075 391999 0 0 0 0
788237 363020 673075 391999 0 0 0 0
805833 432276 673075 391999 0 0 0 0
812716 448268 673075 391999 0 0 0 0
844483 430402 673075 391999 0 0 0 0
854533 414793 673075 391999 0 0 0 0
863022 432921 673075 391999 0 0 0 0
884590 440619 673075 391999 0 0 0 0
858635 498789 673075 391999 0 0 0 0
849765 561325 673075 391999 0 0 0 0
896810 516710 673075 391999 0 0 0 0
904548 534097 673075 391999 0 0 0 0
