335394 762486 330393 812308 0 0 0 0
328506 716107 330393 812308 0 0 0 0
319588 687424 330393 812308 0 0 0 0
339901 664687 330393 812308 0 0 0 0
343892 646947 330393 812308 0 0 0 0
348450 640775 330393 812308 0 0 0 0
366130 629745 330393 812308 0 0 0 0
361207 621681 330393 812308 0 0 0 0
365802 610401 330393 812308 0 0 0 0
387990 598509 330393 812308 0 0 0 0
364025 603893 330393 812308 0 0 0 0
342029 596022 330393 812308 0 0 0 0
326808 593348 330393 812308 0 0 0 0
283548 595291 330393 812308 0 0 0 0
262726 640163 330393 812308 0 0 0 0
272228 641356 330393 812308 0 0 0 0
248589 561758 330393 812308 0 0 0 0
257524 530076 330393 812308 0 0 0 0
225025 522557 330393 812308 0 0 0 0
195868 507872 330393 812308 0 0 0 0
223917 502587 330393 812308 0 0 0 0
237140 498855 330393 812308 0 0 0 0
234254 488500 330393 812308 0 0 0 0
237279 466193 330393 812308 0 0 0 0
238843 391030 330393 812308 0 0 0 0
238843 391030 238843 391030 0 0 0 0
273150 451841 238843 391030 0 0 0 0
275494 459896 238843 391030 0 0 0 0
267062 497256 238843 391030 0 0 0 0
334092 511585 238843 391030 0 0 0 0
339275 506132 238843 391030 0 0 0 0
339275 506132 339275 506132 0 0 0 0
402617 443894 339275 506132 0 0 0 0
441893 456249 339275 506132 0 0 0 0
387784 506731 339275 506132 0 0 0 0
376084 541946 339275 506132 0 0 0 0
395310 559370 339275 506132 0 0 0 0
393756 559676 339275 506132 0 0 0 0
437476 579222 339275 506132 0 0 0 0
436839 569953 339275 506132 0 0 0 0
450934 535003 339275 506132 0 0 0 0
481222 567344 339275 506132 0 0 0 0
468799 605356 339275 506132 0 0 0 0
447156 616019 339275 506132 0 0 0 0
449891 631435 339275 506132 0 0 0 0
433766 629890 339275 506132 0 0 0 0
441516 673604 339275 506132 0 0 0 0
488655 673723 339275 506132 0 0 0 0
464466 713908 339275 506132 0 0 0 0
453240 708465 339275 506132 0 0 0 0
429273 726963 339275 506132 0 0 0 0
422162 706455 339275 506132 0 0 0 0
406272 698322 339275 506132 0 0 0 0
408120 697959 339275 506132 0 0 0 0
405965 683070 339275 506132 0 0 0 0
393100 674222 339275 506132 0 0 0 0
382886 668215 339275 506132 0 0 0 0
388086 654145 339275 506132 0 0 0 0
371975 684875 339275 506132 0 0 0 0
400577 722980 339275 506132 0 0 0 0
404571 721772 339275 506132 0 0 0 0
388394 732108 339275 506132 0 0 0 0
378607 730170 339275 506132 0 0 0 0
362246 758848 339275 506132 0 0 0 0
379393 768459 339275 506132 0 0 0 0
380694 784808 339275 506132 0 0 0 0
374821 799571 339275 506132 0 0 0 0
390390 825059 339275 506132 0 0 0 0
473717 769463 339275 506132 0 0 0 0
505698 819520 339275 506132 0 0 0 0
552517 857768 339275 506132 0 0 0 0
556896 767822 339275 506132 0 0 0 0
607499 752253 339275 506132 0 0 0 0
592335 736275 339275 506132 0 0 0 0
533165 687562 339275 506132 0 0 0 0
561183 664984 339275 506132 0 0 0 0
594399 595976 339275 506132 0 0 0 0
594399 595976 594399 595976 0 0 0 0
648592 512490 594399 595976 0 0 0 0
756255 529323 594399 595976 0 0 0 0
748887 521441 594399 595976 0 0 0 0
756675 445036 594399 595976 0 0 0 0
756675 445036 756675 445036 0 0 0 0
714708 458291 756675 445036 0 0 0 0
704136 446849 756675 445036 0 0 0 0
643288 435170 756675 445036 0 0 0 0
591011 426191 756675 445036 0 0 0 0
564982 442673 756675 445036 0 0 0 0
528918 427773 756675 445036 0 0 0 0
501655 424266 756675 445036 0 0 0 0
501655 424266 501655 424266 0 0 0 0
487302 381605 501655 424266 0 0 0 0
517384 360704 501655 424266 0 0 0 0
544032 279122 501655 424266 0 0 0 0
544032 279122 544032 279122 0 0 0 0
574700 313262 544032 279122 0 0 0 0
574700 313262 574700 313262 0 0 0 0
570359 356997 574700 313262 0 0 0 0
600889 381852 574700 313262 0 0 0 0
613817 389368 574700 313262 0 0 0 0
621612 379846 574700 313262 0 0 0 0
705580 323159 574700 313262 0 0 0 0
695395 319867 574700 313262 0 0 0 0
661150 273654 574700 313262 0 0 0 0
629081 298353 574700 313262 0 0 0 0
618641 246280 574700 313262 0 0 0 0
