116911 534401 114992 540648 0 0 0 0
141769 580682 114992 540648 0 0 0 0
139228 583752 114992 540648 0 0 0 0
161300 594589 114992 540648 0 0 0 0
264270 693348 114992 540648 0 0 0 0
264270 693348 264270 693348 0 0 0 0
265705 584213 264270 693348 0 0 0 0
260346 527807 264270 693348 0 0 0 0
236036 499656 264270 693348 0 0 0 0
276069 468760 264270 693348 0 0 0 0
292041 495621 264270 693348 0 0 0 0
331404 523809 264270 693348 0 0 0 0
419479 594285 264270 693348 0 0 0 0
447126 632366 264270 693348 0 0 0 0
385467 661010 264270 693348 0 0 0 0
392945 723364 264270 693348 0 0 0 0
420928 678958 264270 693348 0 0 0 0
443109 676795 264270 693348 0 0 0 0
468972 662480 264270 693348 0 0 0 0
475952 655567 264270 693348 0 0 0 0
477789 643408 264270 693348 0 0 0 0
493084 667541 264270 693348 0 0 0 0
505151 639547 264270 693348 0 0 0 0
529497 659101 264270 693348 0 0 0 0
546863 717667 264270 693348 0 0 0 0
522214 747335 264270 693348 0 0 0 0
525059 780827 264270 693348 0 0 0 0
555523 815441 264270 693348 0 0 0 0
550041 855530 264270 693348 0 0 0 0
570153 855149 264270 693348 0 0 0 0
595278 869870 264270 693348 0 0 0 0
577540 799887 264270 693348 0 0 0 0
575033 792877 264270 693348 0 0 0 0
574524 765523 264270 693348 0 0 0 0
588996 744404 264270 693348 0 0 0 0
614610 670501 264270 693348 0 0 0 0
569642 640544 264270 693348 0 0 0 0
588255 557917 264270 693348 0 0 0 0
572718 523100 264270 693348 0 0 0 0
596291 536388 264270 693348 0 0 0 0
632831 553199 264270 693348 0 0 0 0
715623 550777 264270 693348 0 0 0 0
715623 550777 715623 550777 0 0 0 0
661748 493503 715623 550777 0 0 0 0
693123 459701 715623 550777 0 0 0 0
649378 438483 715623 550777 0 0 0 0
649378 438483 649378 438483 0 0 0 0
635372 456822 649378 438483 0 0 0 0
614628 433534 649378 438483 0 0 0 0
613188 449782 649378 438483 0 0 0 0
597182 478733 649378 438483 0 0 0 0
549367 461884 649378 438483 0 0 0 0
539277 455519 649378 438483 0 0 0 0
509443 480811 649378 438483 0 0 0 0
509443 480811 509443 480811 0 0 0 0
502523 513204 509443 480811 0 0 0 0
488872 445318 509443 480811 0 0 0 0
381609 449107 509443 480811 0 0 0 0
364287 428777 509443 480811 0 0 0 0
364287 428777 364287 428777 0 0 0 0
340948 448071 364287 428777 0 0 0 0
326883 443805 364287 428777 0 0 0 0
344835 403412 364287 428777 0 0 0 0
338970 390675 364287 428777 0 0 0 0
346599 385221 364287 428777 0 0 0 0
306973 346667 364287 428777 0 0 0 0
306973 346667 306973 346667 0 0 0 0
355805 301553 306973 346667 0 0 0 0
366482 304984 306973 346667 0 0 0 0
373017 308338 306973 346667 0 0 0 0
392563 303676 306973 346667 0 0 0 0
403028 305719 306973 346667 0 0 0 0
400891 288784 306973 346667 0 0 0 0
393702 267610 306973 346667 0 0 0 0
432301 157357 306973 346667 0 0 0 0
426005 306940 306973 346667 0 0 0 0
426005 306940 426005 306940 0 0 0 0
408579 365963 426005 306940 0 0 0 0
401559 380264 426005 306940 0 0 0 0
440591 350340 426005 306940 0 0 0 0
465069 350292 426005 306940 0 0 0 0
466062 359816 426005 306940 0 0 0 0
540468 370973 426005 306940 0 0 0 0
617650 389178 426005 306940 0 0 0 0
638601 314858 426005 306940 0 0 0 0
638601 314858 638601 314858 0 0 0 0
666638 226442 638601 314858 0 0 0 0
677927 331141 638601 314858 0 0 0 0
703479 336856 638601 314858 0 0 0 0
703479 336856 703479 336856 0 0 0 0
677757 374758 703479 336856 0 0 0 0
677757 374758 677757 374758 0 0 0 0
681340 409359 677757 374758 0 0 0 0
685169 412937 677757 374758 0 0 0 0
715232 393768 677757 374758 0 0 0 0
762850 417858 677757 374758 0 0 0 0
757484 436412 677757 374758 0 0 0 0
776261 455417 677757 374758 0 0 0 0
815613 403289 677757 374758 0 0 0 0
799661 402102 677757 374758 0 0 0 0
788443 371055 677757 374758 0 0 0 0
781287 361088 677757 374758 0 0 0 0
773324 367960 677757 374758 0 0 0 0
773324 367960 773324 367960 0 0 0 0
758508 333225 773324 367960 0 0 0 0
760883 302615 773324 367960 0 0 0 0
800717 306256 773324 367960 0 0 0 0
810519 294921 773324 367960 0 0 0 0
849847 352417 773324 367960 0 0 0 0
884825 346423 773324 367960 0 0 0 0
