285062 645918 240620 641310 0 0 0 0
277455 620786 240620 641310 0 0 0 0
297810 568868 240620 641310 0 0 0 0
335629 539954 240620 641310 0 0 0 0
402692 553053 240620 641310 0 0 0 0
399409 584659 240620 641310 0 0 0 0
356759 589162 240620 641310 0 0 0 0
349160 620437 240620 641310 0 0 0 0
320903 655164 240620 641310 0 0 0 0
334069 671440 240620 641310 0 0 0 0
347263 702668 240620 641310 0 0 0 0
369057 743590 240620 641310 0 0 0 0
371997 777526 240620 641310 0 0 0 0
422139 818828 240620 641310 0 0 0 0
441521 782601 240620 641310 0 0 0 0
432309 785322 240620 641310 0 0 0 0
419691 784461 240620 641310 0 0 0 0
415210 753286 240620 641310 0 0 0 0
380535 698582 240620 641310 0 0 0 0
396278 689693 240620 641310 0 0 0 0
393439 671172 240620 641310 0 0 0 0
408421 657397 240620 641310 0 0 0 0
397436 628848 240620 641310 0 0 0 0
510621 633258 240620 641310 0 0 0 0
526848 665326 240620 641310 0 0 0 0
552733 693680 240620 641310 0 0 0 0
592161 657116 240620 641310 0 0 0 0
613848 645167 240620 641310 0 0 0 0
652407 663794 240620 641310 0 0 0 0
652340 654511 240620 641310 0 0 0 0
665536 624454 240620 641310 0 0 0 0
597541 481009 240620 641310 0 0 0 0
545616 465313 240620 641310 0 0 0 0
531313 522576 240620 641310 0 0 0 0
470069 474697 240620 641310 0 0 0 0
431382 504869 240620 641310 0 0 0 0
349162 457231 240620 641310 0 0 0 0
273673 272822 240620 641310 0 0 0 0
404799 292807 240620 641310 0 0 0 0
437417 280025 240620 641310 0 0 0 0
463489 281564 240620 641310 0 0 0 0
503626 279922 240620 641310 0 0 0 0
520931 288043 240620 641310 0 0 0 0
514996 301415 240620 641310 0 0 0 0
563174 325889 240620 641310 0 0 0 0
537203 342623 240620 641310 0 0 0 0
546823 355454 240620 641310 0 0 0 0
532935 385686 240620 641310 0 0 0 0
524867 406347 240620 641310 0 0 0 0
535652 420984 240620 641310 0 0 0 0
547174 396111 240620 641310 0 0 0 0
556446 372025 240620 641310 0 0 0 0
575002 349328 240620 641310 0 0 0 0
584865 335438 240620 641310 0 0 0 0
591432 349116 240620 641310 0 0 0 0
600848 369544 240620 641310 0 0 0 0
593904 368376 240620 641310 0 0 0 0
582658 379501 240620 641310 0 0 0 0
600431 397671 240620 641310 0 0 0 0
603783 420524 240620 641310 0 0 0 0
612155 437828 240620 641310 0 0 0 0
618244 416168 240620 641310 0 0 0 0
639919 418573 240620 641310 0 0 0 0
643592 406949 240620 641310 0 0 0 0
658764 383420 240620 641310 0 0 0 0
706760 403976 240620 641310 0 0 0 0
724047 395104 240620 641310 0 0 0 0
725508 340199 240620 641310 0 0 0 0
819593 332190 240620 641310 0 0 0 0
715170 271962 240620 641310 0 0 0 0
683311 303379 240620 641310 0 0 0 0
671124 308532 240620 641310 0 0 0 0
669515 350824 240620 641310 0 0 0 0
671112 356518 240620 641310 0 0 0 0
642414 342127 240620 641310 0 0 0 0
636460 364817 240620 641310 0 0 0 0
611028 341473 240620 641310 0 0 0 0
617197 332128 240620 641310 0 0 0 0
606762 311556 240620 641310 0 0 0 0
622430 302140 240620 641310 0 0 0 0
598000 289197 240620 641310 0 0 0 0
523272 267757 240620 641310 0 0 0 0
446597 252793 240620 641310 0 0 0 0
430652 203858 240620 641310 0 0 0 0
398843 196582 240620 641310 0 0 0 0
397689 131026 240620 641310 0 0 0 0
395011 60741 240620 641310 0 0 0 0
459376 140847 240620 641310 0 0 0 0
494079 123523 240620 641310 0 0 0 0
526541 210569 240620 641310 0 0 0 0
532656 220303 240620 641310 0 0 0 0
541307 232437 240620 641310 0 0 0 0
563012 197093 240620 641310 0 0 0 0
624303 167933 240620 641310 0 0 0 0
713576 141475 240620 641310 0 0 0 0
760349 147764 240620 641310 0 0 0 0
774057 208673 240620 641310 0 0 0 0
810034 205512 240620 641310 0 0 0 0
967244 82800 240620 641310 0 0 0 0
