569923 54029 616149 54671 0 0 0 0
544727 46604 616149 54671 0 0 0 0
509579 112029 616149 54671 0 0 0 0
531363 139341 616149 54671 0 0 0 0
485555 139238 616149 54671 0 0 0 0
475967 150004 616149 54671 0 0 0 0
398159 158315 616149 54671 0 0 0 0
490854 229339 616149 54671 0 0 0 0
488555 263431 616149 54671 0 0 0 0
485278 281677 616149 54671 0 0 0 0
546238 272623 616149 54671 0 0 0 0
579254 260539 616149 54671 0 0 0 0
585406 239634 616149 54671 0 0 0 0
582452 218736 616149 54671 0 0 0 0
582103 214295 616149 54671 0 0 0 0
612898 160180 616149 54671 0 0 0 0
614688 155181 616149 54671 0 0 0 0
643653 241986 616149 54671 0 0 0 0
689576 326933 616149 54671 0 0 0 0
648452 376586 616149 54671 0 0 0 0
643789 394005 616149 54671 0 0 0 0
658384 397200 616149 54671 0 0 0 0
662400 407360 616149 54671 0 0 0 0
707848 387200 616149 54671 0 0 0 0
715247 361137 616149 54671 0 0 0 0
720505 357823 616149 54671 0 0 0 0
722958 358482 616149 54671 0 0 0 0
720787 342901 616149 54671 0 0 0 0
726658 338687 616149 54671 0 0 0 0
729102 338406 616149 54671 0 0 0 0
729102 338406 729102 338406 0 0 0 0
772272 299669 729102 338406 0 0 0 0
819994 355852 729102 338406 0 0 0 0
843128 440041 729102 338406 0 0 0 0
823636 424038 729102 338406 0 0 0 0
764451 390938 729102 338406 0 0 0 0
764768 392532 729102 338406 0 0 0 0
758790 409800 729102 338406 0 0 0 0
745620 445209 729102 338406 0 0 0 0
700934 474930 729102 338406 0 0 0 0
700934 474930 700934 474930 0 0 0 0
724043 529175 700934 474930 0 0 0 0
735495 565344 700934 474930 0 0 0 0
735495 565344 735495 565344 0 0 0 0
710616 583278 735495 565344 0 0 0 0
686265 573740 735495 565344 0 0 0 0
671308 582278 735495 565344 0 0 0 0
619850 619274 735495 565344 0 0 0 0
658366 614003 735495 565344 0 0 0 0
696127 642761 735495 565344 0 0 0 0
693787 643412 735495 565344 0 0 0 0
669485 685291 735495 565344 0 0 0 0
660743 682229 735495 565344 0 0 0 0
641074 704237 735495 565344 0 0 0 0
605995 680806 735495 565344 0 0 0 0
594457 697510 735495 565344 0 0 0 0
586041 737318 735495 565344 0 0 0 0
586041 737318 586041 737318 0 0 0 0
630167 829218 586041 737318 0 0 0 0
499562 736565 586041 737318 0 0 0 0
497125 725805 586041 737318 0 0 0 0
497125 725805 497125 725805 0 0 0 0
481302 663076 497125 725805 0 0 0 0
481302 663076 481302 663076 0 0 0 0
511291 651120 481302 663076 0 0 0 0
535967 646925 481302 663076 0 0 0 0
564751 575362 481302 663076 0 0 0 0
568743 516699 481302 663076 0 0 0 0
558586 467663 481302 663076 0 0 0 0
562817 375725 481302 663076 0 0 0 0
490945 418478 481302 663076 0 0 0 0
468331 411241 481302 663076 0 0 0 0
401147 524860 481302 663076 0 0 0 0
378037 554511 481302 663076 0 0 0 0
353700 609377 481302 663076 0 0 0 0
441119 593664 481302 663076 0 0 0 0
498594 594197 481302 663076 0 0 0 0
502311 608170 481302 663076 0 0 0 0
478002 630348 481302 663076 0 0 0 0
429023 643270 481302 663076 0 0 0 0
426325 644815 481302 663076 0 0 0 0
448516 662942 481302 663076 0 0 0 0
431481 680069 481302 663076 0 0 0 0
422269 687968 481302 663076 0 0 0 0
406658 697072 481302 663076 0 0 0 0
385167 727575 481302 663076 0 0 0 0
386601 711410 481302 663076 0 0 0 0
375850 671073 481302 663076 0 0 0 0
336018 672524 481302 663076 0 0 0 0
323859 658277 481302 663076 0 0 0 0
306947 695375 481302 663076 0 0 0 0
294982 681961 481302 663076 0 0 0 0
289898 642938 481302 663076 0 0 0 0
207616 656505 481302 663076 0 0 0 0
128557 638033 481302 663076 0 0 0 0
213827 743418 481302 663076 0 0 0 0
313564 742754 481302 663076 0 0 0 0
342612 720924 481302 663076 0 0 0 0
333882 756857 481302 663076 0 0 0 0
359339 781984 481302 663076 0 0 0 0
390910 773799 481302 663076 0 0 0 0
395572 811059 481302 663076 0 0 0 0
335862 833154 481302 663076 0 0 0 0
298859 904422 481302 663076 0 0 0 0
341951 933669 481302 663076 0 0 0 0
