120081 272186 101408 211108 0 0 0 0
177782 264214 101408 211108 0 0 0 0
219495 241471 101408 211108 0 0 0 0
210133 271653 101408 211108 0 0 0 0
203168 291204 101408 211108 0 0 0 0
197815 306874 101408 211108 0 0 0 0
214176 309666 101408 211108 0 0 0 0
230751 284216 101408 211108 0 0 0 0
260858 308450 101408 211108 0 0 0 0
260858 308450 260858 308450 0 0 0 0
255233 354325 260858 308450 0 0 0 0
255233 354325 255233 354325 0 0 0 0
323265 377842 255233 354325 0 0 0 0
316043 363107 255233 354325 0 0 0 0
306059 299690 255233 354325 0 0 0 0
310148 243955 255233 354325 0 0 0 0
310148 243955 310148 243955 0 0 0 0
340099 289722 310148 243955 0 0 0 0
360750 301190 310148 243955 0 0 0 0
383233 318322 310148 243955 0 0 0 0
384675 357970 310148 243955 0 0 0 0
384675 357970 384675 357970 0 0 0 0
459799 366043 384675 357970 0 0 0 0
509979 351328 384675 357970 0 0 0 0
502738 316051 384675 357970 0 0 0 0
476666 280721 384675 357970 0 0 0 0
476666 280721 476666 280721 0 0 0 0
510688 170236 476666 280721 0 0 0 0
545937 213994 476666 280721 0 0 0 0
544952 252315 476666 280721 0 0 0 0
592193 234017 476666 280721 0 0 0 0
613174 254798 476666 280721 0 0 0 0
619874 267415 476666 280721 0 0 0 0
541985 311855 476666 280721 0 0 0 0
544629 387922 476666 280721 0 0 0 0
534327 458335 476666 280721 0 0 0 0
534327 458335 534327 458335 0 0 0 0
368616 521225 534327 458335 0 0 0 0
350368 551589 534327 458335 0 0 0 0
320734 556415 534327 458335 0 0 0 0
320734 556415 320734 556415 0 0 0 0
344860 597110 320734 556415 0 0 0 0
334946 612548 320734 556415 0 0 0 0
301000 614573 320734 556415 0 0 0 0
321881 635817 320734 556415 0 0 0 0
334857 640620 320734 556415 0 0 0 0
352963 644309 320734 556415 0 0 0 0
352963 644309 352963 644309 0 0 0 0
371190 641392 352963 644309 0 0 0 0
378515 651050 352963 644309 0 0 0 0
352832 685921 352963 644309 0 0 0 0
341724 667491 352963 644309 0 0 0 0
316143 654209 352963 644309 0 0 0 0
319084 663432 352963 644309 0 0 0 0
305406 692688 352963 644309 0 0 0 0
335175 709280 352963 644309 0 0 0 0
335175 709280 335175 709280 0 0 0 0
347260 723579 335175 709280 0 0 0 0
361103 742801 335175 709280 0 0 0 0
361103 742801 361103 742801 0 0 0 0
374632 798211 361103 742801 0 0 0 0
374632 798211 374632 798211 0 0 0 0
416776 780524 374632 798211 0 0 0 0
416776 780524 416776 780524 0 0 0 0
407249 672638 416776 780524 0 0 0 0
407247 589143 416776 780524 0 0 0 0
425208 582999 416776 780524 0 0 0 0
562497 604343 416776 780524 0 0 0 0
569463 586779 416776 780524 0 0 0 0
538033 528236 416776 780524 0 0 0 0
556633 530731 416776 780524 0 0 0 0
573838 501353 416776 780524 0 0 0 0
616312 442932 416776 780524 0 0 0 0
704346 442411 416776 780524 0 0 0 0
733725 447918 416776 780524 0 0 0 0
782408 378963 416776 780524 0 0 0 0
763969 498564 416776 780524 0 0 0 0
763969 498564 763969 498564 0 0 0 0
793187 519280 763969 498564 0 0 0 0
777184 578395 763969 498564 0 0 0 0
744953 594804 763969 498564 0 0 0 0
732535 601535 763969 498564 0 0 0 0
707095 584561 763969 498564 0 0 0 0
704638 557925 763969 498564 0 0 0 0
695846 541729 763969 498564 0 0 0 0
710070 538682 763969 498564 0 0 0 0
707911 511862 763969 498564 0 0 0 0
694117 513784 763969 498564 0 0 0 0
669420 507814 763969 498564 0 0 0 0
638062 534750 763969 498564 0 0 0 0
640882 535456 763969 498564 0 0 0 0
655732 557289 763969 498564 0 0 0 0
646241 577359 763969 498564 0 0 0 0
656606 578717 763969 498564 0 0 0 0
671211 573837 763969 498564 0 0 0 0
667386 587841 763969 498564 0 0 0 0
672056 612270 763969 498564 0 0 0 0
678294 634471 763969 498564 0 0 0 0
678944 646536 763969 498564 0 0 0 0
753191 674032 763969 498564 0 0 0 0
698766 692331 763969 498564 0 0 0 0
661306 729966 763969 498564 0 0 0 0
694338 785161 763969 498564 0 0 0 0
687872 788597 763969 498564 0 0 0 0
683136 796696 763969 498564 0 0 0 0
716825 804446 763969 498564 0 0 0 0
767976 836245 763969 498564 0 0 0 0
774763 772074 763969 498564 0 0 0 0
745108 754006 763969 498564 0 0 0 0
784536 728590 763969 498564 0 0 0 0
862876 739759 763969 498564 0 0 0 0
863901 771817 763969 498564 0 0 0 0
