325438 411229 372246 286165 0 0 0 0
361690 431793 372246 286165 0 0 0 0
325961 435950 372246 286165 0 0 0 0
291298 494439 372246 286165 0 0 0 0
243840 547103 372246 286165 0 0 0 0
270003 627091 372246 286165 0 0 0 0
270003 627091 270003 627091 0 0 0 0
338553 569827 270003 627091 0 0 0 0
352735 651314 270003 627091 0 0 0 0
344205 666413 270003 627091 0 0 0 0
320216 726308 270003 627091 0 0 0 0
440623 670906 270003 627091 0 0 0 0
440623 670906 440623 670906 0 0 0 0
470120 612187 440623 670906 0 0 0 0
463661 602073 440623 670906 0 0 0 0
406638 549478 440623 670906 0 0 0 0
456455 525692 440623 670906 0 0 0 0
478944 490979 440623 670906 0 0 0 0
478944 490979 478944 490979 0 0 0 0
532830 500351 478944 490979 0 0 0 0
519646 537035 478944 490979 0 0 0 0
489759 578108 478944 490979 0 0 0 0
496675 591177 478944 490979 0 0 0 0
499284 612150 478944 490979 0 0 0 0
513488 608896 478944 490979 0 0 0 0
516251 610807 478944 490979 0 0 0 0
548152 615688 478944 490979 0 0 0 0
592619 645449 478944 490979 0 0 0 0
592964 629413 478944 490979 0 0 0 0
604763 623558 478944 490979 0 0 0 0
555262 589949 478944 490979 0 0 0 0
536724 584602 478944 490979 0 0 0 0
542020 579835 478944 490979 0 0 0 0
538175 551946 478944 490979 0 0 0 0
562018 529418 478944 490979 0 0 0 0
576686 538789 478944 490979 0 0 0 0
586215 555529 478944 490979 0 0 0 0
591568 560270 478944 490979 0 0 0 0
598907 554844 478944 490979 0 0 0 0
638361 583151 478944 490979 0 0 0 0
720756 499737 478944 490979 0 0 0 0
722825 465254 478944 490979 0 0 0 0
717931 465844 478944 490979 0 0 0 0
704419 458370 478944 490979 0 0 0 0
706266 441002 478944 490979 0 0 0 0
709095 424309 478944 490979 0 0 0 0
674496 402403 478944 490979 0 0 0 0
670989 396301 478944 490979 0 0 0 0
662736 391928 478944 490979 0 0 0 0
676844 368848 478944 490979 0 0 0 0
707979 290959 478944 490979 0 0 0 0
730090 311881 478944 490979 0 0 0 0
735358 342898 478944 490979 0 0 0 0
715804 354520 478944 490979 0 0 0 0
727246 363636 478944 490979 0 0 0 0
731103 378983 478944 490979 0 0 0 0
745118 370463 478944 490979 0 0 0 0
753271 342849 478944 490979 0 0 0 0
797799 351388 478944 490979 0 0 0 0
775585 383108 478944 490979 0 0 0 0
750216 405900 478944 490979 0 0 0 0
748301 423636 478944 490979 0 0 0 0
759958 419178 478944 490979 0 0 0 0
778321 404571 478944 490979 0 0 0 0
804524 411608 478944 490979 0 0 0 0
815688 397813 478944 490979 0 0 0 0
823747 395038 478944 490979 0 0 0 0
823879 435279 478944 490979 0 0 0 0
793698 437766 478944 490979 0 0 0 0
780390 436424 478944 490979 0 0 0 0
771065 448577 478944 490979 0 0 0 0
774961 454834 478944 490979 0 0 0 0
763209 458357 478944 490979 0 0 0 0
747974 453535 478944 490979 0 0 0 0
743112 453550 478944 490979 0 0 0 0
736795 468046 478944 490979 0 0 0 0
747967 472315 478944 490979 0 0 0 0
747540 474396 478944 490979 0 0 0 0
750493 489431 478944 490979 0 0 0 0
754168 607660 478944 490979 0 0 0 0
683422 603237 478944 490979 0 0 0 0
687534 618566 478944 490979 0 0 0 0
688072 644433 478944 490979 0 0 0 0
693301 646311 478944 490979 0 0 0 0
675442 682441 478944 490979 0 0 0 0
670190 691153 478944 490979 0 0 0 0
623751 719013 478944 490979 0 0 0 0
604749 724876 478944 490979 0 0 0 0
521572 710732 478944 490979 0 0 0 0
521296 730488 478944 490979 0 0 0 0
559806 730234 478944 490979 0 0 0 0
613211 760047 478944 490979 0 0 0 0
641869 763487 478944 490979 0 0 0 0
628861 783353 478944 490979 0 0 0 0
596753 796118 478944 490979 0 0 0 0
575424 830625 478944 490979 0 0 0 0
517240 858609 478944 490979 0 0 0 0
530845 876006 478944 490979 0 0 0 0
531605 883792 478944 490979 0 0 0 0
575907 890228 478944 490979 0 0 0 0
631966 893535 478944 490979 0 0 0 0
686411 869486 478944 490979 0 0 0 0
