698186 200616 743941 209954 0 0 0 0
686294 240824 743941 209954 0 0 0 0
724927 275503 743941 209954 0 0 0 0
736623 251788 743941 209954 0 0 0 0
746095 251867 743941 209954 0 0 0 0
790045 279595 743941 209954 0 0 0 0
740203 296081 743941 209954 0 0 0 0
651154 325429 743941 209954 0 0 0 0
651154 325429 651154 325429 0 0 0 0
431976 139897 651154 325429 0 0 0 0
431976 139897 431976 139897 0 0 0 0
378438 163791 431976 139897 0 0 0 0
366231 209492 431976 139897 0 0 0 0
366231 209492 366231 209492 0 0 0 0
376877 227254 366231 209492 0 0 0 0
376877 227254 376877 227254 0 0 0 0
392550 218047 376877 227254 0 0 0 0
400000 227736 376877 227254 0 0 0 0
408481 212691 376877 227254 0 0 0 0
432339 212851 376877 227254 0 0 0 0
428815 225433 376877 227254 0 0 0 0
442192 236276 376877 227254 0 0 0 0
442192 236276 442192 236276 0 0 0 0
432391 249242 442192 236276 0 0 0 0
432391 249242 432391 249242 0 0 0 0
413135 244627 432391 249242 0 0 0 0
389737 241420 432391 249242 0 0 0 0
373590 260339 432391 249242 0 0 0 0
370018 248622 432391 249242 0 0 0 0
315019 249079 432391 249242 0 0 0 0
343829 289888 432391 249242 0 0 0 0
373997 320705 432391 249242 0 0 0 0
378277 325586 432391 249242 0 0 0 0
424850 347222 432391 249242 0 0 0 0
424850 347222 424850 347222 0 0 0 0
486443 455667 424850 347222 0 0 0 0
480892 512290 424850 347222 0 0 0 0
473349 522891 424850 347222 0 0 0 0
501350 546131 424850 347222 0 0 0 0
592193 491557 424850 347222 0 0 0 0
592193 491557 592193 491557 0 0 0 0
678581 663329 592193 491557 0 0 0 0
659871 669721 592193 491557 0 0 0 0
659871 669721 659871 669721 0 0 0 0
628211 709980 659871 669721 0 0 0 0
633040 712889 659871 669721 0 0 0 0
669310 745914 659871 669721 0 0 0 0
704007 787863 659871 669721 0 0 0 0
725730 751889 659871 669721 0 0 0 0
731785 739154 659871 669721 0 0 0 0
765733 726817 659871 669721 0 0 0 0
791316 674760 659871 669721 0 0 0 0
897421 807244 659871 669721 0 0 0 0
787845 806705 659871 669721 0 0 0 0
702518 860942 659871 669721 0 0 0 0
639844 801269 659871 669721 0 0 0 0
629893 789105 659871 669721 0 0 0 0
576048 829671 659871 669721 0 0 0 0
525581 616323 659871 669721 0 0 0 0
463445 626942 659871 669721 0 0 0 0
460458 648928 659871 669721 0 0 0 0
444628 678532 659871 669721 0 0 0 0
437766 682016 659871 669721 0 0 0 0
397444 707333 659871 669721 0 0 0 0
402535 676257 659871 669721 0 0 0 0
402535 676257 402535 676257 0 0 0 0
340102 654443 402535 676257 0 0 0 0
345803 627438 402535 676257 0 0 0 0
320407 626789 402535 676257 0 0 0 0
324004 616669 402535 676257 0 0 0 0
312950 609253 402535 676257 0 0 0 0
318893 592392 402535 676257 0 0 0 0
318988 589864 402535 676257 0 0 0 0
318988 589864 318988 589864 0 0 0 0
343905 569907 318988 589864 0 0 0 0
355710 596589 318988 589864 0 0 0 0
371501 568048 318988 589864 0 0 0 0
378371 580615 318988 589864 0 0 0 0
392423 585332 318988 589864 0 0 0 0
392423 585332 392423 585332 0 0 0 0
383916 613184 392423 585332 0 0 0 0
418413 599011 392423 585332 0 0 0 0
428969 610807 392423 585332 0 0 0 0
427679 606591 392423 585332 0 0 0 0
427679 606591 427679 606591 0 0 0 0
448738 584229 427679 606591 0 0 0 0
448738 584229 448738 584229 0 0 0 0
439216 573398 448738 584229 0 0 0 0
458395 562323 448738 584229 0 0 0 0
455126 547776 448738 584229 0 0 0 0
443777 541536 448738 584229 0 0 0 0
433372 554076 448738 584229 0 0 0 0
428516 566027 448738 584229 0 0 0 0
412505 570360 448738 584229 0 0 0 0
406414 565287 448738 584229 0 0 0 0
417033 555467 448738 584229 0 0 0 0
406490 542734 448738 584229 0 0 0 0
404691 525780 448738 584229 0 0 0 0
404691 525780 404691 525780 0 0 0 0
415712 496546 404691 525780 0 0 0 0
377609 521036 404691 525780 0 0 0 0
349146 491399 404691 525780 0 0 0 0
349146 491399 349146 491399 0 0 0 0
277708 540281 349146 491399 0 0 0 0
286860 576623 349146 491399 0 0 0 0
264794 629309 349146 491399 0 0 0 0
264794 629309 264794 629309 0 0 0 0
294960 665096 264794 629309 0 0 0 0
275957 692097 264794 629309 0 0 0 0
257983 684763 264794 629309 0 0 0 0
240284 693840 264794 629309 0 0 0 0
240284 693840 240284 693840 0 0 0 0
188434 684912 240284 693840 0 0 0 0
201259 709412 240284 693840 0 0 0 0
201259 709412 201259 709412 0 0 0 0
280798 785667 201259 709412 0 0 0 0
206660 781528 201259 709412 0 0 0 0
197796 841630 201259 709412 0 0 0 0
