260524 799667 229483 852010 0 0 0 0
190458 742349 229483 852010 0 0 0 0
236265 708646 229483 852010 0 0 0 0
239161 668530 229483 852010 0 0 0 0
264708 615025 229483 852010 0 0 0 0
379164 700594 229483 852010 0 0 0 0
362584 728997 229483 852010 0 0 0 0
362110 865929 229483 852010 0 0 0 0
518694 930302 229483 852010 0 0 0 0
540226 893227 229483 852010 0 0 0 0
555028 873888 229483 852010 0 0 0 0
615153 835045 229483 852010 0 0 0 0
616761 825291 229483 852010 0 0 0 0
619003 823713 229483 852010 0 0 0 0
605870 799853 229483 852010 0 0 0 0
623378 805124 229483 852010 0 0 0 0
650591 780529 229483 852010 0 0 0 0
650591 780529 650591 780529 0 0 0 0
659168 766611 650591 780529 0 0 0 0
678925 790673 650591 780529 0 0 0 0
693296 837694 650591 780529 0 0 0 0
715676 816358 650591 780529 0 0 0 0
712951 798846 650591 780529 0 0 0 0
704429 783559 650591 780529 0 0 0 0
702906 756462 650591 780529 0 0 0 0
719328 765220 650591 780529 0 0 0 0
743302 758662 650591 780529 0 0 0 0
728317 788802 650591 780529 0 0 0 0
736483 794947 650591 780529 0 0 0 0
731254 809519 650591 780529 0 0 0 0
751368 813165 650591 780529 0 0 0 0
746721 842076 650591 780529 0 0 0 0
766053 823584 650591 780529 0 0 0 0
766650 820607 650591 780529 0 0 0 0
783421 824832 650591 780529 0 0 0 0
802178 837625 650591 780529 0 0 0 0
866518 823415 650591 780529 0 0 0 0
794616 807873 650591 780529 0 0 0 0
798390 801754 650591 780529 0 0 0 0
785327 756027 650591 780529 0 0 0 0
793539 750450 650591 780529 0 0 0 0
771677 728622 650591 780529 0 0 0 0
770432 714206 650591 780529 0 0 0 0
763339 702779 650591 780529 0 0 0 0
751656 620539 650591 780529 0 0 0 0
712242 627883 650591 780529 0 0 0 0
714016 650655 650591 780529 0 0 0 0
704162 658758 650591 780529 0 0 0 0
694416 655867 650591 780529 0 0 0 0
673071 671590 650591 780529 0 0 0 0
666477 674040 650591 780529 0 0 0 0
646487 644508 650591 780529 0 0 0 0
630298 679681 650591 780529 0 0 0 0
639426 678083 650591 780529 0 0 0 0
672711 705318 650591 780529 0 0 0 0
676683 720565 650591 780529 0 0 0 0
677909 739546 650591 780529 0 0 0 0
662330 716396 650591 780529 0 0 0 0
624720 730311 650591 780529 0 0 0 0
611139 724617 650591 780529 0 0 0 0
609672 677338 650591 780529 0 0 0 0
568958 681637 650591 780529 0 0 0 0
570584 717965 650591 780529 0 0 0 0
561908 726156 650591 780529 0 0 0 0
572452 738171 650591 780529 0 0 0 0
517874 798458 650591 780529 0 0 0 0
428523 733442 650591 780529 0 0 0 0
397133 618425 650591 780529 0 0 0 0
370955 632767 650591 780529 0 0 0 0
356979 637850 650591 780529 0 0 0 0
335595 606203 650591 780529 0 0 0 0
327564 588953 650591 780529 0 0 0 0
328562 578637 650591 780529 0 0 0 0
316636 525398 650591 780529 0 0 0 0
316636 525398 316636 525398 0 0 0 0
383456 492430 316636 525398 0 0 0 0
291667 457973 316636 525398 0 0 0 0
162398 459511 316636 525398 0 0 0 0
209156 393861 316636 525398 0 0 0 0
271092 374278 316636 525398 0 0 0 0
275742 256660 316636 525398 0 0 0 0
377537 185220 316636 525398 0 0 0 0
375395 358754 316636 525398 0 0 0 0
372321 364315 316636 525398 0 0 0 0
449988 364668 316636 525398 0 0 0 0
508457 336906 316636 525398 0 0 0 0
514175 312653 316636 525398 0 0 0 0
524801 326999 316636 525398 0 0 0 0
524801 326999 524801 326999 0 0 0 0
619997 321286 524801 326999 0 0 0 0
688427 277021 524801 326999 0 0 0 0
737933 321025 524801 326999 0 0 0 0
748871 264890 524801 326999 0 0 0 0
712104 234337 524801 326999 0 0 0 0
734385 225847 524801 326999 0 0 0 0
734366 212044 524801 326999 0 0 0 0
714148 199278 524801 326999 0 0 0 0
697968 182885 524801 326999 0 0 0 0
814875 182400 524801 326999 0 0 0 0
814310 199095 524801 326999 0 0 0 0
834049 219164 524801 326999 0 0 0 0
940236 155308 524801 326999 0 0 0 0
