679720 338948 796752 285954 0 0 0 0
675162 333683 796752 285954 0 0 0 0
656681 364052 796752 285954 0 0 0 0
614952 277116 796752 285954 0 0 0 0
361468 231104 796752 285954 0 0 0 0
372404 329885 796752 285954 0 0 0 0
259675 306940 796752 285954 0 0 0 0
224185 295987 796752 285954 0 0 0 0
224185 295987 224185 295987 0 0 0 0
213677 209243 224185 295987 0 0 0 0
100375 267208 224185 295987 0 0 0 0
159807 314215 224185 295987 0 0 0 0
159807 314215 159807 314215 0 0 0 0
121733 475516 159807 314215 0 0 0 0
158817 492866 159807 314215 0 0 0 0
158817 492866 158817 492866 0 0 0 0
188046 500426 158817 492866 0 0 0 0
200665 463794 158817 492866 0 0 0 0
211903 486262 158817 492866 0 0 0 0
224272 515446 158817 492866 0 0 0 0
238994 505213 158817 492866 0 0 0 0
247939 500817 158817 492866 0 0 0 0
258557 502153 158817 492866 0 0 0 0
257985 490635 158817 492866 0 0 0 0
266082 487364 158817 492866 0 0 0 0
249739 468233 158817 492866 0 0 0 0
249739 468233 249739 468233 0 0 0 0
267105 447300 249739 468233 0 0 0 0
278186 447098 249739 468233 0 0 0 0
295214 477313 249739 468233 0 0 0 0
334165 435818 249739 468233 0 0 0 0
384272 451135 249739 468233 0 0 0 0
362821 493147 249739 468233 0 0 0 0
337668 534754 249739 468233 0 0 0 0
317335 536561 249739 468233 0 0 0 0
306095 532142 249739 468233 0 0 0 0
301282 507614 249739 468233 0 0 0 0
289781 526068 249739 468233 0 0 0 0
270851 561017 249739 468233 0 0 0 0
253662 551603 249739 468233 0 0 0 0
226611 559948 249739 468233 0 0 0 0
178107 559501 249739 468233 0 0 0 0
152878 628825 249739 468233 0 0 0 0
179464 619833 249739 468233 0 0 0 0
189442 602955 249739 468233 0 0 0 0
208074 597526 249739 468233 0 0 0 0
215571 608394 249739 468233 0 0 0 0
241917 601521 249739 468233 0 0 0 0
248918 618801 249739 468233 0 0 0 0
258246 634241 249739 468233 0 0 0 0
268193 628035 249739 468233 0 0 0 0
265203 621288 249739 468233 0 0 0 0
276826 618817 249739 468233 0 0 0 0
283696 619318 249739 468233 0 0 0 0
284524 623845 249739 468233 0 0 0 0
308134 605106 249739 468233 0 0 0 0
288078 587457 249739 468233 0 0 0 0
294372 566232 249739 468233 0 0 0 0
309397 556241 249739 468233 0 0 0 0
311946 555539 249739 468233 0 0 0 0
330329 560511 249739 468233 0 0 0 0
337674 552481 249739 468233 0 0 0 0
351328 573883 249739 468233 0 0 0 0
345450 579673 249739 468233 0 0 0 0
333129 628786 249739 468233 0 0 0 0
323013 636926 249739 468233 0 0 0 0
307766 656329 249739 468233 0 0 0 0
340397 667410 249739 468233 0 0 0 0
355311 661588 249739 468233 0 0 0 0
355311 661588 355311 661588 0 0 0 0
488166 720630 355311 661588 0 0 0 0
512934 743085 355311 661588 0 0 0 0
521475 757327 355311 661588 0 0 0 0
540922 744192 355311 661588 0 0 0 0
539751 738881 355311 661588 0 0 0 0
536143 737815 355311 661588 0 0 0 0
536143 737815 536143 737815 0 0 0 0
546320 703024 536143 737815 0 0 0 0
545935 692342 536143 737815 0 0 0 0
557818 661847 536143 737815 0 0 0 0
553751 640662 536143 737815 0 0 0 0
541538 642321 536143 737815 0 0 0 0
533406 606297 536143 737815 0 0 0 0
590181 612797 536143 737815 0 0 0 0
607442 613816 536143 737815 0 0 0 0
605884 628664 536143 737815 0 0 0 0
651399 689242 536143 737815 0 0 0 0
662301 775350 536143 737815 0 0 0 0
637516 722658 536143 737815 0 0 0 0
608183 696117 536143 737815 0 0 0 0
565854 713980 536143 737815 0 0 0 0
559447 758925 536143 737815 0 0 0 0
532964 775117 536143 737815 0 0 0 0
529468 779699 536143 737815 0 0 0 0
481067 781213 536143 737815 0 0 0 0
462235 780013 536143 737815 0 0 0 0
306070 727546 536143 737815 0 0 0 0
295051 700029 536143 737815 0 0 0 0
269787 674895 536143 737815 0 0 0 0
258865 675583 536143 737815 0 0 0 0
227390 657356 536143 737815 0 0 0 0
254325 683369 536143 737815 0 0 0 0
265127 738288 536143 737815 0 0 0 0
240242 751234 536143 737815 0 0 0 0
213452 786957 536143 737815 0 0 0 0
