592657 128565 582755 106639 0 0 0 0
589853 153334 582755 106639 0 0 0 0
585095 186931 582755 106639 0 0 0 0
576080 233256 582755 106639 0 0 0 0
574270 230202 582755 106639 0 0 0 0
569708 222773 582755 106639 0 0 0 0
561228 214918 582755 106639 0 0 0 0
531083 228160 582755 106639 0 0 0 0
498289 216268 582755 106639 0 0 0 0
487851 193889 582755 106639 0 0 0 0
468483 113566 582755 106639 0 0 0 0
426798 129733 582755 106639 0 0 0 0
401948 248782 582755 106639 0 0 0 0
394536 240788 582755 106639 0 0 0 0
318565 258060 582755 106639 0 0 0 0
324707 301065 582755 106639 0 0 0 0
416998 277969 582755 106639 0 0 0 0
442455 304056 582755 106639 0 0 0 0
444362 319176 582755 106639 0 0 0 0
452049 299024 582755 106639 0 0 0 0
462005 273774 582755 106639 0 0 0 0
457607 243232 582755 106639 0 0 0 0
522273 260353 582755 106639 0 0 0 0
552455 268415 582755 106639 0 0 0 0
560709 295489 582755 106639 0 0 0 0
533254 334925 582755 106639 0 0 0 0
554097 353324 582755 106639 0 0 0 0
542534 397620 582755 106639 0 0 0 0
543755 437704 582755 106639 0 0 0 0
561714 427542 582755 106639 0 0 0 0
573863 376823 582755 106639 0 0 0 0
566599 354407 582755 106639 0 0 0 0
595593 269321 582755 106639 0 0 0 0
621241 248845 582755 106639 0 0 0 0
628828 212382 582755 106639 0 0 0 0
630411 188470 582755 106639 0 0 0 0
638985 168889 582755 106639 0 0 0 0
647746 205630 582755 106639 0 0 0 0
679412 225627 582755 106639 0 0 0 0
692283 305030 582755 106639 0 0 0 0
742945 314671 582755 106639 0 0 0 0
742945 314671 742945 314671 0 0 0 0
718473 406394 742945 314671 0 0 0 0
748649 424211 742945 314671 0 0 0 0
755857 416971 742945 314671 0 0 0 0
810926 435847 742945 314671 0 0 0 0
858805 436131 742945 314671 0 0 0 0
810575 483832 742945 314671 0 0 0 0
816822 554832 742945 314671 0 0 0 0
822331 558041 742945 314671 0 0 0 0
776314 593263 742945 314671 0 0 0 0
758970 548824 742945 314671 0 0 0 0
783738 528266 742945 314671 0 0 0 0
771943 494050 742945 314671 0 0 0 0
752561 504029 742945 314671 0 0 0 0
737856 496120 742945 314671 0 0 0 0
749576 472706 742945 314671 0 0 0 0
729859 460898 742945 314671 0 0 0 0
715024 464556 742945 314671 0 0 0 0
679467 496027 742945 314671 0 0 0 0
680815 526852 742945 314671 0 0 0 0
651752 513726 742945 314671 0 0 0 0
603985 508781 742945 314671 0 0 0 0
653670 581709 742945 314671 0 0 0 0
653670 581709 653670 581709 0 0 0 0
684795 667275 653670 581709 0 0 0 0
734195 671448 653670 581709 0 0 0 0
708566 751912 653670 581709 0 0 0 0
563341 776261 653670 581709 0 0 0 0
563341 776261 563341 776261 0 0 0 0
478064 825633 563341 776261 0 0 0 0
478064 825633 478064 825633 0 0 0 0
387516 754954 478064 825633 0 0 0 0
387516 754954 387516 754954 0 0 0 0
402683 679317 387516 754954 0 0 0 0
363507 678740 387516 754954 0 0 0 0
363507 678740 363507 678740 0 0 0 0
288958 668932 363507 678740 0 0 0 0
183539 668255 363507 678740 0 0 0 0
183539 668255 183539 668255 0 0 0 0
216341 744823 183539 668255 0 0 0 0
212192 757366 183539 668255 0 0 0 0
201364 768992 183539 668255 0 0 0 0
185106 760966 183539 668255 0 0 0 0
187688 773022 183539 668255 0 0 0 0
188796 792129 183539 668255 0 0 0 0
201148 812797 183539 668255 0 0 0 0
206929 785826 183539 668255 0 0 0 0
221151 789546 183539 668255 0 0 0 0
221151 789546 221151 789546 0 0 0 0
228646 779841 221151 789546 0 0 0 0
230789 765800 221151 789546 0 0 0 0
240308 755159 221151 789546 0 0 0 0
248329 728689 221151 789546 0 0 0 0
251755 728322 221151 789546 0 0 0 0
258601 716573 221151 789546 0 0 0 0
258601 716573 258601 716573 0 0 0 0
276919 722315 258601 716573 0 0 0 0
294229 742809 258601 716573 0 0 0 0
287618 747519 258601 716573 0 0 0 0
287618 747519 287618 747519 0 0 0 0
271272 756357 287618 747519 0 0 0 0
262265 773781 287618 747519 0 0 0 0
262265 773781 262265 773781 0 0 0 0
299620 797752 262265 773781 0 0 0 0
344675 799039 262265 773781 0 0 0 0
344675 799039 344675 799039 0 0 0 0
286905 843735 344675 799039 0 0 0 0
279333 842424 344675 799039 0 0 0 0
279333 842424 279333 842424 0 0 0 0
236710 836373 279333 842424 0 0 0 0
238854 840966 279333 842424 0 0 0 0
