305592 722882 255274 774441 0 0 0 0
339332 824263 255274 774441 0 0 0 0
370171 811149 255274 774441 0 0 0 0
390843 832420 255274 774441 0 0 0 0
445250 809185 255274 774441 0 0 0 0
495391 908545 255274 774441 0 0 0 0
518762 772858 255274 774441 0 0 0 0
519149 771835 255274 774441 0 0 0 0
433786 742077 255274 774441 0 0 0 0
441638 726254 255274 774441 0 0 0 0
415084 711098 255274 774441 0 0 0 0
412534 678490 255274 774441 0 0 0 0
381964 664847 255274 774441 0 0 0 0
372298 653468 255274 774441 0 0 0 0
372298 653468 372298 653468 0 0 0 0
347996 661142 372298 653468 0 0 0 0
322502 660257 372298 653468 0 0 0 0
306084 678137 372298 653468 0 0 0 0
306084 678137 306084 678137 0 0 0 0
198584 659125 306084 678137 0 0 0 0
198584 659125 198584 659125 0 0 0 0
176236 598979 198584 659125 0 0 0 0
176236 598979 176236 598979 0 0 0 0
231147 559708 176236 598979 0 0 0 0
231147 559708 231147 559708 0 0 0 0
283085 625259 231147 559708 0 0 0 0
291563 610743 231147 559708 0 0 0 0
286301 600236 231147 559708 0 0 0 0
302406 554059 231147 559708 0 0 0 0
298038 510831 231147 559708 0 0 0 0
325513 510772 231147 559708 0 0 0 0
353487 524085 231147 559708 0 0 0 0
344529 549988 231147 559708 0 0 0 0
326321 544022 231147 559708 0 0 0 0
324756 557832 231147 559708 0 0 0 0
353693 581882 231147 559708 0 0 0 0
365150 592093 231147 559708 0 0 0 0
387949 634665 231147 559708 0 0 0 0
399548 600708 231147 559708 0 0 0 0
405218 600586 231147 559708 0 0 0 0
426396 602840 231147 559708 0 0 0 0
437058 613898 231147 559708 0 0 0 0
437058 613898 437058 613898 0 0 0 0
452653 580053 437058 613898 0 0 0 0
465477 535985 437058 613898 0 0 0 0
465477 535985 465477 535985 0 0 0 0
424496 539479 465477 535985 0 0 0 0
431141 516738 465477 535985 0 0 0 0
414844 469516 465477 535985 0 0 0 0
367413 470032 465477 535985 0 0 0 0
339514 464746 465477 535985 0 0 0 0
323528 395884 465477 535985 0 0 0 0
323528 395884 323528 395884 0 0 0 0
265658 404726 323528 395884 0 0 0 0
285961 307657 323528 395884 0 0 0 0
303473 289223 323528 395884 0 0 0 0
334689 262524 323528 395884 0 0 0 0
360639 293084 323528 395884 0 0 0 0
359414 317894 323528 395884 0 0 0 0
372800 295788 323528 395884 0 0 0 0
369442 277594 323528 395884 0 0 0 0
408019 257082 323528 395884 0 0 0 0
439074 261912 323528 395884 0 0 0 0
428073 291986 323528 395884 0 0 0 0
410364 314543 323528 395884 0 0 0 0
389568 319567 323528 395884 0 0 0 0
406700 332967 323528 395884 0 0 0 0
426393 346195 323528 395884 0 0 0 0
442160 336531 323528 395884 0 0 0 0
437753 326989 323528 395884 0 0 0 0
445844 322331 323528 395884 0 0 0 0
450644 322240 323528 395884 0 0 0 0
446957 311887 323528 395884 0 0 0 0
435443 314305 323528 395884 0 0 0 0
448849 305167 323528 395884 0 0 0 0
455799 304846 323528 395884 0 0 0 0
463598 312705 323528 395884 0 0 0 0
463598 312705 463598 312705 0 0 0 0
504397 319450 463598 312705 0 0 0 0
504397 319450 504397 319450 0 0 0 0
484693 328681 504397 319450 0 0 0 0
464883 348608 504397 319450 0 0 0 0
464883 348608 464883 348608 0 0 0 0
547593 483820 464883 348608 0 0 0 0
547593 483820 547593 483820 0 0 0 0
642710 670238 547593 483820 0 0 0 0
642710 670238 642710 670238 0 0 0 0
691860 683370 642710 670238 0 0 0 0
698599 714997 642710 670238 0 0 0 0
698778 768763 642710 670238 0 0 0 0
797515 698966 642710 670238 0 0 0 0
797515 698966 797515 698966 0 0 0 0
803846 623739 797515 698966 0 0 0 0
853159 581687 797515 698966 0 0 0 0
858973 581298 797515 698966 0 0 0 0
825625 514118 797515 698966 0 0 0 0
825625 514118 825625 514118 0 0 0 0
807964 491776 825625 514118 0 0 0 0
854253 441316 825625 514118 0 0 0 0
817195 412580 825625 514118 0 0 0 0
817195 412580 817195 412580 0 0 0 0
774335 367714 817195 412580 0 0 0 0
774335 367714 774335 367714 0 0 0 0
753462 429170 774335 367714 0 0 0 0
785621 472521 774335 367714 0 0 0 0
762429 509292 774335 367714 0 0 0 0
762429 509292 762429 509292 0 0 0 0
696102 520240 762429 509292 0 0 0 0
691017 488162 762429 509292 0 0 0 0
718291 433274 762429 509292 0 0 0 0
675793 430747 762429 509292 0 0 0 0
672474 395829 762429 509292 0 0 0 0
628527 398172 762429 509292 0 0 0 0
662114 353642 762429 509292 0 0 0 0
662114 353642 662114 353642 0 0 0 0
701599 289973 662114 353642 0 0 0 0
722224 229835 662114 353642 0 0 0 0
722224 229835 722224 229835 0 0 0 0
794035 260498 722224 229835 0 0 0 0
