442863 165405 424093 70870 0 0 0 0
407685 173653 424093 70870 0 0 0 0
359963 216466 424093 70870 0 0 0 0
308181 224378 424093 70870 0 0 0 0
308099 244394 424093 70870 0 0 0 0
341379 265828 424093 70870 0 0 0 0
342932 258179 424093 70870 0 0 0 0
359666 240668 424093 70870 0 0 0 0
358568 257425 424093 70870 0 0 0 0
376335 266174 424093 70870 0 0 0 0
386398 262272 424093 70870 0 0 0 0
389459 247216 424093 70870 0 0 0 0
405488 252358 424093 70870 0 0 0 0
417538 286474 424093 70870 0 0 0 0
433254 286065 424093 70870 0 0 0 0
414747 231330 424093 70870 0 0 0 0
416719 214612 424093 70870 0 0 0 0
425268 207014 424093 70870 0 0 0 0
494892 162193 424093 70870 0 0 0 0
541124 87968 424093 70870 0 0 0 0
553469 167598 424093 70870 0 0 0 0
579456 207303 424093 70870 0 0 0 0
583815 201239 424093 70870 0 0 0 0
590232 193074 424093 70870 0 0 0 0
609315 210332 424093 70870 0 0 0 0
615952 223209 424093 70870 0 0 0 0
643886 217970 424093 70870 0 0 0 0
652730 208459 424093 70870 0 0 0 0
652730 208459 652730 208459 0 0 0 0
647914 269023 652730 208459 0 0 0 0
647914 269023 647914 269023 0 0 0 0
599905 352705 647914 269023 0 0 0 0
513035 331607 647914 269023 0 0 0 0
526678 434088 647914 269023 0 0 0 0
470548 404984 647914 269023 0 0 0 0
430320 481805 647914 269023 0 0 0 0
401307 490801 647914 269023 0 0 0 0
397121 489540 647914 269023 0 0 0 0
387495 478912 647914 269023 0 0 0 0
394041 518968 647914 269023 0 0 0 0
387910 523195 647914 269023 0 0 0 0
349292 525305 647914 269023 0 0 0 0
386364 572575 647914 269023 0 0 0 0
382231 577361 647914 269023 0 0 0 0
382231 577361 382231 577361 0 0 0 0
356414 675641 382231 577361 0 0 0 0
356414 675641 356414 675641 0 0 0 0
450055 711505 356414 675641 0 0 0 0
450055 711505 450055 711505 0 0 0 0
439568 731791 450055 711505 0 0 0 0
493734 777743 450055 711505 0 0 0 0
474909 746067 450055 711505 0 0 0 0
478966 713173 450055 711505 0 0 0 0
478966 713173 478966 713173 0 0 0 0
475751 680190 478966 713173 0 0 0 0
468116 662923 478966 713173 0 0 0 0
460194 641707 478966 713173 0 0 0 0
434986 631174 478966 713173 0 0 0 0
453476 618662 478966 713173 0 0 0 0
493008 603240 478966 713173 0 0 0 0
518599 618638 478966 713173 0 0 0 0
521797 639595 478966 713173 0 0 0 0
493252 670029 478966 713173 0 0 0 0
501908 683117 478966 713173 0 0 0 0
531485 704907 478966 713173 0 0 0 0
588530 696059 478966 713173 0 0 0 0
632061 724663 478966 713173 0 0 0 0
615766 656074 478966 713173 0 0 0 0
658932 644633 478966 713173 0 0 0 0
663559 677397 478966 713173 0 0 0 0
669363 693003 478966 713173 0 0 0 0
678222 695514 478966 713173 0 0 0 0
695021 719132 478966 713173 0 0 0 0
718678 695416 478966 713173 0 0 0 0
700873 645760 478966 713173 0 0 0 0
714528 638706 478966 713173 0 0 0 0
713511 621208 478966 713173 0 0 0 0
713511 621208 713511 621208 0 0 0 0
718845 598901 713511 621208 0 0 0 0
727299 595901 713511 621208 0 0 0 0
727299 595901 727299 595901 0 0 0 0
706576 564454 727299 595901 0 0 0 0
670956 552735 727299 595901 0 0 0 0
680130 538856 727299 595901 0 0 0 0
719195 553220 727299 595901 0 0 0 0
719195 553220 719195 553220 0 0 0 0
786411 499047 719195 553220 0 0 0 0
786411 499047 786411 499047 0 0 0 0
816573 556169 786411 499047 0 0 0 0
908754 538341 786411 499047 0 0 0 0
908754 538341 908754 538341 0 0 0 0
870628 650069 908754 538341 0 0 0 0
870628 650069 870628 650069 0 0 0 0
824304 592023 870628 650069 0 0 0 0
802184 599493 870628 650069 0 0 0 0
783680 573274 870628 650069 0 0 0 0
783680 573274 783680 573274 0 0 0 0
752639 594830 783680 573274 0 0 0 0
768099 636182 783680 573274 0 0 0 0
750596 634864 783680 573274 0 0 0 0
750509 649982 783680 573274 0 0 0 0
738825 676193 783680 573274 0 0 0 0
738825 676193 738825 676193 0 0 0 0
776773 693397 738825 676193 0 0 0 0
774462 717919 738825 676193 0 0 0 0
785757 740257 738825 676193 0 0 0 0
785937 757959 738825 676193 0 0 0 0
709585 761230 738825 676193 0 0 0 0
710215 741427 738825 676193 0 0 0 0
682704 744057 738825 676193 0 0 0 0
655689 759285 738825 676193 0 0 0 0
675498 782477 738825 676193 0 0 0 0
675498 782477 675498 782477 0 0 0 0
703414 795666 675498 782477 0 0 0 0
