634153 818542 660025 942668 0 0 0 0
691432 768112 660025 942668 0 0 0 0
692260 747325 660025 942668 0 0 0 0
724805 789678 660025 942668 0 0 0 0
725273 770045 660025 942668 0 0 0 0
763923 720148 660025 942668 0 0 0 0
763923 720148 763923 720148 0 0 0 0
862567 711600 763923 720148 0 0 0 0
665956 628316 763923 720148 0 0 0 0
665956 628316 665956 628316 0 0 0 0
627872 717122 665956 628316 0 0 0 0
561690 746311 665956 628316 0 0 0 0
561690 746311 561690 746311 0 0 0 0
482737 752307 561690 746311 0 0 0 0
531507 725693 561690 746311 0 0 0 0
556875 666667 561690 746311 0 0 0 0
509250 621604 561690 746311 0 0 0 0
453462 651789 561690 746311 0 0 0 0
411468 673700 561690 746311 0 0 0 0
392719 709062 561690 746311 0 0 0 0
372416 741679 561690 746311 0 0 0 0
352902 732174 561690 746311 0 0 0 0
345353 745130 561690 746311 0 0 0 0
354017 764359 561690 746311 0 0 0 0
352280 767118 561690 746311 0 0 0 0
356961 808276 561690 746311 0 0 0 0
361010 826231 561690 746311 0 0 0 0
321020 802665 561690 746311 0 0 0 0
306276 792720 561690 746311 0 0 0 0
288952 802185 561690 746311 0 0 0 0
287770 812368 561690 746311 0 0 0 0
281698 820149 561690 746311 0 0 0 0
281032 830978 561690 746311 0 0 0 0
258903 826441 561690 746311 0 0 0 0
243568 790660 561690 746311 0 0 0 0
237582 784895 561690 746311 0 0 0 0
191059 800910 561690 746311 0 0 0 0
190010 721468 561690 746311 0 0 0 0
217996 697316 561690 746311 0 0 0 0
229586 706916 561690 746311 0 0 0 0
255773 694615 561690 746311 0 0 0 0
255420 667025 561690 746311 0 0 0 0
272388 656533 561690 746311 0 0 0 0
279979 699343 561690 746311 0 0 0 0
270460 715402 561690 746311 0 0 0 0
263511 729730 561690 746311 0 0 0 0
276754 758347 561690 746311 0 0 0 0
303045 769309 561690 746311 0 0 0 0
298671 747137 561690 746311 0 0 0 0
290054 741008 561690 746311 0 0 0 0
303564 730637 561690 746311 0 0 0 0
301797 712124 561690 746311 0 0 0 0
315275 700319 561690 746311 0 0 0 0
338133 688905 561690 746311 0 0 0 0
356554 697531 561690 746311 0 0 0 0
366418 683854 561690 746311 0 0 0 0
383179 612817 561690 746311 0 0 0 0
350923 619761 561690 746311 0 0 0 0
320299 586580 561690 746311 0 0 0 0
320299 586580 320299 586580 0 0 0 0
375381 459832 320299 586580 0 0 0 0
336358 448118 320299 586580 0 0 0 0
245142 427139 320299 586580 0 0 0 0
215709 362283 320299 586580 0 0 0 0
92703 315609 320299 586580 0 0 0 0
296010 317628 320299 586580 0 0 0 0
309598 298569 320299 586580 0 0 0 0
294380 269427 320299 586580 0 0 0 0
285414 236846 320299 586580 0 0 0 0
321984 250907 320299 586580 0 0 0 0
327577 252972 320299 586580 0 0 0 0
327577 252972 327577 252972 0 0 0 0
345186 262478 327577 252972 0 0 0 0
332578 285435 327577 252972 0 0 0 0
332578 285435 332578 285435 0 0 0 0
347993 290302 332578 285435 0 0 0 0
376723 287680 332578 285435 0 0 0 0
373608 297093 332578 285435 0 0 0 0
365508 309432 332578 285435 0 0 0 0
361145 327339 332578 285435 0 0 0 0
340033 335386 332578 285435 0 0 0 0
325869 348293 332578 285435 0 0 0 0
305415 346288 332578 285435 0 0 0 0
319370 363729 332578 285435 0 0 0 0
317449 397625 332578 285435 0 0 0 0
344029 402977 332578 285435 0 0 0 0
346684 390446 332578 285435 0 0 0 0
346684 390446 346684 390446 0 0 0 0
433712 415667 346684 390446 0 0 0 0
452201 427148 346684 390446 0 0 0 0
486793 399546 346684 390446 0 0 0 0
486793 399546 486793 399546 0 0 0 0
600644 398038 486793 399546 0 0 0 0
600644 398038 600644 398038 0 0 0 0
546402 234014 600644 398038 0 0 0 0
546402 234014 546402 234014 0 0 0 0
478749 234584 546402 234014 0 0 0 0
486773 277666 546402 234014 0 0 0 0
489408 283384 546402 234014 0 0 0 0
443684 312583 546402 234014 0 0 0 0
443684 312583 443684 312583 0 0 0 0
399792 297783 443684 312583 0 0 0 0
425647 279238 443684 312583 0 0 0 0
425647 279238 425647 279238 0 0 0 0
428852 269606 425647 279238 0 0 0 0
444109 268645 425647 279238 0 0 0 0
450182 267409 425647 279238 0 0 0 0
435283 246965 425647 279238 0 0 0 0
404549 259758 425647 279238 0 0 0 0
393260 248736 425647 279238 0 0 0 0
381956 76922 425647 279238 0 0 0 0
