753970 120361 797475 124315 0 0 0 0
761217 186464 797475 124315 0 0 0 0
745220 192819 797475 124315 0 0 0 0
742457 183428 797475 124315 0 0 0 0
667701 150394 797475 124315 0 0 0 0
549145 213408 797475 124315 0 0 0 0
582954 233666 797475 124315 0 0 0 0
609608 241742 797475 124315 0 0 0 0
645944 285531 797475 124315 0 0 0 0
699065 252710 797475 124315 0 0 0 0
709969 282545 797475 124315 0 0 0 0
733432 305562 797475 124315 0 0 0 0
748160 248496 797475 124315 0 0 0 0
792613 265287 797475 124315 0 0 0 0
769749 282793 797475 124315 0 0 0 0
803149 361330 797475 124315 0 0 0 0
712650 456879 797475 124315 0 0 0 0
712650 456879 712650 456879 0 0 0 0
661708 400364 712650 456879 0 0 0 0
659346 446596 712650 456879 0 0 0 0
642102 441867 712650 456879 0 0 0 0
612815 437894 712650 456879 0 0 0 0
593068 435962 712650 456879 0 0 0 0
598787 449309 712650 456879 0 0 0 0
586280 458483 712650 456879 0 0 0 0
561436 430515 712650 456879 0 0 0 0
550738 392702 712650 456879 0 0 0 0
530783 387291 712650 456879 0 0 0 0
537378 427343 712650 456879 0 0 0 0
513919 434503 712650 456879 0 0 0 0
488227 418549 712650 456879 0 0 0 0
450336 451278 712650 456879 0 0 0 0
433538 429202 712650 456879 0 0 0 0
376344 399738 712650 456879 0 0 0 0
347907 396800 712650 456879 0 0 0 0
357835 362810 712650 456879 0 0 0 0
370201 338135 712650 456879 0 0 0 0
381204 358610 712650 456879 0 0 0 0
402924 380316 712650 456879 0 0 0 0
407066 373351 712650 456879 0 0 0 0
420138 370406 712650 456879 0 0 0 0
455128 373939 712650 456879 0 0 0 0
452217 342230 712650 456879 0 0 0 0
436347 323499 712650 456879 0 0 0 0
454611 313500 712650 456879 0 0 0 0
452973 312622 712650 456879 0 0 0 0
466178 311220 712650 456879 0 0 0 0
451691 289252 712650 456879 0 0 0 0
465548 263956 712650 456879 0 0 0 0
457318 253953 712650 456879 0 0 0 0
469696 219759 712650 456879 0 0 0 0
472173 89193 712650 456879 0 0 0 0
457063 170151 712650 456879 0 0 0 0
435944 215739 712650 456879 0 0 0 0
401801 223460 712650 456879 0 0 0 0
406549 242836 712650 456879 0 0 0 0
425493 289247 712650 456879 0 0 0 0
405979 288657 712650 456879 0 0 0 0
368317 278814 712650 456879 0 0 0 0
319814 282392 712650 456879 0 0 0 0
332055 300366 712650 456879 0 0 0 0
312164 338378 712650 456879 0 0 0 0
307403 339351 712650 456879 0 0 0 0
196871 299657 712650 456879 0 0 0 0
238587 398442 712650 456879 0 0 0 0
266649 372495 712650 456879 0 0 0 0
308904 388776 712650 456879 0 0 0 0
332550 421131 712650 456879 0 0 0 0
297467 436997 712650 456879 0 0 0 0
284812 447797 712650 456879 0 0 0 0
284812 447797 284812 447797 0 0 0 0
297471 495952 284812 447797 0 0 0 0
358580 526176 284812 447797 0 0 0 0
372401 509237 284812 447797 0 0 0 0
378777 516073 284812 447797 0 0 0 0
394462 560167 284812 447797 0 0 0 0
357619 574631 284812 447797 0 0 0 0
342748 557356 284812 447797 0 0 0 0
329987 573337 284812 447797 0 0 0 0
326646 567222 284812 447797 0 0 0 0
326646 567222 326646 567222 0 0 0 0
307111 579623 326646 567222 0 0 0 0
267015 661816 326646 567222 0 0 0 0
305539 661702 326646 567222 0 0 0 0
327622 660579 326646 567222 0 0 0 0
333900 623067 326646 567222 0 0 0 0
390360 603044 326646 567222 0 0 0 0
390360 603044 390360 603044 0 0 0 0
390039 643866 390360 603044 0 0 0 0
413171 636991 390360 603044 0 0 0 0
453000 620965 390360 603044 0 0 0 0
466462 603560 390360 603044 0 0 0 0
466462 603560 466462 603560 0 0 0 0
443526 569486 466462 603560 0 0 0 0
453137 552626 466462 603560 0 0 0 0
490098 565398 466462 603560 0 0 0 0
488914 556264 466462 603560 0 0 0 0
488914 556264 488914 556264 0 0 0 0
555209 526870 488914 556264 0 0 0 0
555209 526870 555209 526870 0 0 0 0
590144 559782 555209 526870 0 0 0 0
628686 752737 555209 526870 0 0 0 0
558671 727845 555209 526870 0 0 0 0
536614 770988 555209 526870 0 0 0 0
519918 777448 555209 526870 0 0 0 0
519918 777448 519918 777448 0 0 0 0
402196 768672 519918 777448 0 0 0 0
