156098 654632 147650 658514 0 0 0 0
281074 701717 147650 658514 0 0 0 0
281074 701717 281074 701717 0 0 0 0
406091 532022 281074 701717 0 0 0 0
406091 532022 406091 532022 0 0 0 0
440139 535254 406091 532022 0 0 0 0
466820 512686 406091 532022 0 0 0 0
492579 479902 406091 532022 0 0 0 0
489193 472462 406091 532022 0 0 0 0
498306 469492 406091 532022 0 0 0 0
516398 459674 406091 532022 0 0 0 0
501962 433436 406091 532022 0 0 0 0
501962 433436 501962 433436 0 0 0 0
497049 410721 501962 433436 0 0 0 0
491300 415170 501962 433436 0 0 0 0
485625 420600 501962 433436 0 0 0 0
480865 416049 501962 433436 0 0 0 0
480865 416049 480865 416049 0 0 0 0
428999 428087 480865 416049 0 0 0 0
454822 464021 480865 416049 0 0 0 0
433413 459060 480865 416049 0 0 0 0
408056 477097 480865 416049 0 0 0 0
363487 493370 480865 416049 0 0 0 0
378485 452727 480865 416049 0 0 0 0
389781 437500 480865 416049 0 0 0 0
379079 420227 480865 416049 0 0 0 0
377996 415026 480865 416049 0 0 0 0
370327 424297 480865 416049 0 0 0 0
353237 451955 480865 416049 0 0 0 0
336174 450268 480865 416049 0 0 0 0
324687 460191 480865 416049 0 0 0 0
289396 449321 480865 416049 0 0 0 0
279210 473853 480865 416049 0 0 0 0
278417 484961 480865 416049 0 0 0 0
195828 435342 480865 416049 0 0 0 0
225038 401251 480865 416049 0 0 0 0
248852 421063 480865 416049 0 0 0 0
281507 410907 480865 416049 0 0 0 0
292421 406673 480865 416049 0 0 0 0
328697 356956 480865 416049 0 0 0 0
351619 355954 480865 416049 0 0 0 0
361156 395946 480865 416049 0 0 0 0
375630 395129 480865 416049 0 0 0 0
394326 400512 480865 416049 0 0 0 0
439347 382218 480865 416049 0 0 0 0
474389 384755 480865 416049 0 0 0 0
474389 384755 474389 384755 0 0 0 0
509646 370211 474389 384755 0 0 0 0
509646 370211 509646 370211 0 0 0 0
536649 361892 509646 370211 0 0 0 0
579524 340076 509646 370211 0 0 0 0
581673 300823 509646 370211 0 0 0 0
603766 339607 509646 370211 0 0 0 0
602491 347059 509646 370211 0 0 0 0
602491 347059 602491 347059 0 0 0 0
579604 366524 602491 347059 0 0 0 0
578471 374590 602491 347059 0 0 0 0
594359 380579 602491 347059 0 0 0 0
599618 378092 602491 347059 0 0 0 0
623562 400004 602491 347059 0 0 0 0
604844 434049 602491 347059 0 0 0 0
604844 434049 604844 434049 0 0 0 0
586881 408799 604844 434049 0 0 0 0
549709 420650 604844 434049 0 0 0 0
558968 443166 604844 434049 0 0 0 0
544692 442382 604844 434049 0 0 0 0
539053 451534 604844 434049 0 0 0 0
546761 454873 604844 434049 0 0 0 0
551643 461243 604844 434049 0 0 0 0
542298 463069 604844 434049 0 0 0 0
514175 496839 604844 434049 0 0 0 0
546311 492787 604844 434049 0 0 0 0
571051 479939 604844 434049 0 0 0 0
580852 482629 604844 434049 0 0 0 0
580852 482629 580852 482629 0 0 0 0
608245 658398 580852 482629 0 0 0 0
608245 658398 608245 658398 0 0 0 0
637553 685860 608245 658398 0 0 0 0
649822 676629 608245 658398 0 0 0 0
649822 676629 649822 676629 0 0 0 0
689331 634006 649822 676629 0 0 0 0
680398 622286 649822 676629 0 0 0 0
679278 599091 649822 676629 0 0 0 0
679278 599091 679278 599091 0 0 0 0
701709 601925 679278 599091 0 0 0 0
728324 602179 679278 599091 0 0 0 0
731158 611236 679278 599091 0 0 0 0
726403 617544 679278 599091 0 0 0 0
729380 622410 679278 599091 0 0 0 0
756084 603328 679278 599091 0 0 0 0
749130 566183 679278 599091 0 0 0 0
818259 546894 679278 599091 0 0 0 0
827640 569644 679278 599091 0 0 0 0
796619 584492 679278 599091 0 0 0 0
781887 625237 679278 599091 0 0 0 0
750782 650032 679278 599091 0 0 0 0
732093 655145 679278 599091 0 0 0 0
732717 660832 679278 599091 0 0 0 0
754346 677509 679278 599091 0 0 0 0
754346 677509 754346 677509 0 0 0 0
731283 700279 754346 677509 0 0 0 0
698970 680319 754346 677509 0 0 0 0
681682 738681 754346 677509 0 0 0 0
644044 754943 754346 677509 0 0 0 0
644044 754943 644044 754943 0 0 0 0
690055 787392 644044 754943 0 0 0 0
729320 756237 644044 754943 0 0 0 0
736514 747672 644044 754943 0 0 0 0
766623 761681 644044 754943 0 0 0 0
782769 728246 644044 754943 0 0 0 0
782769 728246 782769 728246 0 0 0 0
810048 705449 782769 728246 0 0 0 0
811220 649914 782769 728246 0 0 0 0
841445 648512 782769 728246 0 0 0 0
