589068 803313 506085 931428 0 0 0 0
512769 696969 506085 931428 0 0 0 0
473712 715499 506085 931428 0 0 0 0
443894 751086 506085 931428 0 0 0 0
422676 719942 506085 931428 0 0 0 0
388509 724396 506085 931428 0 0 0 0
371039 732301 506085 931428 0 0 0 0
359785 700567 506085 931428 0 0 0 0
372726 696478 506085 931428 0 0 0 0
358498 668822 506085 931428 0 0 0 0
334339 615279 506085 931428 0 0 0 0
266189 644302 506085 931428 0 0 0 0
297768 477136 506085 931428 0 0 0 0
262031 423044 506085 931428 0 0 0 0
199140 435082 506085 931428 0 0 0 0
204690 362197 506085 931428 0 0 0 0
216207 357631 506085 931428 0 0 0 0
202729 331795 506085 931428 0 0 0 0
236397 314313 506085 931428 0 0 0 0
194480 278628 506085 931428 0 0 0 0
194480 278628 194480 278628 0 0 0 0
244616 208763 194480 278628 0 0 0 0
311347 243652 194480 278628 0 0 0 0
292830 335124 194480 278628 0 0 0 0
295593 353597 194480 278628 0 0 0 0
314327 385201 194480 278628 0 0 0 0
378439 395714 194480 278628 0 0 0 0
480424 611640 194480 278628 0 0 0 0
456502 641748 194480 278628 0 0 0 0
457407 645319 194480 278628 0 0 0 0
463075 656583 194480 278628 0 0 0 0
444990 663440 194480 278628 0 0 0 0
431880 660664 194480 278628 0 0 0 0
426565 641254 194480 278628 0 0 0 0
420287 634456 194480 278628 0 0 0 0
412133 627371 194480 278628 0 0 0 0
409177 625998 194480 278628 0 0 0 0
407778 650352 194480 278628 0 0 0 0
407778 650352 407778 650352 0 0 0 0
406229 679651 407778 650352 0 0 0 0
403452 692098 407778 650352 0 0 0 0
412314 690589 407778 650352 0 0 0 0
420339 705097 407778 650352 0 0 0 0
432348 686353 407778 650352 0 0 0 0
444284 697247 407778 650352 0 0 0 0
444292 700546 407778 650352 0 0 0 0
452827 695551 407778 650352 0 0 0 0
456245 682066 407778 650352 0 0 0 0
473071 689116 407778 650352 0 0 0 0
496959 668442 407778 650352 0 0 0 0
525315 653177 407778 650352 0 0 0 0
561286 629249 407778 650352 0 0 0 0
586673 611630 407778 650352 0 0 0 0
583675 629783 407778 650352 0 0 0 0
614906 706382 407778 650352 0 0 0 0
661027 744721 407778 650352 0 0 0 0
673890 754356 407778 650352 0 0 0 0
673890 754356 673890 754356 0 0 0 0
750674 733118 673890 754356 0 0 0 0
707963 683067 673890 754356 0 0 0 0
701469 694884 673890 754356 0 0 0 0
689256 698316 673890 754356 0 0 0 0
686417 674176 673890 754356 0 0 0 0
686620 670706 673890 754356 0 0 0 0
742436 603435 673890 754356 0 0 0 0
692670 601790 673890 754356 0 0 0 0
692670 601790 692670 601790 0 0 0 0
677139 629694 692670 601790 0 0 0 0
670223 626846 692670 601790 0 0 0 0
646202 642774 692670 601790 0 0 0 0
641033 622873 692670 601790 0 0 0 0
646355 619556 692670 601790 0 0 0 0
636170 589861 692670 601790 0 0 0 0
632147 573521 692670 601790 0 0 0 0
653602 568168 692670 601790 0 0 0 0
661638 568956 692670 601790 0 0 0 0
680890 524950 692670 601790 0 0 0 0
712875 423839 692670 601790 0 0 0 0
766662 397818 692670 601790 0 0 0 0
762584 378641 692670 601790 0 0 0 0
789490 348706 692670 601790 0 0 0 0
830057 304863 692670 601790 0 0 0 0
785487 299975 692670 601790 0 0 0 0
774038 307972 692670 601790 0 0 0 0
760949 315788 692670 601790 0 0 0 0
739824 346960 692670 601790 0 0 0 0
728697 353899 692670 601790 0 0 0 0
721692 358345 692670 601790 0 0 0 0
711974 368948 692670 601790 0 0 0 0
707614 371564 692670 601790 0 0 0 0
695275 372075 692670 601790 0 0 0 0
711060 350428 692670 601790 0 0 0 0
706376 332668 692670 601790 0 0 0 0
706376 332668 706376 332668 0 0 0 0
664494 328750 706376 332668 0 0 0 0
674722 286600 706376 332668 0 0 0 0
671112 284318 706376 332668 0 0 0 0
675358 271073 706376 332668 0 0 0 0
718973 287800 706376 332668 0 0 0 0
726582 285569 706376 332668 0 0 0 0
724383 309514 706376 332668 0 0 0 0
763783 278014 706376 332668 0 0 0 0
783636 279505 706376 332668 0 0 0 0
796751 180264 706376 332668 0 0 0 0
