139371 729359 145061 744570 0 0 0 0
225312 706703 145061 744570 0 0 0 0
258750 731414 145061 744570 0 0 0 0
300768 699045 145061 744570 0 0 0 0
238729 618960 145061 744570 0 0 0 0
321824 576735 145061 744570 0 0 0 0
365577 628000 145061 744570 0 0 0 0
413936 677744 145061 744570 0 0 0 0
405089 726390 145061 744570 0 0 0 0
434323 767887 145061 744570 0 0 0 0
494194 642695 145061 744570 0 0 0 0
530018 686790 145061 744570 0 0 0 0
572704 707885 145061 744570 0 0 0 0
699230 659939 145061 744570 0 0 0 0
711675 656929 145061 744570 0 0 0 0
697438 599753 145061 744570 0 0 0 0
743253 593436 145061 744570 0 0 0 0
769221 562723 145061 744570 0 0 0 0
769221 562723 769221 562723 0 0 0 0
725735 545555 769221 562723 0 0 0 0
725735 545555 725735 545555 0 0 0 0
674643 556517 725735 545555 0 0 0 0
654418 574765 725735 545555 0 0 0 0
623928 562926 725735 545555 0 0 0 0
623928 562926 623928 562926 0 0 0 0
660637 510353 623928 562926 0 0 0 0
659338 439296 623928 562926 0 0 0 0
659338 439296 659338 439296 0 0 0 0
734635 466690 659338 439296 0 0 0 0
753834 452136 659338 439296 0 0 0 0
803452 395787 659338 439296 0 0 0 0
781890 387975 659338 439296 0 0 0 0
713715 384044 659338 439296 0 0 0 0
673154 370095 659338 439296 0 0 0 0
659164 366514 659338 439296 0 0 0 0
651697 335309 659338 439296 0 0 0 0
682958 323904 659338 439296 0 0 0 0
669406 312269 659338 439296 0 0 0 0
639520 320913 659338 439296 0 0 0 0
639520 320913 639520 320913 0 0 0 0
611218 302010 639520 320913 0 0 0 0
611657 317871 639520 320913 0 0 0 0
620517 325513 639520 320913 0 0 0 0
616361 334896 639520 320913 0 0 0 0
616312 347339 639520 320913 0 0 0 0
621922 356348 639520 320913 0 0 0 0
603671 361465 639520 320913 0 0 0 0
577999 431851 639520 320913 0 0 0 0
540980 518553 639520 320913 0 0 0 0
490522 491186 639520 320913 0 0 0 0
480983 531753 639520 320913 0 0 0 0
430829 564858 639520 320913 0 0 0 0
397589 590236 639520 320913 0 0 0 0
397749 558083 639520 320913 0 0 0 0
397749 558083 397749 558083 0 0 0 0
351485 534213 397749 558083 0 0 0 0
408629 530285 397749 558083 0 0 0 0
413146 499875 397749 558083 0 0 0 0
434910 487249 397749 558083 0 0 0 0
470877 420346 397749 558083 0 0 0 0
427075 366127 397749 558083 0 0 0 0
375493 351089 397749 558083 0 0 0 0
370903 434284 397749 558083 0 0 0 0
370903 434284 370903 434284 0 0 0 0
356034 457173 370903 434284 0 0 0 0
230872 418828 370903 434284 0 0 0 0
225695 362794 370903 434284 0 0 0 0
225695 362794 225695 362794 0 0 0 0
229976 294842 225695 362794 0 0 0 0
233080 274031 225695 362794 0 0 0 0
233080 274031 233080 274031 0 0 0 0
194724 289548 233080 274031 0 0 0 0
128136 309413 233080 274031 0 0 0 0
161967 269594 233080 274031 0 0 0 0
183990 239442 233080 274031 0 0 0 0
156631 250691 233080 274031 0 0 0 0
140876 191738 233080 274031 0 0 0 0
161454 191420 233080 274031 0 0 0 0
167060 173864 233080 274031 0 0 0 0
178364 145341 233080 274031 0 0 0 0
181583 177812 233080 274031 0 0 0 0
239529 211744 233080 274031 0 0 0 0
258236 201097 233080 274031 0 0 0 0
250592 219174 233080 274031 0 0 0 0
252413 252080 233080 274031 0 0 0 0
262059 248488 233080 274031 0 0 0 0
289002 260704 233080 274031 0 0 0 0
295337 247415 233080 274031 0 0 0 0
304103 235437 233080 274031 0 0 0 0
304103 235437 304103 235437 0 0 0 0
366599 277420 304103 235437 0 0 0 0
388141 274916 304103 235437 0 0 0 0
394499 268421 304103 235437 0 0 0 0
348327 225401 304103 235437 0 0 0 0
345042 213495 304103 235437 0 0 0 0
372896 197893 304103 235437 0 0 0 0
348777 198487 304103 235437 0 0 0 0
306835 173654 304103 235437 0 0 0 0
348388 173171 304103 235437 0 0 0 0
399005 135019 304103 235437 0 0 0 0
596576 192720 304103 235437 0 0 0 0
695642 197261 304103 235437 0 0 0 0
675314 239167 304103 235437 0 0 0 0
675314 239167 675314 239167 0 0 0 0
687468 273652 675314 239167 0 0 0 0
696358 266236 675314 239167 0 0 0 0
697823 257135 675314 239167 0 0 0 0
712130 239819 675314 239167 0 0 0 0
756040 262848 675314 239167 0 0 0 0
782109 243716 675314 239167 0 0 0 0
