233062 575166 178112 631783 0 0 0 0
216694 557182 178112 631783 0 0 0 0
287588 486752 178112 631783 0 0 0 0
228269 443517 178112 631783 0 0 0 0
288886 376221 178112 631783 0 0 0 0
253470 318948 178112 631783 0 0 0 0
291120 287939 178112 631783 0 0 0 0
323328 261444 178112 631783 0 0 0 0
352574 214146 178112 631783 0 0 0 0
351304 271041 178112 631783 0 0 0 0
398449 291054 178112 631783 0 0 0 0
418555 290130 178112 631783 0 0 0 0
407772 272587 178112 631783 0 0 0 0
443839 230745 178112 631783 0 0 0 0
443839 230745 443839 230745 0 0 0 0
469152 241533 443839 230745 0 0 0 0
469152 241533 469152 241533 0 0 0 0
461979 302058 469152 241533 0 0 0 0
468358 307614 469152 241533 0 0 0 0
479637 316967 469152 241533 0 0 0 0
503143 282962 469152 241533 0 0 0 0
524534 247281 469152 241533 0 0 0 0
537383 250849 469152 241533 0 0 0 0
551232 288689 469152 241533 0 0 0 0
551232 288689 551232 288689 0 0 0 0
552920 302327 551232 288689 0 0 0 0
548232 310156 551232 288689 0 0 0 0
567140 321218 551232 288689 0 0 0 0
542316 337623 551232 288689 0 0 0 0
542316 337623 542316 337623 0 0 0 0
532916 362067 542316 337623 0 0 0 0
535574 388034 542316 337623 0 0 0 0
525164 382308 542316 337623 0 0 0 0
513822 382949 542316 337623 0 0 0 0
514721 398335 542316 337623 0 0 0 0
507601 435607 542316 337623 0 0 0 0
494315 415467 542316 337623 0 0 0 0
501143 402643 542316 337623 0 0 0 0
489289 371295 542316 337623 0 0 0 0
457588 385914 542316 337623 0 0 0 0
453350 349962 542316 337623 0 0 0 0
425853 310417 542316 337623 0 0 0 0
396982 355478 542316 337623 0 0 0 0
396982 355478 396982 355478 0 0 0 0
373541 328905 396982 355478 0 0 0 0
360235 326952 396982 355478 0 0 0 0
357596 307565 396982 355478 0 0 0 0
323354 318551 396982 355478 0 0 0 0
321550 331554 396982 355478 0 0 0 0
316651 344766 396982 355478 0 0 0 0
325635 342671 396982 355478 0 0 0 0
328961 340848 396982 355478 0 0 0 0
342489 357526 396982 355478 0 0 0 0
340092 369392 396982 355478 0 0 0 0
367366 401155 396982 355478 0 0 0 0
389237 394018 396982 355478 0 0 0 0
406006 396395 396982 355478 0 0 0 0
405330 428605 396982 355478 0 0 0 0
364220 445785 396982 355478 0 0 0 0
431642 529559 396982 355478 0 0 0 0
526840 529964 396982 355478 0 0 0 0
504503 587853 396982 355478 0 0 0 0
504503 587853 504503 587853 0 0 0 0
706753 767450 504503 587853 0 0 0 0
834639 818764 504503 587853 0 0 0 0
807829 709843 504503 587853 0 0 0 0
800291 711818 504503 587853 0 0 0 0
784060 698220 504503 587853 0 0 0 0
794465 692140 504503 587853 0 0 0 0
807388 697116 504503 587853 0 0 0 0
807388 697116 807388 697116 0 0 0 0
824249 675606 807388 697116 0 0 0 0
855212 687694 807388 697116 0 0 0 0
888298 645326 807388 697116 0 0 0 0
876197 614848 807388 697116 0 0 0 0
845789 622930 807388 697116 0 0 0 0
839697 617285 807388 697116 0 0 0 0
834725 594740 807388 697116 0 0 0 0
830322 586518 807388 697116 0 0 0 0
825129 612349 807388 697116 0 0 0 0
823233 639531 807388 697116 0 0 0 0
828233 651958 807388 697116 0 0 0 0
799870 632888 807388 697116 0 0 0 0
789242 640109 807388 697116 0 0 0 0
780631 644628 807388 697116 0 0 0 0
772052 665243 807388 697116 0 0 0 0
759080 666003 807388 697116 0 0 0 0
755970 677407 807388 697116 0 0 0 0
744800 693097 807388 697116 0 0 0 0
718961 646749 807388 697116 0 0 0 0
718961 646749 718961 646749 0 0 0 0
687588 589025 718961 646749 0 0 0 0
587269 530281 718961 646749 0 0 0 0
622267 469912 718961 646749 0 0 0 0
554609 417915 718961 646749 0 0 0 0
594426 381819 718961 646749 0 0 0 0
676636 376433 718961 646749 0 0 0 0
692215 364093 718961 646749 0 0 0 0
661303 343763 718961 646749 0 0 0 0
670406 272411 718961 646749 0 0 0 0
670406 272411 670406 272411 0 0 0 0
730796 290765 670406 272411 0 0 0 0
728005 282384 670406 272411 0 0 0 0
731130 254272 670406 272411 0 0 0 0
764699 181261 670406 272411 0 0 0 0
757554 178959 670406 272411 0 0 0 0
748640 161133 670406 272411 0 0 0 0
825442 80776 670406 272411 0 0 0 0
