196936 722423 206672 743005 0 0 0 0
244228 720129 206672 743005 0 0 0 0
264917 746485 206672 743005 0 0 0 0
271045 764054 206672 743005 0 0 0 0
317717 750106 206672 743005 0 0 0 0
351585 752783 206672 743005 0 0 0 0
372074 731894 206672 743005 0 0 0 0
345659 718427 206672 743005 0 0 0 0
332382 722342 206672 743005 0 0 0 0
353498 700740 206672 743005 0 0 0 0
390483 672804 206672 743005 0 0 0 0
343339 653867 206672 743005 0 0 0 0
332666 668328 206672 743005 0 0 0 0
326414 664441 206672 743005 0 0 0 0
322202 681908 206672 743005 0 0 0 0
295962 669248 206672 743005 0 0 0 0
278203 650615 206672 743005 0 0 0 0
277456 683600 206672 743005 0 0 0 0
279932 688150 206672 743005 0 0 0 0
265363 679011 206672 743005 0 0 0 0
238976 687803 206672 743005 0 0 0 0
241972 679102 206672 743005 0 0 0 0
228799 652554 206672 743005 0 0 0 0
245307 636745 206672 743005 0 0 0 0
234846 605837 206672 743005 0 0 0 0
261060 609904 206672 743005 0 0 0 0
262203 592360 206672 743005 0 0 0 0
278959 589136 206672 743005 0 0 0 0
288217 608536 206672 743005 0 0 0 0
288169 594437 206672 743005 0 0 0 0
289722 576828 206672 743005 0 0 0 0
299068 566930 206672 743005 0 0 0 0
325630 598266 206672 743005 0 0 0 0
329876 602908 206672 743005 0 0 0 0
346054 606269 206672 743005 0 0 0 0
350643 581481 206672 743005 0 0 0 0
363559 579548 206672 743005 0 0 0 0
344435 553217 206672 743005 0 0 0 0
342779 551587 206672 743005 0 0 0 0
408286 556374 206672 743005 0 0 0 0
406481 532902 206672 743005 0 0 0 0
371838 519112 206672 743005 0 0 0 0
375129 475271 206672 743005 0 0 0 0
390240 441403 206672 743005 0 0 0 0
390240 441403 390240 441403 0 0 0 0
347451 386547 390240 441403 0 0 0 0
327758 346724 390240 441403 0 0 0 0
330690 335069 390240 441403 0 0 0 0
364620 366277 390240 441403 0 0 0 0
414258 369290 390240 441403 0 0 0 0
419048 444728 390240 441403 0 0 0 0
440344 468812 390240 441403 0 0 0 0
491423 497627 390240 441403 0 0 0 0
491423 497627 491423 497627 0 0 0 0
477114 517361 491423 497627 0 0 0 0
501648 544130 491423 497627 0 0 0 0
532108 508274 491423 497627 0 0 0 0
585210 595885 491423 497627 0 0 0 0
604079 543391 491423 497627 0 0 0 0
584940 502233 491423 497627 0 0 0 0
578076 494658 491423 497627 0 0 0 0
590573 485281 491423 497627 0 0 0 0
605295 458430 491423 497627 0 0 0 0
605688 448511 491423 497627 0 0 0 0
589508 441936 491423 497627 0 0 0 0
562934 452269 491423 497627 0 0 0 0
562934 452269 562934 452269 0 0 0 0
524434 390383 562934 452269 0 0 0 0
564761 386924 562934 452269 0 0 0 0
577953 369624 562934 452269 0 0 0 0
609212 338739 562934 452269 0 0 0 0
658015 376196 562934 452269 0 0 0 0
657728 385972 562934 452269 0 0 0 0
653941 399316 562934 452269 0 0 0 0
642516 424119 562934 452269 0 0 0 0
627926 438281 562934 452269 0 0 0 0
621348 445025 562934 452269 0 0 0 0
643523 456581 562934 452269 0 0 0 0
667814 453991 562934 452269 0 0 0 0
679963 512572 562934 452269 0 0 0 0
667300 538994 562934 452269 0 0 0 0
752156 601704 562934 452269 0 0 0 0
736526 539509 562934 452269 0 0 0 0
728908 502114 562934 452269 0 0 0 0
772239 503538 562934 452269 0 0 0 0
745619 483713 562934 452269 0 0 0 0
715105 458393 562934 452269 0 0 0 0
708297 437812 562934 452269 0 0 0 0
737006 450954 562934 452269 0 0 0 0
751143 425572 562934 452269 0 0 0 0
755974 378556 562934 452269 0 0 0 0
724523 407361 562934 452269 0 0 0 0
702856 411763 562934 452269 0 0 0 0
685757 391811 562934 452269 0 0 0 0
684675 380973 562934 452269 0 0 0 0
694492 360333 562934 452269 0 0 0 0
690781 351441 562934 452269 0 0 0 0
693197 330600 562934 452269 0 0 0 0
690609 312311 562934 452269 0 0 0 0
697325 247977 562934 452269 0 0 0 0
751551 273504 562934 452269 0 0 0 0
758412 277330 562934 452269 0 0 0 0
