834336 172709 822963 103956 0 0 0 0
849513 197768 822963 103956 0 0 0 0
844478 229442 822963 103956 0 0 0 0
792683 193991 822963 103956 0 0 0 0
804122 215035 822963 103956 0 0 0 0
805531 251386 822963 103956 0 0 0 0
808323 258369 822963 103956 0 0 0 0
810974 271161 822963 103956 0 0 0 0
878723 292134 822963 103956 0 0 0 0
845533 335138 822963 103956 0 0 0 0
841717 342839 822963 103956 0 0 0 0
815821 368882 822963 103956 0 0 0 0
904824 500976 822963 103956 0 0 0 0
800262 467103 822963 103956 0 0 0 0
717402 391683 822963 103956 0 0 0 0
724452 326845 822963 103956 0 0 0 0
720476 323668 822963 103956 0 0 0 0
753083 258843 822963 103956 0 0 0 0
754193 215634 822963 103956 0 0 0 0
730590 169666 822963 103956 0 0 0 0
757113 105807 822963 103956 0 0 0 0
652506 94666 822963 103956 0 0 0 0
652506 94666 652506 94666 0 0 0 0
398176 292785 652506 94666 0 0 0 0
364063 365679 652506 94666 0 0 0 0
364063 365679 364063 365679 0 0 0 0
328004 317884 364063 365679 0 0 0 0
319473 319029 364063 365679 0 0 0 0
320814 295621 364063 365679 0 0 0 0
324525 267329 364063 365679 0 0 0 0
313230 254173 364063 365679 0 0 0 0
308105 264500 364063 365679 0 0 0 0
308105 264500 308105 264500 0 0 0 0
297670 289848 308105 264500 0 0 0 0
273071 280802 308105 264500 0 0 0 0
262558 266866 308105 264500 0 0 0 0
282458 246057 308105 264500 0 0 0 0
110933 201586 308105 264500 0 0 0 0
110933 201586 110933 201586 0 0 0 0
242196 313029 110933 201586 0 0 0 0
264257 341452 110933 201586 0 0 0 0
291995 338353 110933 201586 0 0 0 0
296804 346162 110933 201586 0 0 0 0
207098 570830 110933 201586 0 0 0 0
256339 580387 110933 201586 0 0 0 0
292577 556033 110933 201586 0 0 0 0
280012 582941 110933 201586 0 0 0 0
295460 598421 110933 201586 0 0 0 0
277747 607578 110933 201586 0 0 0 0
275574 631247 110933 201586 0 0 0 0
271866 631455 110933 201586 0 0 0 0
251221 665963 110933 201586 0 0 0 0
248091 675779 110933 201586 0 0 0 0
269412 696955 110933 201586 0 0 0 0
297852 699203 110933 201586 0 0 0 0
293880 783289 110933 201586 0 0 0 0
365669 805440 110933 201586 0 0 0 0
371994 769001 110933 201586 0 0 0 0
397933 732130 110933 201586 0 0 0 0
345312 754479 110933 201586 0 0 0 0
342919 732735 110933 201586 0 0 0 0
351026 725418 110933 201586 0 0 0 0
361193 674641 110933 201586 0 0 0 0
352482 662561 110933 201586 0 0 0 0
344959 672434 110933 201586 0 0 0 0
319351 661255 110933 201586 0 0 0 0
291752 638698 110933 201586 0 0 0 0
302617 634270 110933 201586 0 0 0 0
308329 622045 110933 201586 0 0 0 0
326803 596003 110933 201586 0 0 0 0
367578 626068 110933 201586 0 0 0 0
392839 620594 110933 201586 0 0 0 0
403013 625191 110933 201586 0 0 0 0
399274 648699 110933 201586 0 0 0 0
415948 645122 110933 201586 0 0 0 0
416436 621329 110933 201586 0 0 0 0
409274 610941 110933 201586 0 0 0 0
445475 599079 110933 201586 0 0 0 0
454951 621083 110933 201586 0 0 0 0
449397 642026 110933 201586 0 0 0 0
447537 668673 110933 201586 0 0 0 0
451182 702503 110933 201586 0 0 0 0
478563 670600 110933 201586 0 0 0 0
467616 659680 110933 201586 0 0 0 0
470244 643078 110933 201586 0 0 0 0
485229 627353 110933 201586 0 0 0 0
489150 626278 110933 201586 0 0 0 0
501699 629880 110933 201586 0 0 0 0
506644 579811 110933 201586 0 0 0 0
555533 590101 110933 201586 0 0 0 0
555533 590101 555533 590101 0 0 0 0
534599 631975 555533 590101 0 0 0 0
580392 679545 555533 590101 0 0 0 0
580392 679545 580392 679545 0 0 0 0
624531 678906 580392 679545 0 0 0 0
510002 765128 580392 679545 0 0 0 0
462146 770678 580392 679545 0 0 0 0
459316 818102 580392 679545 0 0 0 0
452514 867851 580392 679545 0 0 0 0
440559 838002 580392 679545 0 0 0 0
411281 816340 580392 679545 0 0 0 0
390809 834236 580392 679545 0 0 0 0
388330 844592 580392 679545 0 0 0 0
377557 847390 580392 679545 0 0 0 0
353952 913132 580392 679545 0 0 0 0
