833862 614403 930946 598199 0 0 0 0
783940 634140 930946 598199 0 0 0 0
784015 545916 930946 598199 0 0 0 0
754917 601470 930946 598199 0 0 0 0
718763 606259 930946 598199 0 0 0 0
728473 627404 930946 598199 0 0 0 0
694846 655966 930946 598199 0 0 0 0
710541 650892 930946 598199 0 0 0 0
739471 652770 930946 598199 0 0 0 0
767995 696475 930946 598199 0 0 0 0
731521 715001 930946 598199 0 0 0 0
727208 703713 930946 598199 0 0 0 0
700987 701528 930946 598199 0 0 0 0
674957 721567 930946 598199 0 0 0 0
638604 710054 930946 598199 0 0 0 0
622989 725220 930946 598199 0 0 0 0
608852 752211 930946 598199 0 0 0 0
604165 754451 930946 598199 0 0 0 0
572171 785208 930946 598199 0 0 0 0
564391 733641 930946 598199 0 0 0 0
587067 720556 930946 598199 0 0 0 0
594877 721816 930946 598199 0 0 0 0
593030 709641 930946 598199 0 0 0 0
619153 702286 930946 598199 0 0 0 0
602210 680054 930946 598199 0 0 0 0
632614 665858 930946 598199 0 0 0 0
642506 652600 930946 598199 0 0 0 0
653044 637653 930946 598199 0 0 0 0
639053 636177 930946 598199 0 0 0 0
619350 631434 930946 598199 0 0 0 0
633175 609243 930946 598199 0 0 0 0
647460 605880 930946 598199 0 0 0 0
661044 586271 930946 598199 0 0 0 0
696158 571427 930946 598199 0 0 0 0
674634 559500 930946 598199 0 0 0 0
662766 556238 930946 598199 0 0 0 0
670153 532759 930946 598199 0 0 0 0
667464 522841 930946 598199 0 0 0 0
632904 541414 930946 598199 0 0 0 0
613165 551267 930946 598199 0 0 0 0
621314 585855 930946 598199 0 0 0 0
604892 575828 930946 598199 0 0 0 0
577092 588545 930946 598199 0 0 0 0
568194 552805 930946 598199 0 0 0 0
605022 534208 930946 598199 0 0 0 0
620457 534422 930946 598199 0 0 0 0
639431 495038 930946 598199 0 0 0 0
639431 495038 639431 495038 0 0 0 0
659923 357087 639431 495038 0 0 0 0
657634 348716 639431 495038 0 0 0 0
680273 275744 639431 495038 0 0 0 0
686655 263287 639431 495038 0 0 0 0
697159 265700 639431 495038 0 0 0 0
717290 257354 639431 495038 0 0 0 0
717290 257354 717290 257354 0 0 0 0
837857 299889 717290 257354 0 0 0 0
747790 254346 717290 257354 0 0 0 0
729348 232499 717290 257354 0 0 0 0
729348 232499 729348 232499 0 0 0 0
692328 175001 729348 232499 0 0 0 0
665683 236338 729348 232499 0 0 0 0
631971 292785 729348 232499 0 0 0 0
639232 309326 729348 232499 0 0 0 0
585599 318962 729348 232499 0 0 0 0
568422 383756 729348 232499 0 0 0 0
546074 389904 729348 232499 0 0 0 0
526504 420407 729348 232499 0 0 0 0
526504 420407 526504 420407 0 0 0 0
552465 466997 526504 420407 0 0 0 0
556512 471722 526504 420407 0 0 0 0
540481 486636 526504 420407 0 0 0 0
497114 444604 526504 420407 0 0 0 0
475543 407503 526504 420407 0 0 0 0
435895 313832 526504 420407 0 0 0 0
394506 361415 526504 420407 0 0 0 0
394506 361415 394506 361415 0 0 0 0
372878 453529 394506 361415 0 0 0 0
372878 453529 372878 453529 0 0 0 0
395478 479863 372878 453529 0 0 0 0
430327 471453 372878 453529 0 0 0 0
462596 480466 372878 453529 0 0 0 0
469636 478633 372878 453529 0 0 0 0
477131 503025 372878 453529 0 0 0 0
492583 510037 372878 453529 0 0 0 0
513179 530251 372878 453529 0 0 0 0
479957 529261 372878 453529 0 0 0 0
479957 529261 479957 529261 0 0 0 0
459970 552308 479957 529261 0 0 0 0
509277 565894 479957 529261 0 0 0 0
503191 597879 479957 529261 0 0 0 0
495711 610205 479957 529261 0 0 0 0
533797 688555 479957 529261 0 0 0 0
500074 730628 479957 529261 0 0 0 0
491068 753101 479957 529261 0 0 0 0
480236 754133 479957 529261 0 0 0 0
439424 705738 479957 529261 0 0 0 0
402088 726855 479957 529261 0 0 0 0
407292 626025 479957 529261 0 0 0 0
366641 612019 479957 529261 0 0 0 0
366641 612019 366641 612019 0 0 0 0
394788 543461 366641 612019 0 0 0 0
369944 530160 366641 612019 0 0 0 0
352342 529948 366641 612019 0 0 0 0
347937 513674 366641 612019 0 0 0 0
309307 479728 366641 612019 0 0 0 0
309307 479728 309307 479728 0 0 0 0
291721 504328 309307 479728 0 0 0 0
291721 504328 291721 504328 0 0 0 0
201404 552497 291721 504328 0 0 0 0
