57225 128178 54318 41380 0 0 0 0
62829 186073 54318 41380 0 0 0 0
119128 226356 54318 41380 0 0 0 0
186349 189173 54318 41380 0 0 0 0
200168 139195 54318 41380 0 0 0 0
231514 204144 54318 41380 0 0 0 0
214751 209273 54318 41380 0 0 0 0
202661 255776 54318 41380 0 0 0 0
181092 273098 54318 41380 0 0 0 0
93869 288423 54318 41380 0 0 0 0
141417 340961 54318 41380 0 0 0 0
194017 335990 54318 41380 0 0 0 0
240647 327088 54318 41380 0 0 0 0
252011 296234 54318 41380 0 0 0 0
336707 379983 54318 41380 0 0 0 0
282121 514902 54318 41380 0 0 0 0
272646 538417 54318 41380 0 0 0 0
218113 541398 54318 41380 0 0 0 0
196521 562633 54318 41380 0 0 0 0
202883 584791 54318 41380 0 0 0 0
179806 602152 54318 41380 0 0 0 0
162151 595526 54318 41380 0 0 0 0
115851 584933 54318 41380 0 0 0 0
76642 581268 54318 41380 0 0 0 0
152904 618744 54318 41380 0 0 0 0
155601 652877 54318 41380 0 0 0 0
206788 622158 54318 41380 0 0 0 0
199575 638449 54318 41380 0 0 0 0
201855 647488 54318 41380 0 0 0 0
237124 692851 54318 41380 0 0 0 0
250757 687531 54318 41380 0 0 0 0
240513 649373 54318 41380 0 0 0 0
244257 605546 54318 41380 0 0 0 0
256087 615993 54318 41380 0 0 0 0
265341 623493 54318 41380 0 0 0 0
269291 608980 54318 41380 0 0 0 0
299123 611428 54318 41380 0 0 0 0
332468 647337 54318 41380 0 0 0 0
349793 648678 54318 41380 0 0 0 0
371520 662223 54318 41380 0 0 0 0
384253 703465 54318 41380 0 0 0 0
384253 703465 384253 703465 0 0 0 0
425994 658312 384253 703465 0 0 0 0
462063 671441 384253 703465 0 0 0 0
462063 671441 462063 671441 0 0 0 0
453236 703311 462063 671441 0 0 0 0
511743 688233 462063 671441 0 0 0 0
526077 687860 462063 671441 0 0 0 0
594296 670963 462063 671441 0 0 0 0
574934 653813 462063 671441 0 0 0 0
588580 635967 462063 671441 0 0 0 0
581509 626350 462063 671441 0 0 0 0
608205 617887 462063 671441 0 0 0 0
620899 562231 462063 671441 0 0 0 0
567055 577596 462063 671441 0 0 0 0
546051 603087 462063 671441 0 0 0 0
523559 578521 462063 671441 0 0 0 0
461133 620355 462063 671441 0 0 0 0
452696 609347 462063 671441 0 0 0 0
444931 608329 462063 671441 0 0 0 0
413427 609438 462063 671441 0 0 0 0
349851 546287 462063 671441 0 0 0 0
379938 527277 462063 671441 0 0 0 0
393653 531841 462063 671441 0 0 0 0
370585 497072 462063 671441 0 0 0 0
427396 461258 462063 671441 0 0 0 0
483311 436636 462063 671441 0 0 0 0
459007 388632 462063 671441 0 0 0 0
469484 378585 462063 671441 0 0 0 0
444638 330957 462063 671441 0 0 0 0
449736 324602 462063 671441 0 0 0 0
452461 299312 462063 671441 0 0 0 0
529083 275193 462063 671441 0 0 0 0
515244 328074 462063 671441 0 0 0 0
541015 325177 462063 671441 0 0 0 0
541013 345801 462063 671441 0 0 0 0
555368 363443 462063 671441 0 0 0 0
581937 323926 462063 671441 0 0 0 0
608967 321688 462063 671441 0 0 0 0
608350 355623 462063 671441 0 0 0 0
626583 409111 462063 671441 0 0 0 0
662568 380632 462063 671441 0 0 0 0
662568 380632 662568 380632 0 0 0 0
692459 387820 662568 380632 0 0 0 0
701587 367772 662568 380632 0 0 0 0
734025 374398 662568 380632 0 0 0 0
712309 304099 662568 380632 0 0 0 0
671347 262930 662568 380632 0 0 0 0
671347 262930 671347 262930 0 0 0 0
530791 181549 671347 262930 0 0 0 0
530791 181549 530791 181549 0 0 0 0
633412 90214 530791 181549 0 0 0 0
686290 148285 530791 181549 0 0 0 0
710637 177315 530791 181549 0 0 0 0
710637 177315 710637 177315 0 0 0 0
710624 207432 710637 177315 0 0 0 0
789671 230543 710637 177315 0 0 0 0
762159 259826 710637 177315 0 0 0 0
785515 283440 710637 177315 0 0 0 0
782808 285857 710637 177315 0 0 0 0
769793 330715 710637 177315 0 0 0 0
796538 334366 710637 177315 0 0 0 0
808409 324649 710637 177315 0 0 0 0
817947 301537 710637 177315 0 0 0 0
830318 339948 710637 177315 0 0 0 0
