127230 542897 52299 530438 0 0 0 0
144791 514219 52299 530438 0 0 0 0
150103 506937 52299 530438 0 0 0 0
104493 456027 52299 530438 0 0 0 0
195885 405712 52299 530438 0 0 0 0
255203 412699 52299 530438 0 0 0 0
271109 367329 52299 530438 0 0 0 0
294988 394827 52299 530438 0 0 0 0
323623 396793 52299 530438 0 0 0 0
329004 383845 52299 530438 0 0 0 0
329004 383845 329004 383845 0 0 0 0
352984 419271 329004 383845 0 0 0 0
343375 429462 329004 383845 0 0 0 0
333329 439838 329004 383845 0 0 0 0
333329 439838 333329 439838 0 0 0 0
319618 428095 333329 439838 0 0 0 0
276425 428166 333329 439838 0 0 0 0
267881 455351 333329 439838 0 0 0 0
270674 461112 333329 439838 0 0 0 0
289302 472580 333329 439838 0 0 0 0
276468 474103 333329 439838 0 0 0 0
259978 485126 333329 439838 0 0 0 0
240076 477127 333329 439838 0 0 0 0
253533 463880 333329 439838 0 0 0 0
232544 445983 333329 439838 0 0 0 0
214732 463145 333329 439838 0 0 0 0
203125 475621 333329 439838 0 0 0 0
178557 462361 333329 439838 0 0 0 0
194866 493821 333329 439838 0 0 0 0
187419 511496 333329 439838 0 0 0 0
188010 536220 333329 439838 0 0 0 0
218230 539215 333329 439838 0 0 0 0
229576 553059 333329 439838 0 0 0 0
283482 534964 333329 439838 0 0 0 0
328482 580336 333329 439838 0 0 0 0
327540 606834 333329 439838 0 0 0 0
364957 589968 333329 439838 0 0 0 0
377736 632580 333329 439838 0 0 0 0
377857 640963 333329 439838 0 0 0 0
373774 656290 333329 439838 0 0 0 0
349955 645226 333329 439838 0 0 0 0
358148 664360 333329 439838 0 0 0 0
348972 694118 333329 439838 0 0 0 0
381439 671830 333329 439838 0 0 0 0
388465 666604 333329 439838 0 0 0 0
396146 667439 333329 439838 0 0 0 0
397254 675456 333329 439838 0 0 0 0
415325 662983 333329 439838 0 0 0 0
428824 650567 333329 439838 0 0 0 0
431431 676634 333329 439838 0 0 0 0
448815 675138 333329 439838 0 0 0 0
443410 691133 333329 439838 0 0 0 0
437335 706533 333329 439838 0 0 0 0
472470 743138 333329 439838 0 0 0 0
470640 684021 333329 439838 0 0 0 0
490551 649681 333329 439838 0 0 0 0
436017 608286 333329 439838 0 0 0 0
430662 594105 333329 439838 0 0 0 0
432236 561496 333329 439838 0 0 0 0
409517 564935 333329 439838 0 0 0 0
385024 523660 333329 439838 0 0 0 0
347146 515315 333329 439838 0 0 0 0
325878 501610 333329 439838 0 0 0 0
310752 491287 333329 439838 0 0 0 0
334250 480040 333329 439838 0 0 0 0
349638 496418 333329 439838 0 0 0 0
356434 494114 333329 439838 0 0 0 0
361234 502595 333329 439838 0 0 0 0
376994 477070 333329 439838 0 0 0 0
397229 457131 333329 439838 0 0 0 0
422756 481282 333329 439838 0 0 0 0
436978 415798 333329 439838 0 0 0 0
435765 406292 333329 439838 0 0 0 0
663313 310273 333329 439838 0 0 0 0
691433 307737 333329 439838 0 0 0 0
691433 307737 691433 307737 0 0 0 0
653815 253330 691433 307737 0 0 0 0
644825 237178 691433 307737 0 0 0 0
666931 243760 691433 307737 0 0 0 0
688526 193922 691433 307737 0 0 0 0
718318 107010 691433 307737 0 0 0 0
749509 222867 691433 307737 0 0 0 0
759235 227578 691433 307737 0 0 0 0
749711 334490 691433 307737 0 0 0 0
767596 364621 691433 307737 0 0 0 0
757352 382118 691433 307737 0 0 0 0
693881 387456 691433 307737 0 0 0 0
710430 526669 691433 307737 0 0 0 0
731803 550990 691433 307737 0 0 0 0
757511 555536 691433 307737 0 0 0 0
732204 567301 691433 307737 0 0 0 0
704447 589332 691433 307737 0 0 0 0
758301 595833 691433 307737 0 0 0 0
767571 595188 691433 307737 0 0 0 0
788769 587861 691433 307737 0 0 0 0
791621 614662 691433 307737 0 0 0 0
771037 617378 691433 307737 0 0 0 0
759769 614194 691433 307737 0 0 0 0
753766 627869 691433 307737 0 0 0 0
776691 633200 691433 307737 0 0 0 0
780593 655361 691433 307737 0 0 0 0
864650 663836 691433 307737 0 0 0 0
