771804 799611 811874 849527 0 0 0 0
746850 806914 811874 849527 0 0 0 0
764288 781391 811874 849527 0 0 0 0
773776 756008 811874 849527 0 0 0 0
784544 761202 811874 849527 0 0 0 0
809462 679998 811874 849527 0 0 0 0
713711 684857 811874 849527 0 0 0 0
686571 690498 811874 849527 0 0 0 0
703945 755025 811874 849527 0 0 0 0
654606 779266 811874 849527 0 0 0 0
633656 851331 811874 849527 0 0 0 0
607806 918250 811874 849527 0 0 0 0
611987 855436 811874 849527 0 0 0 0
571978 742280 811874 849527 0 0 0 0
635832 658169 811874 849527 0 0 0 0
640249 638180 811874 849527 0 0 0 0
643578 638524 811874 849527 0 0 0 0
657208 528872 811874 849527 0 0 0 0
620651 526954 811874 849527 0 0 0 0
618033 480780 811874 849527 0 0 0 0
615566 461091 811874 849527 0 0 0 0
648057 460617 811874 849527 0 0 0 0
658656 454493 811874 849527 0 0 0 0
672618 459565 811874 849527 0 0 0 0
686644 467943 811874 849527 0 0 0 0
709377 478776 811874 849527 0 0 0 0
756262 489924 811874 849527 0 0 0 0
771093 449524 811874 849527 0 0 0 0
813241 364496 811874 849527 0 0 0 0
760925 344078 811874 849527 0 0 0 0
736467 365082 811874 849527 0 0 0 0
705505 401105 811874 849527 0 0 0 0
654420 406048 811874 849527 0 0 0 0
629384 406121 811874 849527 0 0 0 0
628797 358798 811874 849527 0 0 0 0
618960 357416 811874 849527 0 0 0 0
623513 330150 811874 849527 0 0 0 0
625111 327495 811874 849527 0 0 0 0
630079 308931 811874 849527 0 0 0 0
672477 278217 811874 849527 0 0 0 0
638986 230733 811874 849527 0 0 0 0
616884 282970 811874 849527 0 0 0 0
617417 284406 811874 849527 0 0 0 0
599326 311817 811874 849527 0 0 0 0
599326 311817 599326 311817 0 0 0 0
543097 276607 599326 311817 0 0 0 0
532944 329731 599326 311817 0 0 0 0
573381 349071 599326 311817 0 0 0 0
543455 388150 599326 311817 0 0 0 0
567052 399150 599326 311817 0 0 0 0
548848 452343 599326 311817 0 0 0 0
565017 467161 599326 311817 0 0 0 0
536138 492913 599326 311817 0 0 0 0
530147 448872 599326 311817 0 0 0 0
491218 417229 599326 311817 0 0 0 0
492281 413039 599326 311817 0 0 0 0
506285 358227 599326 311817 0 0 0 0
504622 318769 599326 311817 0 0 0 0
493390 327954 599326 311817 0 0 0 0
489187 343016 599326 311817 0 0 0 0
473700 366203 599326 311817 0 0 0 0
425835 348634 599326 311817 0 0 0 0
400652 369867 599326 311817 0 0 0 0
387575 380035 599326 311817 0 0 0 0
387575 380035 387575 380035 0 0 0 0
450925 405343 387575 380035 0 0 0 0
450925 405343 450925 405343 0 0 0 0
431149 439890 450925 405343 0 0 0 0
430546 454715 450925 405343 0 0 0 0
409274 508766 450925 405343 0 0 0 0
419347 537504 450925 405343 0 0 0 0
448299 543440 450925 405343 0 0 0 0
414314 593404 450925 405343 0 0 0 0
417229 615160 450925 405343 0 0 0 0
417229 615160 417229 615160 0 0 0 0
373904 607443 417229 615160 0 0 0 0
373904 607443 373904 607443 0 0 0 0
328399 631051 373904 607443 0 0 0 0
344883 598340 373904 607443 0 0 0 0
344769 594474 373904 607443 0 0 0 0
354378 578541 373904 607443 0 0 0 0
366591 588173 373904 607443 0 0 0 0
389591 586223 373904 607443 0 0 0 0
391511 546084 373904 607443 0 0 0 0
391511 546084 391511 546084 0 0 0 0
359812 524601 391511 546084 0 0 0 0
359812 524601 359812 524601 0 0 0 0
355689 535812 359812 524601 0 0 0 0
316694 556305 359812 524601 0 0 0 0
316694 556305 316694 556305 0 0 0 0
287314 529750 316694 556305 0 0 0 0
269432 526055 316694 556305 0 0 0 0
261274 520031 316694 556305 0 0 0 0
285742 555135 316694 556305 0 0 0 0
304671 572815 316694 556305 0 0 0 0
299830 587757 316694 556305 0 0 0 0
288504 576069 316694 556305 0 0 0 0
282659 579641 316694 556305 0 0 0 0
285144 583999 316694 556305 0 0 0 0
272850 600153 316694 556305 0 0 0 0
258156 592169 316694 556305 0 0 0 0
237876 615003 316694 556305 0 0 0 0
159228 583901 316694 556305 0 0 0 0
198952 566645 316694 556305 0 0 0 0
220664 531004 316694 556305 0 0 0 0
197585 497180 316694 556305 0 0 0 0
174040 494131 316694 556305 0 0 0 0
