195754 220999 184586 187789 0 0 0 0
208389 260001 184586 187789 0 0 0 0
211817 267884 184586 187789 0 0 0 0
193156 262560 184586 187789 0 0 0 0
191224 278897 184586 187789 0 0 0 0
191224 278897 191224 278897 0 0 0 0
156532 288615 191224 278897 0 0 0 0
54590 383800 191224 278897 0 0 0 0
54590 383800 54590 383800 0 0 0 0
239196 444111 54590 383800 0 0 0 0
269053 374785 54590 383800 0 0 0 0
247028 347702 54590 383800 0 0 0 0
259697 325319 54590 383800 0 0 0 0
216773 330376 54590 383800 0 0 0 0
234469 304801 54590 383800 0 0 0 0
234469 304801 234469 304801 0 0 0 0
257222 285689 234469 304801 0 0 0 0
257222 285689 257222 285689 0 0 0 0
260047 251692 257222 285689 0 0 0 0
288198 240086 257222 285689 0 0 0 0
288198 240086 288198 240086 0 0 0 0
274682 214033 288198 240086 0 0 0 0
259121 226593 288198 240086 0 0 0 0
250892 224126 288198 240086 0 0 0 0
235334 218352 288198 240086 0 0 0 0
235334 218352 235334 218352 0 0 0 0
228056 194443 235334 218352 0 0 0 0
213428 188255 235334 218352 0 0 0 0
255735 172522 235334 218352 0 0 0 0
275366 192862 235334 218352 0 0 0 0
300229 192266 235334 218352 0 0 0 0
406731 146232 235334 218352 0 0 0 0
406731 146232 406731 146232 0 0 0 0
337088 248157 406731 146232 0 0 0 0
315154 273466 406731 146232 0 0 0 0
315154 273466 315154 273466 0 0 0 0
323386 327606 315154 273466 0 0 0 0
336873 317390 315154 273466 0 0 0 0
336873 317390 336873 317390 0 0 0 0
369059 281510 336873 317390 0 0 0 0
386588 291297 336873 317390 0 0 0 0
410171 292813 336873 317390 0 0 0 0
384862 295084 336873 317390 0 0 0 0
376160 305986 336873 317390 0 0 0 0
379941 309152 336873 317390 0 0 0 0
394479 349517 336873 317390 0 0 0 0
407563 371145 336873 317390 0 0 0 0
337432 378613 336873 317390 0 0 0 0
350800 387582 336873 317390 0 0 0 0
366538 472396 336873 317390 0 0 0 0
383527 544489 336873 317390 0 0 0 0
383527 544489 383527 544489 0 0 0 0
301715 560281 383527 544489 0 0 0 0
285819 617119 383527 544489 0 0 0 0
369294 591658 383527 544489 0 0 0 0
419405 666272 383527 544489 0 0 0 0
513005 624049 383527 544489 0 0 0 0
548843 634704 383527 544489 0 0 0 0
561175 640903 383527 544489 0 0 0 0
567805 602051 383527 544489 0 0 0 0
535006 600429 383527 544489 0 0 0 0
538025 555447 383527 544489 0 0 0 0
498893 561876 383527 544489 0 0 0 0
507107 509267 383527 544489 0 0 0 0
521842 489857 383527 544489 0 0 0 0
521842 489857 521842 489857 0 0 0 0
483122 457600 521842 489857 0 0 0 0
475609 438927 521842 489857 0 0 0 0
507382 453798 521842 489857 0 0 0 0
541665 436998 521842 489857 0 0 0 0
542226 415629 521842 489857 0 0 0 0
534978 396552 521842 489857 0 0 0 0
572650 391870 521842 489857 0 0 0 0
622400 358886 521842 489857 0 0 0 0
578894 398303 521842 489857 0 0 0 0
579852 425416 521842 489857 0 0 0 0
579852 425416 579852 425416 0 0 0 0
604359 431276 579852 425416 0 0 0 0
604359 431276 604359 431276 0 0 0 0
596186 446028 604359 431276 0 0 0 0
585875 445549 604359 431276 0 0 0 0
580370 455083 604359 431276 0 0 0 0
552740 462230 604359 431276 0 0 0 0
543956 488695 604359 431276 0 0 0 0
569084 487422 604359 431276 0 0 0 0
576184 482471 604359 431276 0 0 0 0
578482 472130 604359 431276 0 0 0 0
591174 479514 604359 431276 0 0 0 0
639713 480723 604359 431276 0 0 0 0
659046 493391 604359 431276 0 0 0 0
658058 503305 604359 431276 0 0 0 0
630509 506908 604359 431276 0 0 0 0
601696 513677 604359 431276 0 0 0 0
598475 516515 604359 431276 0 0 0 0
569574 513136 604359 431276 0 0 0 0
556167 513455 604359 431276 0 0 0 0
554235 531362 604359 431276 0 0 0 0
566692 532514 604359 431276 0 0 0 0
598566 539312 604359 431276 0 0 0 0
609240 552106 604359 431276 0 0 0 0
609240 552106 609240 552106 0 0 0 0
657677 619188 609240 552106 0 0 0 0
685217 636638 609240 552106 0 0 0 0
678000 714704 609240 552106 0 0 0 0
661325 722443 609240 552106 0 0 0 0
651889 712411 609240 552106 0 0 0 0
632918 704718 609240 552106 0 0 0 0
614470 714658 609240 552106 0 0 0 0
658684 747996 609240 552106 0 0 0 0
710043 759687 609240 552106 0 0 0 0
697681 799020 609240 552106 0 0 0 0
752218 784488 609240 552106 0 0 0 0
748659 808233 609240 552106 0 0 0 0
