868533 465704 906151 485089 0 0 0 0
885938 560057 906151 485089 0 0 0 0
803218 517128 906151 485089 0 0 0 0
688785 536829 906151 485089 0 0 0 0
702928 441224 906151 485089 0 0 0 0
682414 347951 906151 485089 0 0 0 0
683832 337164 906151 485089 0 0 0 0
659247 299308 906151 485089 0 0 0 0
659247 299308 659247 299308 0 0 0 0
777677 294628 659247 299308 0 0 0 0
737978 272216 659247 299308 0 0 0 0
701805 247628 659247 299308 0 0 0 0
668490 221271 659247 299308 0 0 0 0
644488 202891 659247 299308 0 0 0 0
606370 224826 659247 299308 0 0 0 0
581449 174448 659247 299308 0 0 0 0
581449 174448 581449 174448 0 0 0 0
536658 184903 581449 174448 0 0 0 0
528784 202727 581449 174448 0 0 0 0
494116 231668 581449 174448 0 0 0 0
494116 231668 494116 231668 0 0 0 0
458067 203697 494116 231668 0 0 0 0
419993 225153 494116 231668 0 0 0 0
423360 211485 494116 231668 0 0 0 0
416812 208926 494116 231668 0 0 0 0
403188 181078 494116 231668 0 0 0 0
407952 110322 494116 231668 0 0 0 0
340204 179466 494116 231668 0 0 0 0
378657 224319 494116 231668 0 0 0 0
376573 239154 494116 231668 0 0 0 0
376573 239154 376573 239154 0 0 0 0
401471 253896 376573 239154 0 0 0 0
421966 266638 376573 239154 0 0 0 0
421966 266638 421966 266638 0 0 0 0
430459 252689 421966 266638 0 0 0 0
457430 266747 421966 266638 0 0 0 0
462172 271785 421966 266638 0 0 0 0
500909 267610 421966 266638 0 0 0 0
487787 304700 421966 266638 0 0 0 0
505953 295301 421966 266638 0 0 0 0
584462 313786 421966 266638 0 0 0 0
543673 351254 421966 266638 0 0 0 0
532193 367296 421966 266638 0 0 0 0
472358 447902 421966 266638 0 0 0 0
408501 463826 421966 266638 0 0 0 0
417138 449489 421966 266638 0 0 0 0
423483 403305 421966 266638 0 0 0 0
433784 366385 421966 266638 0 0 0 0
440822 358341 421966 266638 0 0 0 0
420072 354970 421966 266638 0 0 0 0
399002 351779 421966 266638 0 0 0 0
409491 309446 421966 266638 0 0 0 0
410836 295026 421966 266638 0 0 0 0
407431 285340 421966 266638 0 0 0 0
363390 267887 421966 266638 0 0 0 0
361841 338940 421966 266638 0 0 0 0
342636 335762 421966 266638 0 0 0 0
346123 346726 421966 266638 0 0 0 0
338268 397741 421966 266638 0 0 0 0
347858 401154 421966 266638 0 0 0 0
353928 410341 421966 266638 0 0 0 0
319505 411820 421966 266638 0 0 0 0
319505 411820 319505 411820 0 0 0 0
263667 390751 319505 411820 0 0 0 0
243112 377373 319505 411820 0 0 0 0
279835 363909 319505 411820 0 0 0 0
274357 302318 319505 411820 0 0 0 0
238522 288040 319505 411820 0 0 0 0
238522 288040 238522 288040 0 0 0 0
206339 356279 238522 288040 0 0 0 0
164393 423538 238522 288040 0 0 0 0
164393 423538 164393 423538 0 0 0 0
257973 474849 164393 423538 0 0 0 0
300678 490844 164393 423538 0 0 0 0
303164 529890 164393 423538 0 0 0 0
272725 543865 164393 423538 0 0 0 0
288998 559062 164393 423538 0 0 0 0
288998 559062 288998 559062 0 0 0 0
368504 630404 288998 559062 0 0 0 0
368504 630404 368504 630404 0 0 0 0
406751 595453 368504 630404 0 0 0 0
542785 643167 368504 630404 0 0 0 0
586410 670013 368504 630404 0 0 0 0
598326 704205 368504 630404 0 0 0 0
610001 728824 368504 630404 0 0 0 0
605966 734091 368504 630404 0 0 0 0
612354 741729 368504 630404 0 0 0 0
618238 761542 368504 630404 0 0 0 0
618238 761542 618238 761542 0 0 0 0
631459 792279 618238 761542 0 0 0 0
617314 804553 618238 761542 0 0 0 0
617314 804553 617314 804553 0 0 0 0
597422 781050 617314 804553 0 0 0 0
581045 755554 617314 804553 0 0 0 0
580894 738876 617314 804553 0 0 0 0
574285 746273 617314 804553 0 0 0 0
571222 750636 617314 804553 0 0 0 0
551247 737141 617314 804553 0 0 0 0
559306 722414 617314 804553 0 0 0 0
557332 707017 617314 804553 0 0 0 0
482335 687680 617314 804553 0 0 0 0
482335 687680 482335 687680 0 0 0 0
383544 679567 482335 687680 0 0 0 0
345490 662776 482335 687680 0 0 0 0
316868 641522 482335 687680 0 0 0 0
299966 667882 482335 687680 0 0 0 0
253288 651092 482335 687680 0 0 0 0
254167 639903 482335 687680 0 0 0 0
254167 639903 254167 639903 0 0 0 0
203251 590421 254167 639903 0 0 0 0
203251 590421 203251 590421 0 0 0 0
205115 535542 203251 590421 0 0 0 0
143724 507964 203251 590421 0 0 0 0
121148 475217 203251 590421 0 0 0 0
