345528 244457 327045 241889 0 0 0 0
400485 249934 327045 241889 0 0 0 0
392429 266054 327045 241889 0 0 0 0
393356 289271 327045 241889 0 0 0 0
397280 295627 327045 241889 0 0 0 0
406432 310433 327045 241889 0 0 0 0
410986 316633 327045 241889 0 0 0 0
373733 296022 327045 241889 0 0 0 0
362025 290992 327045 241889 0 0 0 0
368992 331360 327045 241889 0 0 0 0
355191 338752 327045 241889 0 0 0 0
393513 356997 327045 241889 0 0 0 0
399567 365785 327045 241889 0 0 0 0
404528 391690 327045 241889 0 0 0 0
407633 398830 327045 241889 0 0 0 0
399047 414886 327045 241889 0 0 0 0
428494 455611 327045 241889 0 0 0 0
435718 486747 327045 241889 0 0 0 0
446416 424241 327045 241889 0 0 0 0
474940 427204 327045 241889 0 0 0 0
482334 454427 327045 241889 0 0 0 0
495428 455887 327045 241889 0 0 0 0
492502 470471 327045 241889 0 0 0 0
516717 463811 327045 241889 0 0 0 0
522214 473090 327045 241889 0 0 0 0
530283 512167 327045 241889 0 0 0 0
539658 491743 327045 241889 0 0 0 0
543803 465961 327045 241889 0 0 0 0
543803 465961 543803 465961 0 0 0 0
550422 454682 543803 465961 0 0 0 0
540804 431013 543803 465961 0 0 0 0
515116 416863 543803 465961 0 0 0 0
519519 402543 543803 465961 0 0 0 0
516743 397876 543803 465961 0 0 0 0
524858 390333 543803 465961 0 0 0 0
515055 379459 543803 465961 0 0 0 0
507009 365016 543803 465961 0 0 0 0
494975 333503 543803 465961 0 0 0 0
491806 325141 543803 465961 0 0 0 0
489828 341830 543803 465961 0 0 0 0
483457 365557 543803 465961 0 0 0 0
483457 365557 483457 365557 0 0 0 0
476335 388929 483457 365557 0 0 0 0
475063 395344 483457 365557 0 0 0 0
469961 369822 483457 365557 0 0 0 0
451505 354924 483457 365557 0 0 0 0
456809 348848 483457 365557 0 0 0 0
444187 329726 483457 365557 0 0 0 0
436724 308788 483457 365557 0 0 0 0
456504 311086 483457 365557 0 0 0 0
457392 278036 483457 365557 0 0 0 0
492190 212581 483457 365557 0 0 0 0
517802 207010 483457 365557 0 0 0 0
521714 171710 483457 365557 0 0 0 0
549014 217772 483457 365557 0 0 0 0
594512 233367 483457 365557 0 0 0 0
594512 233367 594512 233367 0 0 0 0
790087 314524 594512 233367 0 0 0 0
836922 315770 594512 233367 0 0 0 0
836922 315770 836922 315770 0 0 0 0
774367 386092 836922 315770 0 0 0 0
764879 381064 836922 315770 0 0 0 0
745359 363435 836922 315770 0 0 0 0
717016 433280 836922 315770 0 0 0 0
568269 523389 836922 315770 0 0 0 0
568269 523389 568269 523389 0 0 0 0
579140 560782 568269 523389 0 0 0 0
581673 568964 568269 523389 0 0 0 0
569257 584529 568269 523389 0 0 0 0
553555 584733 568269 523389 0 0 0 0
515946 583936 568269 523389 0 0 0 0
515946 583936 515946 583936 0 0 0 0
512782 569546 515946 583936 0 0 0 0
510595 563790 515946 583936 0 0 0 0
516019 546652 515946 583936 0 0 0 0
500341 542845 515946 583936 0 0 0 0
482591 532036 515946 583936 0 0 0 0
452809 561090 515946 583936 0 0 0 0
482220 562535 515946 583936 0 0 0 0
486272 584414 515946 583936 0 0 0 0
482815 588758 515946 583936 0 0 0 0
482815 588758 482815 588758 0 0 0 0
437785 614646 482815 588758 0 0 0 0
422653 598208 482815 588758 0 0 0 0
386550 583288 482815 588758 0 0 0 0
378177 592706 482815 588758 0 0 0 0
344060 591669 482815 588758 0 0 0 0
375902 667948 482815 588758 0 0 0 0
399373 671871 482815 588758 0 0 0 0
412810 679226 482815 588758 0 0 0 0
412810 679226 412810 679226 0 0 0 0
434336 728123 412810 679226 0 0 0 0
466534 709238 412810 679226 0 0 0 0
465417 692527 412810 679226 0 0 0 0
464690 679182 412810 679226 0 0 0 0
466122 638887 412810 679226 0 0 0 0
484600 644086 412810 679226 0 0 0 0
494934 661479 412810 679226 0 0 0 0
501470 683628 412810 679226 0 0 0 0
515172 688772 412810 679226 0 0 0 0
502181 715945 412810 679226 0 0 0 0
536868 711701 412810 679226 0 0 0 0
532283 676541 412810 679226 0 0 0 0
532283 676541 532283 676541 0 0 0 0
542904 624943 532283 676541 0 0 0 0
577926 650582 532283 676541 0 0 0 0
613305 656122 532283 676541 0 0 0 0
673763 798448 532283 676541 0 0 0 0
