475668 319096 349601 244446 0 0 0 0
471556 344505 349601 244446 0 0 0 0
462540 354127 349601 244446 0 0 0 0
490578 351025 349601 244446 0 0 0 0
507273 323069 349601 244446 0 0 0 0
597778 293255 349601 244446 0 0 0 0
619141 299297 349601 244446 0 0 0 0
639439 347789 349601 244446 0 0 0 0
663804 358915 349601 244446 0 0 0 0
685932 402856 349601 244446 0 0 0 0
685932 402856 685932 402856 0 0 0 0
615510 380555 685932 402856 0 0 0 0
615510 380555 615510 380555 0 0 0 0
602904 402623 615510 380555 0 0 0 0
602904 402623 602904 402623 0 0 0 0
580624 403589 602904 402623 0 0 0 0
580624 403589 580624 403589 0 0 0 0
573588 392412 580624 403589 0 0 0 0
557636 381710 580624 403589 0 0 0 0
558046 364478 580624 403589 0 0 0 0
530249 385701 580624 403589 0 0 0 0
528439 356414 580624 403589 0 0 0 0
500638 370893 580624 403589 0 0 0 0
483509 366643 580624 403589 0 0 0 0
468306 394748 580624 403589 0 0 0 0
496696 429123 580624 403589 0 0 0 0
528691 435065 580624 403589 0 0 0 0
551998 409695 580624 403589 0 0 0 0
569337 434380 580624 403589 0 0 0 0
556066 456127 580624 403589 0 0 0 0
552097 457401 580624 403589 0 0 0 0
578203 489061 580624 403589 0 0 0 0
571684 472733 580624 403589 0 0 0 0
571210 460464 580624 403589 0 0 0 0
586206 432220 580624 403589 0 0 0 0
599433 439504 580624 403589 0 0 0 0
599433 439504 599433 439504 0 0 0 0
627533 434266 599433 439504 0 0 0 0
649570 447090 599433 439504 0 0 0 0
623855 459766 599433 439504 0 0 0 0
635580 475745 599433 439504 0 0 0 0
655683 490200 599433 439504 0 0 0 0
650268 496962 599433 439504 0 0 0 0
655275 509942 599433 439504 0 0 0 0
660278 509198 599433 439504 0 0 0 0
712796 504606 599433 439504 0 0 0 0
701149 518578 599433 439504 0 0 0 0
657218 526330 599433 439504 0 0 0 0
648835 514377 599433 439504 0 0 0 0
632360 521411 599433 439504 0 0 0 0
600312 518574 599433 439504 0 0 0 0
600312 518574 600312 518574 0 0 0 0
558534 523309 600312 518574 0 0 0 0
542198 538143 600312 518574 0 0 0 0
575682 549098 600312 518574 0 0 0 0
556506 599296 600312 518574 0 0 0 0
535060 641210 600312 518574 0 0 0 0
545496 642950 600312 518574 0 0 0 0
552048 660215 600312 518574 0 0 0 0
557265 670408 600312 518574 0 0 0 0
539169 663650 600312 518574 0 0 0 0
504379 645422 600312 518574 0 0 0 0
504379 645422 504379 645422 0 0 0 0
491195 668938 504379 645422 0 0 0 0
468741 669891 504379 645422 0 0 0 0
451747 671806 504379 645422 0 0 0 0
444215 681884 504379 645422 0 0 0 0
439492 657821 504379 645422 0 0 0 0
420921 643400 504379 645422 0 0 0 0
420548 629557 504379 645422 0 0 0 0
379665 614463 504379 645422 0 0 0 0
377153 659849 504379 645422 0 0 0 0
353893 680524 504379 645422 0 0 0 0
341739 690727 504379 645422 0 0 0 0
341739 690727 341739 690727 0 0 0 0
303216 674589 341739 690727 0 0 0 0
303426 697310 341739 690727 0 0 0 0
303426 697310 303426 697310 0 0 0 0
333131 777347 303426 697310 0 0 0 0
333131 777347 333131 777347 0 0 0 0
394937 719349 333131 777347 0 0 0 0
419978 712893 333131 777347 0 0 0 0
422135 706418 333131 777347 0 0 0 0
445892 717317 333131 777347 0 0 0 0
462469 709631 333131 777347 0 0 0 0
454371 717210 333131 777347 0 0 0 0
454900 735814 333131 777347 0 0 0 0
465283 756010 333131 777347 0 0 0 0
463317 766447 333131 777347 0 0 0 0
532461 812638 333131 777347 0 0 0 0
495389 736713 333131 777347 0 0 0 0
506038 728110 333131 777347 0 0 0 0
505378 712288 333131 777347 0 0 0 0
524519 703376 333131 777347 0 0 0 0
538520 720840 333131 777347 0 0 0 0
563885 708441 333131 777347 0 0 0 0
565856 705168 333131 777347 0 0 0 0
565856 705168 565856 705168 0 0 0 0
613173 718749 565856 705168 0 0 0 0
604423 691349 565856 705168 0 0 0 0
583304 637601 565856 705168 0 0 0 0
587832 606759 565856 705168 0 0 0 0
635406 612588 565856 705168 0 0 0 0
683590 633145 565856 705168 0 0 0 0
715087 643282 565856 705168 0 0 0 0
672610 655405 565856 705168 0 0 0 0
678348 664868 565856 705168 0 0 0 0
682336 667726 565856 705168 0 0 0 0
682336 667726 682336 667726 0 0 0 0
687936 724150 682336 667726 0 0 0 0
685296 746897 682336 667726 0 0 0 0
