823748 142806 843603 84312 0 0 0 0
804499 163328 843603 84312 0 0 0 0
752524 127573 843603 84312 0 0 0 0
708607 145950 843603 84312 0 0 0 0
702559 128593 843603 84312 0 0 0 0
685089 121372 843603 84312 0 0 0 0
685089 121372 685089 121372 0 0 0 0
653067 172381 685089 121372 0 0 0 0
677369 200863 685089 121372 0 0 0 0
703518 174031 685089 121372 0 0 0 0
703518 174031 703518 174031 0 0 0 0
745957 186870 703518 174031 0 0 0 0
793516 204078 703518 174031 0 0 0 0
826688 200261 703518 174031 0 0 0 0
838416 205547 703518 174031 0 0 0 0
851008 206048 703518 174031 0 0 0 0
851008 206048 851008 206048 0 0 0 0
799799 282659 851008 206048 0 0 0 0
764897 294696 851008 206048 0 0 0 0
741780 275422 851008 206048 0 0 0 0
734047 254243 851008 206048 0 0 0 0
707174 256642 851008 206048 0 0 0 0
700216 258610 851008 206048 0 0 0 0
700216 258610 700216 258610 0 0 0 0
685966 234356 700216 258610 0 0 0 0
660059 252920 700216 258610 0 0 0 0
654814 262473 700216 258610 0 0 0 0
654814 262473 654814 262473 0 0 0 0
685143 365563 654814 262473 0 0 0 0
652319 374877 654814 262473 0 0 0 0
634390 315501 654814 262473 0 0 0 0
584764 318958 654814 262473 0 0 0 0
450298 185926 654814 262473 0 0 0 0
446043 177739 654814 262473 0 0 0 0
430541 168434 654814 262473 0 0 0 0
336986 322133 654814 262473 0 0 0 0
302072 360139 654814 262473 0 0 0 0
297380 353478 654814 262473 0 0 0 0
262818 370217 654814 262473 0 0 0 0
265708 382837 654814 262473 0 0 0 0
255950 397510 654814 262473 0 0 0 0
254071 398465 654814 262473 0 0 0 0
249437 386738 654814 262473 0 0 0 0
237406 382131 654814 262473 0 0 0 0
237406 382131 237406 382131 0 0 0 0
222287 423150 237406 382131 0 0 0 0
213997 420817 237406 382131 0 0 0 0
205371 417357 237406 382131 0 0 0 0
186652 416479 237406 382131 0 0 0 0
182116 425113 237406 382131 0 0 0 0
145036 455576 237406 382131 0 0 0 0
218073 505270 237406 382131 0 0 0 0
231906 472478 237406 382131 0 0 0 0
219397 458694 237406 382131 0 0 0 0
236928 456925 237406 382131 0 0 0 0
237115 455609 237406 382131 0 0 0 0
270208 460731 237406 382131 0 0 0 0
271308 451525 237406 382131 0 0 0 0
286123 453126 237406 382131 0 0 0 0
292809 420530 237406 382131 0 0 0 0
282296 418407 237406 382131 0 0 0 0
277791 400183 237406 382131 0 0 0 0
307364 412292 237406 382131 0 0 0 0
316669 415866 237406 382131 0 0 0 0
325437 430460 237406 382131 0 0 0 0
330572 451936 237406 382131 0 0 0 0
332609 446477 237406 382131 0 0 0 0
330983 409703 237406 382131 0 0 0 0
330983 409703 330983 409703 0 0 0 0
343037 376602 330983 409703 0 0 0 0
426206 327318 330983 409703 0 0 0 0
491550 374929 330983 409703 0 0 0 0
557049 375001 330983 409703 0 0 0 0
564643 403722 330983 409703 0 0 0 0
566364 404252 330983 409703 0 0 0 0
582914 418863 330983 409703 0 0 0 0
584120 441070 330983 409703 0 0 0 0
631726 451037 330983 409703 0 0 0 0
640504 526869 330983 409703 0 0 0 0
683921 473752 330983 409703 0 0 0 0
700277 485894 330983 409703 0 0 0 0
725346 523127 330983 409703 0 0 0 0
720973 567286 330983 409703 0 0 0 0
700198 626642 330983 409703 0 0 0 0
700198 626642 700198 626642 0 0 0 0
541461 681580 700198 626642 0 0 0 0
538830 706482 700198 626642 0 0 0 0
489632 714175 700198 626642 0 0 0 0
491678 728360 700198 626642 0 0 0 0
501523 763902 700198 626642 0 0 0 0
501995 768493 700198 626642 0 0 0 0
489270 776511 700198 626642 0 0 0 0
523334 795549 700198 626642 0 0 0 0
486166 815249 700198 626642 0 0 0 0
471124 796164 700198 626642 0 0 0 0
449723 763694 700198 626642 0 0 0 0
438467 775118 700198 626642 0 0 0 0
428457 754886 700198 626642 0 0 0 0
416864 704672 700198 626642 0 0 0 0
397916 769319 700198 626642 0 0 0 0
378154 789552 700198 626642 0 0 0 0
409949 786904 700198 626642 0 0 0 0
436640 811437 700198 626642 0 0 0 0
431222 813762 700198 626642 0 0 0 0
425033 816294 700198 626642 0 0 0 0
429858 823531 700198 626642 0 0 0 0
373883 847416 700198 626642 0 0 0 0
