652307 813378 683855 809420 0 0 0 0
635257 792886 683855 809420 0 0 0 0
619970 786591 683855 809420 0 0 0 0
600706 773239 683855 809420 0 0 0 0
592977 770422 683855 809420 0 0 0 0
634939 754831 683855 809420 0 0 0 0
605434 700645 683855 809420 0 0 0 0
544414 691500 683855 809420 0 0 0 0
447025 684476 683855 809420 0 0 0 0
447025 684476 447025 684476 0 0 0 0
355115 690455 447025 684476 0 0 0 0
344784 716104 447025 684476 0 0 0 0
297803 657157 447025 684476 0 0 0 0
287816 649699 447025 684476 0 0 0 0
251581 645140 447025 684476 0 0 0 0
249651 645260 447025 684476 0 0 0 0
255656 657045 447025 684476 0 0 0 0
279631 677392 447025 684476 0 0 0 0
276546 720344 447025 684476 0 0 0 0
275239 721981 447025 684476 0 0 0 0
235665 710488 447025 684476 0 0 0 0
211497 733846 447025 684476 0 0 0 0
158187 723560 447025 684476 0 0 0 0
198691 645122 447025 684476 0 0 0 0
128266 571446 447025 684476 0 0 0 0
192577 571377 447025 684476 0 0 0 0
194788 581229 447025 684476 0 0 0 0
204770 586679 447025 684476 0 0 0 0
222679 609068 447025 684476 0 0 0 0
259015 605770 447025 684476 0 0 0 0
317324 597281 447025 684476 0 0 0 0
323304 589714 447025 684476 0 0 0 0
350180 558601 447025 684476 0 0 0 0
295702 560111 447025 684476 0 0 0 0
283111 510117 447025 684476 0 0 0 0
253388 501566 447025 684476 0 0 0 0
166856 440514 447025 684476 0 0 0 0
157086 415459 447025 684476 0 0 0 0
139572 346121 447025 684476 0 0 0 0
174292 345364 447025 684476 0 0 0 0
210491 330293 447025 684476 0 0 0 0
266453 364496 447025 684476 0 0 0 0
244663 289328 447025 684476 0 0 0 0
225172 288691 447025 684476 0 0 0 0
248533 246019 447025 684476 0 0 0 0
296646 250864 447025 684476 0 0 0 0
280642 280820 447025 684476 0 0 0 0
300811 294319 447025 684476 0 0 0 0
307705 286771 447025 684476 0 0 0 0
347249 300790 447025 684476 0 0 0 0
347898 320895 447025 684476 0 0 0 0
327729 332188 447025 684476 0 0 0 0
315532 344782 447025 684476 0 0 0 0
327930 357857 447025 684476 0 0 0 0
345197 408310 447025 684476 0 0 0 0
332452 442679 447025 684476 0 0 0 0
372350 472632 447025 684476 0 0 0 0
384434 465051 447025 684476 0 0 0 0
447251 465999 447025 684476 0 0 0 0
500595 495390 447025 684476 0 0 0 0
535765 479087 447025 684476 0 0 0 0
548086 488734 447025 684476 0 0 0 0
554139 484968 447025 684476 0 0 0 0
583099 506739 447025 684476 0 0 0 0
586309 501133 447025 684476 0 0 0 0
634284 486987 447025 684476 0 0 0 0
638090 474251 447025 684476 0 0 0 0
670686 462804 447025 684476 0 0 0 0
635009 397224 447025 684476 0 0 0 0
628391 390856 447025 684476 0 0 0 0
606838 384457 447025 684476 0 0 0 0
580575 402889 447025 684476 0 0 0 0
584357 411405 447025 684476 0 0 0 0
597723 412912 447025 684476 0 0 0 0
606196 415530 447025 684476 0 0 0 0
602106 420401 447025 684476 0 0 0 0
587461 431868 447025 684476 0 0 0 0
592428 438031 447025 684476 0 0 0 0
579434 451793 447025 684476 0 0 0 0
557466 440546 447025 684476 0 0 0 0
542922 456046 447025 684476 0 0 0 0
516733 450294 447025 684476 0 0 0 0
528424 411637 447025 684476 0 0 0 0
530403 390427 447025 684476 0 0 0 0
525802 378143 447025 684476 0 0 0 0
577185 333483 447025 684476 0 0 0 0
530892 254984 447025 684476 0 0 0 0
513384 345865 447025 684476 0 0 0 0
494859 366165 447025 684476 0 0 0 0
456773 412778 447025 684476 0 0 0 0
458477 403463 447025 684476 0 0 0 0
443804 364380 447025 684476 0 0 0 0
443804 364380 443804 364380 0 0 0 0
399024 342598 443804 364380 0 0 0 0
399024 342598 399024 342598 0 0 0 0
379568 285965 399024 342598 0 0 0 0
377975 264520 399024 342598 0 0 0 0
371123 262020 399024 342598 0 0 0 0
369728 227015 399024 342598 0 0 0 0
369728 227015 369728 227015 0 0 0 0
285212 180625 369728 227015 0 0 0 0
248365 156053 369728 227015 0 0 0 0
162341 221104 369728 227015 0 0 0 0
