186728 192396 152359 190927 0 0 0 0
206354 259013 152359 190927 0 0 0 0
209506 261018 152359 190927 0 0 0 0
268618 221424 152359 190927 0 0 0 0
278038 234112 152359 190927 0 0 0 0
287776 227345 152359 190927 0 0 0 0
343770 176290 152359 190927 0 0 0 0
323850 254835 152359 190927 0 0 0 0
355549 294018 152359 190927 0 0 0 0
409022 312833 152359 190927 0 0 0 0
447774 313724 152359 190927 0 0 0 0
438850 339797 152359 190927 0 0 0 0
435625 339342 152359 190927 0 0 0 0
428653 334165 152359 190927 0 0 0 0
425908 331389 152359 190927 0 0 0 0
413138 334607 152359 190927 0 0 0 0
385039 351716 152359 190927 0 0 0 0
387331 371150 152359 190927 0 0 0 0
378957 384253 152359 190927 0 0 0 0
308226 399442 152359 190927 0 0 0 0
386940 398732 152359 190927 0 0 0 0
391152 414835 152359 190927 0 0 0 0
398728 422974 152359 190927 0 0 0 0
418896 418706 152359 190927 0 0 0 0
438325 374458 152359 190927 0 0 0 0
453466 354390 152359 190927 0 0 0 0
464499 355652 152359 190927 0 0 0 0
477928 343121 152359 190927 0 0 0 0
481989 360762 152359 190927 0 0 0 0
501132 369049 152359 190927 0 0 0 0
476346 378433 152359 190927 0 0 0 0
468778 380183 152359 190927 0 0 0 0
464542 399769 152359 190927 0 0 0 0
453185 401408 152359 190927 0 0 0 0
448904 408942 152359 190927 0 0 0 0
455924 410794 152359 190927 0 0 0 0
464372 440824 152359 190927 0 0 0 0
517114 446364 152359 190927 0 0 0 0
548744 382934 152359 190927 0 0 0 0
548744 382934 548744 382934 0 0 0 0
581312 393656 548744 382934 0 0 0 0
581312 393656 581312 393656 0 0 0 0
571317 377563 581312 393656 0 0 0 0
567337 357300 581312 393656 0 0 0 0
580840 305631 581312 393656 0 0 0 0
581795 294538 581312 393656 0 0 0 0
559151 277452 581312 393656 0 0 0 0
559151 277452 559151 277452 0 0 0 0
605918 226000 559151 277452 0 0 0 0
724576 275982 559151 277452 0 0 0 0
741248 298349 559151 277452 0 0 0 0
792512 285633 559151 277452 0 0 0 0
836473 334662 559151 277452 0 0 0 0
835869 354522 559151 277452 0 0 0 0
837907 371653 559151 277452 0 0 0 0
812587 392840 559151 277452 0 0 0 0
830442 393317 559151 277452 0 0 0 0
859719 385544 559151 277452 0 0 0 0
878039 434827 559151 277452 0 0 0 0
827857 425126 559151 277452 0 0 0 0
746626 462609 559151 277452 0 0 0 0
759526 416996 559151 277452 0 0 0 0
763778 373078 559151 277452 0 0 0 0
745898 369054 559151 277452 0 0 0 0
746719 342992 559151 277452 0 0 0 0
663966 385286 559151 277452 0 0 0 0
666847 420941 559151 277452 0 0 0 0
639977 438024 559151 277452 0 0 0 0
614421 463642 559151 277452 0 0 0 0
614421 463642 614421 463642 0 0 0 0
602200 461148 614421 463642 0 0 0 0
555203 585235 614421 463642 0 0 0 0
614168 617601 614421 463642 0 0 0 0
656479 688137 614421 463642 0 0 0 0
623136 695617 614421 463642 0 0 0 0
595535 749741 614421 463642 0 0 0 0
583600 737495 614421 463642 0 0 0 0
523186 701483 614421 463642 0 0 0 0
523186 701483 523186 701483 0 0 0 0
526002 664111 523186 701483 0 0 0 0
504651 625712 523186 701483 0 0 0 0
465439 723572 523186 701483 0 0 0 0
450648 718355 523186 701483 0 0 0 0
416051 672275 523186 701483 0 0 0 0
378466 732549 523186 701483 0 0 0 0
364243 764325 523186 701483 0 0 0 0
295622 790625 523186 701483 0 0 0 0
326827 793176 523186 701483 0 0 0 0
402010 834708 523186 701483 0 0 0 0
414305 807931 523186 701483 0 0 0 0
409119 786811 523186 701483 0 0 0 0
436208 773631 523186 701483 0 0 0 0
475481 817290 523186 701483 0 0 0 0
427292 843832 523186 701483 0 0 0 0
449392 894108 523186 701483 0 0 0 0
527633 871297 523186 701483 0 0 0 0
527395 816887 523186 701483 0 0 0 0
525786 785309 523186 701483 0 0 0 0
507130 770079 523186 701483 0 0 0 0
505386 742382 523186 701483 0 0 0 0
528665 744170 523186 701483 0 0 0 0
570694 779673 523186 701483 0 0 0 0
587350 795408 523186 701483 0 0 0 0
628922 822510 523186 701483 0 0 0 0
