393505 830322 376800 853234 0 0 0 0
283996 787155 376800 853234 0 0 0 0
283996 787155 283996 787155 0 0 0 0
355381 770464 283996 787155 0 0 0 0
372517 763685 283996 787155 0 0 0 0
372517 763685 372517 763685 0 0 0 0
399029 798518 372517 763685 0 0 0 0
470217 782632 372517 763685 0 0 0 0
448183 743126 372517 763685 0 0 0 0
459285 723080 372517 763685 0 0 0 0
395601 726246 372517 763685 0 0 0 0
391800 717759 372517 763685 0 0 0 0
408014 613185 372517 763685 0 0 0 0
364750 506345 372517 763685 0 0 0 0
344327 484948 372517 763685 0 0 0 0
322036 502368 372517 763685 0 0 0 0
310067 490694 372517 763685 0 0 0 0
214060 431899 372517 763685 0 0 0 0
243624 352650 372517 763685 0 0 0 0
228553 307291 372517 763685 0 0 0 0
248213 278072 372517 763685 0 0 0 0
231892 263576 372517 763685 0 0 0 0
309079 191272 372517 763685 0 0 0 0
288936 300847 372517 763685 0 0 0 0
308705 320146 372517 763685 0 0 0 0
316969 361096 372517 763685 0 0 0 0
331055 418483 372517 763685 0 0 0 0
368736 439142 372517 763685 0 0 0 0
377854 426221 372517 763685 0 0 0 0
377854 426221 377854 426221 0 0 0 0
492640 448156 377854 426221 0 0 0 0
577981 416536 377854 426221 0 0 0 0
609042 415030 377854 426221 0 0 0 0
609042 415030 609042 415030 0 0 0 0
618449 428136 609042 415030 0 0 0 0
644887 468817 609042 415030 0 0 0 0
626346 463528 609042 415030 0 0 0 0
626346 463528 626346 463528 0 0 0 0
607698 466485 626346 463528 0 0 0 0
591990 479641 626346 463528 0 0 0 0
591990 479641 591990 479641 0 0 0 0
597507 500781 591990 479641 0 0 0 0
587062 556835 591990 479641 0 0 0 0
589363 613475 591990 479641 0 0 0 0
623392 620386 591990 479641 0 0 0 0
623392 620386 623392 620386 0 0 0 0
656729 622066 623392 620386 0 0 0 0
646682 652476 623392 620386 0 0 0 0
682625 670265 623392 620386 0 0 0 0
688682 766732 623392 620386 0 0 0 0
689329 764713 623392 620386 0 0 0 0
699325 683144 623392 620386 0 0 0 0
706658 637614 623392 620386 0 0 0 0
725160 623870 623392 620386 0 0 0 0
736517 596042 623392 620386 0 0 0 0
679476 606372 623392 620386 0 0 0 0
660659 587002 623392 620386 0 0 0 0
638195 559236 623392 620386 0 0 0 0
676924 510373 623392 620386 0 0 0 0
709660 525717 623392 620386 0 0 0 0
738377 486824 623392 620386 0 0 0 0
751033 456529 623392 620386 0 0 0 0
740602 408866 623392 620386 0 0 0 0
758179 427719 623392 620386 0 0 0 0
784884 441835 623392 620386 0 0 0 0
783520 432514 623392 620386 0 0 0 0
796133 404831 623392 620386 0 0 0 0
808410 369253 623392 620386 0 0 0 0
832172 367243 623392 620386 0 0 0 0
814876 327478 623392 620386 0 0 0 0
808813 324096 623392 620386 0 0 0 0
778659 359579 623392 620386 0 0 0 0
763956 378967 623392 620386 0 0 0 0
754020 374244 623392 620386 0 0 0 0
754020 374244 754020 374244 0 0 0 0
736838 362493 754020 374244 0 0 0 0
723908 376542 754020 374244 0 0 0 0
717205 387332 754020 374244 0 0 0 0
688851 428290 754020 374244 0 0 0 0
675012 441577 754020 374244 0 0 0 0
655896 450584 754020 374244 0 0 0 0
650326 445656 754020 374244 0 0 0 0
635150 410667 754020 374244 0 0 0 0
635150 410667 635150 410667 0 0 0 0
624285 394732 635150 410667 0 0 0 0
615387 371231 635150 410667 0 0 0 0
629302 358569 635150 410667 0 0 0 0
629302 358569 629302 358569 0 0 0 0
571908 314552 629302 358569 0 0 0 0
571908 314552 571908 314552 0 0 0 0
572205 329223 571908 314552 0 0 0 0
526833 368847 571908 314552 0 0 0 0
517513 317791 571908 314552 0 0 0 0
513908 259851 571908 314552 0 0 0 0
523423 241275 571908 314552 0 0 0 0
541880 253198 571908 314552 0 0 0 0
555930 185460 571908 314552 0 0 0 0
538430 143592 571908 314552 0 0 0 0
656226 215413 571908 314552 0 0 0 0
636885 215636 571908 314552 0 0 0 0
591809 242668 571908 314552 0 0 0 0
593764 258262 571908 314552 0 0 0 0
611502 288414 571908 314552 0 0 0 0
651201 275204 571908 314552 0 0 0 0
654684 272895 571908 314552 0 0 0 0
654215 333809 571908 314552 0 0 0 0
674457 325376 571908 314552 0 0 0 0
729391 270204 571908 314552 0 0 0 0
708360 182421 571908 314552 0 0 0 0
655903 145345 571908 314552 0 0 0 0
