753596 740247 847724 818112 0 0 0 0
696466 727058 847724 818112 0 0 0 0
696466 727058 696466 727058 0 0 0 0
673076 787911 696466 727058 0 0 0 0
571944 726727 696466 727058 0 0 0 0
581576 715412 696466 727058 0 0 0 0
599655 716750 696466 727058 0 0 0 0
624632 706209 696466 727058 0 0 0 0
638284 700943 696466 727058 0 0 0 0
662826 693106 696466 727058 0 0 0 0
703216 655976 696466 727058 0 0 0 0
721684 601041 696466 727058 0 0 0 0
637281 540268 696466 727058 0 0 0 0
639672 576579 696466 727058 0 0 0 0
652509 592990 696466 727058 0 0 0 0
655279 621607 696466 727058 0 0 0 0
650439 662490 696466 727058 0 0 0 0
650439 662490 650439 662490 0 0 0 0
638655 674465 650439 662490 0 0 0 0
623900 660581 650439 662490 0 0 0 0
608449 675322 650439 662490 0 0 0 0
604211 662958 650439 662490 0 0 0 0
595600 642281 650439 662490 0 0 0 0
577994 655423 650439 662490 0 0 0 0
526847 655468 650439 662490 0 0 0 0
410651 666493 650439 662490 0 0 0 0
410651 666493 410651 666493 0 0 0 0
441104 733382 410651 666493 0 0 0 0
441104 733382 441104 733382 0 0 0 0
456093 819946 441104 733382 0 0 0 0
481385 846548 441104 733382 0 0 0 0
475138 867181 441104 733382 0 0 0 0
413734 858249 441104 733382 0 0 0 0
407714 840836 441104 733382 0 0 0 0
409725 834794 441104 733382 0 0 0 0
377206 790459 441104 733382 0 0 0 0
377206 790459 377206 790459 0 0 0 0
366152 768315 377206 790459 0 0 0 0
320371 759546 377206 790459 0 0 0 0
305858 745240 377206 790459 0 0 0 0
305858 745240 305858 745240 0 0 0 0
297455 713549 305858 745240 0 0 0 0
247748 710901 305858 745240 0 0 0 0
247748 710901 247748 710901 0 0 0 0
284355 747236 247748 710901 0 0 0 0
310956 818425 247748 710901 0 0 0 0
310956 818425 310956 818425 0 0 0 0
274614 807572 310956 818425 0 0 0 0
210638 786795 310956 818425 0 0 0 0
168399 728498 310956 818425 0 0 0 0
168399 728498 168399 728498 0 0 0 0
160178 604813 168399 728498 0 0 0 0
232376 641014 168399 728498 0 0 0 0
266773 644118 168399 728498 0 0 0 0
280123 629271 168399 728498 0 0 0 0
282909 614653 168399 728498 0 0 0 0
314598 646067 168399 728498 0 0 0 0
324595 669478 168399 728498 0 0 0 0
340537 593504 168399 728498 0 0 0 0
290723 380650 168399 728498 0 0 0 0
292358 282499 168399 728498 0 0 0 0
283378 271695 168399 728498 0 0 0 0
314540 275820 168399 728498 0 0 0 0
349667 261435 168399 728498 0 0 0 0
372958 260629 168399 728498 0 0 0 0
374338 272477 168399 728498 0 0 0 0
374338 272477 374338 272477 0 0 0 0
409222 279704 374338 272477 0 0 0 0
436186 273994 374338 272477 0 0 0 0
436186 273994 436186 273994 0 0 0 0
458498 295326 436186 273994 0 0 0 0
458498 295326 458498 295326 0 0 0 0
466666 297274 458498 295326 0 0 0 0
469969 302956 458498 295326 0 0 0 0
469969 302956 469969 302956 0 0 0 0
489193 286344 469969 302956 0 0 0 0
498588 305902 469969 302956 0 0 0 0
498588 305902 498588 305902 0 0 0 0
511076 322204 498588 305902 0 0 0 0
532373 332495 498588 305902 0 0 0 0
560980 320217 498588 305902 0 0 0 0
641404 349116 498588 305902 0 0 0 0
651286 350691 498588 305902 0 0 0 0
590284 300658 498588 305902 0 0 0 0
555237 259673 498588 305902 0 0 0 0
537930 244852 498588 305902 0 0 0 0
535946 200956 498588 305902 0 0 0 0
526543 146516 498588 305902 0 0 0 0
526543 146516 526543 146516 0 0 0 0
480375 168595 526543 146516 0 0 0 0
484854 229961 526543 146516 0 0 0 0
466268 264705 526543 146516 0 0 0 0
466268 264705 466268 264705 0 0 0 0
394560 244588 466268 264705 0 0 0 0
394560 244588 394560 244588 0 0 0 0
389452 212866 394560 244588 0 0 0 0
368110 224008 394560 244588 0 0 0 0
351851 229090 394560 244588 0 0 0 0
319427 237152 394560 244588 0 0 0 0
297415 169366 394560 244588 0 0 0 0
287717 156400 394560 244588 0 0 0 0
238652 162566 394560 244588 0 0 0 0
227402 189030 394560 244588 0 0 0 0
254167 203072 394560 244588 0 0 0 0
270012 212633 394560 244588 0 0 0 0
243310 224027 394560 244588 0 0 0 0
203001 251317 394560 244588 0 0 0 0
251505 263149 394560 244588 0 0 0 0
247004 289075 394560 244588 0 0 0 0
251156 295534 394560 244588 0 0 0 0
246268 307225 394560 244588 0 0 0 0
220263 339095 394560 244588 0 0 0 0
183838 345832 394560 244588 0 0 0 0
146036 324003 394560 244588 0 0 0 0
117830 248033 394560 244588 0 0 0 0
128074 229787 394560 244588 0 0 0 0
