664279 163143 687335 120087 0 0 0 0
624166 193269 687335 120087 0 0 0 0
617872 218068 687335 120087 0 0 0 0
553884 225547 687335 120087 0 0 0 0
511126 200131 687335 120087 0 0 0 0
511228 286260 687335 120087 0 0 0 0
493510 334560 687335 120087 0 0 0 0
418850 374620 687335 120087 0 0 0 0
393291 336003 687335 120087 0 0 0 0
365378 353398 687335 120087 0 0 0 0
260215 413601 687335 120087 0 0 0 0
376580 523958 687335 120087 0 0 0 0
413132 427370 687335 120087 0 0 0 0
430766 464127 687335 120087 0 0 0 0
473521 461207 687335 120087 0 0 0 0
492531 408349 687335 120087 0 0 0 0
547918 414945 687335 120087 0 0 0 0
541395 345916 687335 120087 0 0 0 0
564846 323545 687335 120087 0 0 0 0
568787 276969 687335 120087 0 0 0 0
651463 301778 687335 120087 0 0 0 0
662580 261315 687335 120087 0 0 0 0
694468 271086 687335 120087 0 0 0 0
691780 227688 687335 120087 0 0 0 0
690045 217263 687335 120087 0 0 0 0
678336 219577 687335 120087 0 0 0 0
694415 196334 687335 120087 0 0 0 0
762844 188946 687335 120087 0 0 0 0
742034 265679 687335 120087 0 0 0 0
801676 302446 687335 120087 0 0 0 0
791992 367575 687335 120087 0 0 0 0
821287 389685 687335 120087 0 0 0 0
805735 401513 687335 120087 0 0 0 0
825880 441935 687335 120087 0 0 0 0
844068 480273 687335 120087 0 0 0 0
841620 555043 687335 120087 0 0 0 0
772388 534247 687335 120087 0 0 0 0
759205 565542 687335 120087 0 0 0 0
736037 544399 687335 120087 0 0 0 0
750469 524795 687335 120087 0 0 0 0
731081 513562 687335 120087 0 0 0 0
732831 494278 687335 120087 0 0 0 0
729810 478532 687335 120087 0 0 0 0
739910 474899 687335 120087 0 0 0 0
759666 499353 687335 120087 0 0 0 0
758484 489815 687335 120087 0 0 0 0
778399 456051 687335 120087 0 0 0 0
771983 429432 687335 120087 0 0 0 0
742999 413224 687335 120087 0 0 0 0
740673 411657 687335 120087 0 0 0 0
725434 366418 687335 120087 0 0 0 0
724086 358901 687335 120087 0 0 0 0
737121 366224 687335 120087 0 0 0 0
743465 361315 687335 120087 0 0 0 0
733376 331840 687335 120087 0 0 0 0
709155 348158 687335 120087 0 0 0 0
676707 370352 687335 120087 0 0 0 0
676707 370352 676707 370352 0 0 0 0
692281 401710 676707 370352 0 0 0 0
707022 443059 676707 370352 0 0 0 0
655680 478475 676707 370352 0 0 0 0
627134 487665 676707 370352 0 0 0 0
685335 535074 676707 370352 0 0 0 0
677423 556806 676707 370352 0 0 0 0
677423 556806 677423 556806 0 0 0 0
718133 654235 677423 556806 0 0 0 0
727996 704933 677423 556806 0 0 0 0
684884 707990 677423 556806 0 0 0 0
674487 697126 677423 556806 0 0 0 0
674487 697126 674487 697126 0 0 0 0
667093 683318 674487 697126 0 0 0 0
665784 720479 674487 697126 0 0 0 0
690039 729504 674487 697126 0 0 0 0
701347 780185 674487 697126 0 0 0 0
649026 793594 674487 697126 0 0 0 0
523158 738109 674487 697126 0 0 0 0
524593 627983 674487 697126 0 0 0 0
455989 615654 674487 697126 0 0 0 0
455989 615654 455989 615654 0 0 0 0
438540 764983 455989 615654 0 0 0 0
420428 781430 455989 615654 0 0 0 0
396145 794694 455989 615654 0 0 0 0
368272 803967 455989 615654 0 0 0 0
368272 803967 368272 803967 0 0 0 0
347027 787660 368272 803967 0 0 0 0
332920 788157 368272 803967 0 0 0 0
341964 806901 368272 803967 0 0 0 0
322672 835244 368272 803967 0 0 0 0
320151 837336 368272 803967 0 0 0 0
281852 804530 368272 803967 0 0 0 0
298609 767042 368272 803967 0 0 0 0
286076 756276 368272 803967 0 0 0 0
298168 749271 368272 803967 0 0 0 0
290009 725956 368272 803967 0 0 0 0
315420 715374 368272 803967 0 0 0 0
285364 670122 368272 803967 0 0 0 0
253016 674454 368272 803967 0 0 0 0
271094 704106 368272 803967 0 0 0 0
269987 733214 368272 803967 0 0 0 0
231821 727397 368272 803967 0 0 0 0
216483 731423 368272 803967 0 0 0 0
245044 745972 368272 803967 0 0 0 0
264011 769876 368272 803967 0 0 0 0
249747 797975 368272 803967 0 0 0 0
