681441 266165 742656 208111 0 0 0 0
676146 282263 742656 208111 0 0 0 0
693763 308400 742656 208111 0 0 0 0
703738 310537 742656 208111 0 0 0 0
742185 300857 742656 208111 0 0 0 0
741701 351141 742656 208111 0 0 0 0
738758 420398 742656 208111 0 0 0 0
805114 434409 742656 208111 0 0 0 0
779208 459661 742656 208111 0 0 0 0
779318 484729 742656 208111 0 0 0 0
784304 489567 742656 208111 0 0 0 0
796703 523766 742656 208111 0 0 0 0
855721 554247 742656 208111 0 0 0 0
842818 572696 742656 208111 0 0 0 0
885309 617776 742656 208111 0 0 0 0
881777 645679 742656 208111 0 0 0 0
860797 666127 742656 208111 0 0 0 0
797251 580340 742656 208111 0 0 0 0
787038 584116 742656 208111 0 0 0 0
774640 536501 742656 208111 0 0 0 0
753515 540391 742656 208111 0 0 0 0
737964 499173 742656 208111 0 0 0 0
737964 499173 737964 499173 0 0 0 0
651278 449134 737964 499173 0 0 0 0
651278 449134 651278 449134 0 0 0 0
644274 426222 651278 449134 0 0 0 0
609010 421844 651278 449134 0 0 0 0
604034 409489 651278 449134 0 0 0 0
608416 351148 651278 449134 0 0 0 0
641480 357519 651278 449134 0 0 0 0
640741 345789 651278 449134 0 0 0 0
634233 337301 651278 449134 0 0 0 0
658116 333143 651278 449134 0 0 0 0
662623 333554 651278 449134 0 0 0 0
675710 339636 651278 449134 0 0 0 0
669927 346863 651278 449134 0 0 0 0
682721 359540 651278 449134 0 0 0 0
699193 356236 651278 449134 0 0 0 0
711088 362224 651278 449134 0 0 0 0
704701 331107 651278 449134 0 0 0 0
679356 318192 651278 449134 0 0 0 0
663279 308955 651278 449134 0 0 0 0
640294 301709 651278 449134 0 0 0 0
612407 276802 651278 449134 0 0 0 0
612407 276802 612407 276802 0 0 0 0
509452 225464 612407 276802 0 0 0 0
509452 225464 509452 225464 0 0 0 0
513104 303752 509452 225464 0 0 0 0
513104 303752 513104 303752 0 0 0 0
556086 353615 513104 303752 0 0 0 0
553039 355055 513104 303752 0 0 0 0
553039 355055 553039 355055 0 0 0 0
443386 390748 553039 355055 0 0 0 0
407677 400086 553039 355055 0 0 0 0
386267 375441 553039 355055 0 0 0 0
338233 383129 553039 355055 0 0 0 0
338233 383129 338233 383129 0 0 0 0
331122 407067 338233 383129 0 0 0 0
330074 410256 338233 383129 0 0 0 0
315319 422612 338233 383129 0 0 0 0
315319 422612 315319 422612 0 0 0 0
326667 438908 315319 422612 0 0 0 0
328925 440087 315319 422612 0 0 0 0
343038 437115 315319 422612 0 0 0 0
361244 441910 315319 422612 0 0 0 0
372700 450683 315319 422612 0 0 0 0
372700 450683 372700 450683 0 0 0 0
360527 478087 372700 450683 0 0 0 0
355843 481049 372700 450683 0 0 0 0
355843 481049 355843 481049 0 0 0 0
345498 480900 355843 481049 0 0 0 0
334864 458031 355843 481049 0 0 0 0
334864 458031 334864 458031 0 0 0 0
294391 473728 334864 458031 0 0 0 0
209657 488359 334864 458031 0 0 0 0
251161 495663 334864 458031 0 0 0 0
251161 495663 251161 495663 0 0 0 0
277101 494213 251161 495663 0 0 0 0
314063 483025 251161 495663 0 0 0 0
328873 495107 251161 495663 0 0 0 0
330714 507289 251161 495663 0 0 0 0
355153 510974 251161 495663 0 0 0 0
360114 511002 251161 495663 0 0 0 0
389763 512767 251161 495663 0 0 0 0
435987 499420 251161 495663 0 0 0 0
435987 499420 435987 499420 0 0 0 0
383800 528756 435987 499420 0 0 0 0
359059 542608 435987 499420 0 0 0 0
356743 543412 435987 499420 0 0 0 0
344503 539947 435987 499420 0 0 0 0
344503 539947 344503 539947 0 0 0 0
334731 527796 344503 539947 0 0 0 0
329700 545491 344503 539947 0 0 0 0
335017 555993 344503 539947 0 0 0 0
315185 583568 344503 539947 0 0 0 0
315185 583568 315185 583568 0 0 0 0
359772 628797 315185 583568 0 0 0 0
382065 698169 315185 583568 0 0 0 0
382065 698169 382065 698169 0 0 0 0
376413 760387 382065 698169 0 0 0 0
330614 766797 382065 698169 0 0 0 0
307525 766466 382065 698169 0 0 0 0
301297 755684 382065 698169 0 0 0 0
286103 694964 382065 698169 0 0 0 0
314300 682506 382065 698169 0 0 0 0
315722 673151 382065 698169 0 0 0 0
315722 673151 315722 673151 0 0 0 0
296414 643927 315722 673151 0 0 0 0
207784 642488 315722 673151 0 0 0 0
220290 655590 315722 673151 0 0 0 0
244332 708320 315722 673151 0 0 0 0
221428 742374 315722 673151 0 0 0 0
235010 753309 315722 673151 0 0 0 0
239974 763484 315722 673151 0 0 0 0
216334 799899 315722 673151 0 0 0 0
177271 767426 315722 673151 0 0 0 0
