731969 241353 759036 241258 0 0 0 0
717359 240861 759036 241258 0 0 0 0
701394 247988 759036 241258 0 0 0 0
700299 257368 759036 241258 0 0 0 0
700299 257368 700299 257368 0 0 0 0
748178 274831 700299 257368 0 0 0 0
767346 292764 700299 257368 0 0 0 0
757474 306989 700299 257368 0 0 0 0
757474 306989 757474 306989 0 0 0 0
749345 322491 757474 306989 0 0 0 0
738517 334218 757474 306989 0 0 0 0
734677 321509 757474 306989 0 0 0 0
650073 308878 757474 306989 0 0 0 0
599530 376154 757474 306989 0 0 0 0
599530 376154 599530 376154 0 0 0 0
579622 402659 599530 376154 0 0 0 0
556046 443030 599530 376154 0 0 0 0
553625 460364 599530 376154 0 0 0 0
572438 480974 599530 376154 0 0 0 0
598481 463299 599530 376154 0 0 0 0
598481 463299 598481 463299 0 0 0 0
628305 471956 598481 463299 0 0 0 0
636232 451489 598481 463299 0 0 0 0
631580 451515 598481 463299 0 0 0 0
627290 439467 598481 463299 0 0 0 0
620436 423150 598481 463299 0 0 0 0
655611 433690 598481 463299 0 0 0 0
675817 468080 598481 463299 0 0 0 0
663307 488314 598481 463299 0 0 0 0
657209 497174 598481 463299 0 0 0 0
706902 517413 598481 463299 0 0 0 0
608272 577787 598481 463299 0 0 0 0
618685 631936 598481 463299 0 0 0 0
685890 718256 598481 463299 0 0 0 0
638621 730453 598481 463299 0 0 0 0
616584 719399 598481 463299 0 0 0 0
605905 721090 598481 463299 0 0 0 0
609301 726796 598481 463299 0 0 0 0
590433 744075 598481 463299 0 0 0 0
568963 745925 598481 463299 0 0 0 0
549283 748041 598481 463299 0 0 0 0
552466 733595 598481 463299 0 0 0 0
554766 730855 598481 463299 0 0 0 0
554766 730855 554766 730855 0 0 0 0
538732 732373 554766 730855 0 0 0 0
536482 717725 554766 730855 0 0 0 0
534950 706011 554766 730855 0 0 0 0
532381 701894 554766 730855 0 0 0 0
511909 714619 554766 730855 0 0 0 0
523762 741133 554766 730855 0 0 0 0
501527 731429 554766 730855 0 0 0 0
487346 722489 554766 730855 0 0 0 0
487346 722489 487346 722489 0 0 0 0
479873 716648 487346 722489 0 0 0 0
479873 716648 479873 716648 0 0 0 0
458041 752072 479873 716648 0 0 0 0
458041 752072 458041 752072 0 0 0 0
432471 703819 458041 752072 0 0 0 0
419964 701139 458041 752072 0 0 0 0
419964 701139 419964 701139 0 0 0 0
377635 658097 419964 701139 0 0 0 0
383951 646368 419964 701139 0 0 0 0
417713 610735 419964 701139 0 0 0 0
420284 597280 419964 701139 0 0 0 0
389137 576006 419964 701139 0 0 0 0
429600 548010 419964 701139 0 0 0 0
446652 576321 419964 701139 0 0 0 0
468554 587988 419964 701139 0 0 0 0
458094 617914 419964 701139 0 0 0 0
462551 641065 419964 701139 0 0 0 0
452050 652743 419964 701139 0 0 0 0
452050 652743 452050 652743 0 0 0 0
465204 678893 452050 652743 0 0 0 0
480238 677150 452050 652743 0 0 0 0
478904 666102 452050 652743 0 0 0 0
498995 672240 452050 652743 0 0 0 0
533306 679743 452050 652743 0 0 0 0
550586 677110 452050 652743 0 0 0 0
547142 684490 452050 652743 0 0 0 0
551309 699288 452050 652743 0 0 0 0
557641 706565 452050 652743 0 0 0 0
569456 719768 452050 652743 0 0 0 0
575453 710520 452050 652743 0 0 0 0
582246 708620 452050 652743 0 0 0 0
569173 691566 452050 652743 0 0 0 0
569173 691566 569173 691566 0 0 0 0
583171 676798 569173 691566 0 0 0 0
573369 647155 569173 691566 0 0 0 0
575097 643472 569173 691566 0 0 0 0
563314 642723 569173 691566 0 0 0 0
526812 630755 569173 691566 0 0 0 0
493969 630170 569173 691566 0 0 0 0
509870 580843 569173 691566 0 0 0 0
497065 543093 569173 691566 0 0 0 0
527854 504994 569173 691566 0 0 0 0
481195 490494 569173 691566 0 0 0 0
436790 514729 569173 691566 0 0 0 0
409616 516821 569173 691566 0 0 0 0
383790 377163 569173 691566 0 0 0 0
311022 279225 569173 691566 0 0 0 0
305163 235056 569173 691566 0 0 0 0
283350 279249 569173 691566 0 0 0 0
279620 359019 569173 691566 0 0 0 0
279620 359019 279620 359019 0 0 0 0
282536 592998 279620 359019 0 0 0 0
282536 592998 282536 592998 0 0 0 0
301728 628009 282536 592998 0 0 0 0
300824 675153 282536 592998 0 0 0 0
337315 685532 282536 592998 0 0 0 0
360921 681770 282536 592998 0 0 0 0
352960 710944 282536 592998 0 0 0 0
332643 728883 282536 592998 0 0 0 0
