697668 308529 687527 274760 0 0 0 0
658635 391225 687527 274760 0 0 0 0
675685 457556 687527 274760 0 0 0 0
617506 478047 687527 274760 0 0 0 0
617506 478047 617506 478047 0 0 0 0
601437 421835 617506 478047 0 0 0 0
586421 333444 617506 478047 0 0 0 0
550245 279748 617506 478047 0 0 0 0
550245 279748 550245 279748 0 0 0 0
549841 216242 550245 279748 0 0 0 0
549841 216242 549841 216242 0 0 0 0
516292 242259 549841 216242 0 0 0 0
473216 245014 549841 216242 0 0 0 0
483198 178075 549841 216242 0 0 0 0
483198 178075 483198 178075 0 0 0 0
343345 189023 483198 178075 0 0 0 0
343345 189023 343345 189023 0 0 0 0
401756 233689 343345 189023 0 0 0 0
415136 333700 343345 189023 0 0 0 0
260660 377123 343345 189023 0 0 0 0
161354 395055 343345 189023 0 0 0 0
160779 412544 343345 189023 0 0 0 0
213640 436936 343345 189023 0 0 0 0
217722 455482 343345 189023 0 0 0 0
217722 455482 217722 455482 0 0 0 0
261282 483852 217722 455482 0 0 0 0
261282 483852 261282 483852 0 0 0 0
274662 457142 261282 483852 0 0 0 0
303098 438988 261282 483852 0 0 0 0
302295 440011 261282 483852 0 0 0 0
321226 446716 261282 483852 0 0 0 0
348326 479189 261282 483852 0 0 0 0
340865 502637 261282 483852 0 0 0 0
315519 511823 261282 483852 0 0 0 0
363642 521225 261282 483852 0 0 0 0
357377 542623 261282 483852 0 0 0 0
344168 550435 261282 483852 0 0 0 0
354241 551082 261282 483852 0 0 0 0
379495 575239 261282 483852 0 0 0 0
353665 573975 261282 483852 0 0 0 0
346175 579247 261282 483852 0 0 0 0
344785 593706 261282 483852 0 0 0 0
313588 566115 261282 483852 0 0 0 0
299243 540742 261282 483852 0 0 0 0
244023 527865 261282 483852 0 0 0 0
255136 611421 261282 483852 0 0 0 0
304339 651311 261282 483852 0 0 0 0
304907 628836 261282 483852 0 0 0 0
312217 624779 261282 483852 0 0 0 0
335170 637239 261282 483852 0 0 0 0
338839 677162 261282 483852 0 0 0 0
338555 697629 261282 483852 0 0 0 0
363863 674642 261282 483852 0 0 0 0
369424 669965 261282 483852 0 0 0 0
390030 640386 261282 483852 0 0 0 0
395384 638362 261282 483852 0 0 0 0
408277 629702 261282 483852 0 0 0 0
431373 599194 261282 483852 0 0 0 0
441233 511035 261282 483852 0 0 0 0
460719 526124 261282 483852 0 0 0 0
455124 591576 261282 483852 0 0 0 0
476724 608801 261282 483852 0 0 0 0
476846 622087 261282 483852 0 0 0 0
518490 608567 261282 483852 0 0 0 0
519877 596270 261282 483852 0 0 0 0
542070 581242 261282 483852 0 0 0 0
550075 591638 261282 483852 0 0 0 0
583552 603097 261282 483852 0 0 0 0
585815 605634 261282 483852 0 0 0 0
593641 587802 261282 483852 0 0 0 0
611110 577835 261282 483852 0 0 0 0
619794 615141 261282 483852 0 0 0 0
636108 591929 261282 483852 0 0 0 0
640528 584762 261282 483852 0 0 0 0
654259 547870 261282 483852 0 0 0 0
707288 555900 261282 483852 0 0 0 0
679382 637093 261282 483852 0 0 0 0
711296 650820 261282 483852 0 0 0 0
647039 740077 261282 483852 0 0 0 0
640398 683959 261282 483852 0 0 0 0
601014 672034 261282 483852 0 0 0 0
530136 651723 261282 483852 0 0 0 0
486408 695560 261282 483852 0 0 0 0
478458 683337 261282 483852 0 0 0 0
456427 641012 261282 483852 0 0 0 0
455453 636773 261282 483852 0 0 0 0
448140 639529 261282 483852 0 0 0 0
426753 636601 261282 483852 0 0 0 0
422608 653185 261282 483852 0 0 0 0
424639 662778 261282 483852 0 0 0 0
429605 688786 261282 483852 0 0 0 0
418782 675640 261282 483852 0 0 0 0
413198 678128 261282 483852 0 0 0 0
412169 672046 261282 483852 0 0 0 0
396199 673441 261282 483852 0 0 0 0
396264 700840 261282 483852 0 0 0 0
379762 698160 261282 483852 0 0 0 0
383224 712499 261282 483852 0 0 0 0
378772 715983 261282 483852 0 0 0 0
353802 730133 261282 483852 0 0 0 0
352009 756698 261282 483852 0 0 0 0
348257 771630 261282 483852 0 0 0 0
325140 768953 261282 483852 0 0 0 0
324168 784467 261282 483852 0 0 0 0
303690 780570 261282 483852 0 0 0 0
300632 802003 261282 483852 0 0 0 0
