407983 164862 372959 111914 0 0 0 0
446701 169836 372959 111914 0 0 0 0
469496 169211 372959 111914 0 0 0 0
518975 172425 372959 111914 0 0 0 0
550922 194591 372959 111914 0 0 0 0
556415 170424 372959 111914 0 0 0 0
542306 138555 372959 111914 0 0 0 0
493982 112523 372959 111914 0 0 0 0
522116 90958 372959 111914 0 0 0 0
614347 103751 372959 111914 0 0 0 0
690870 116134 372959 111914 0 0 0 0
689264 140802 372959 111914 0 0 0 0
689264 140802 689264 140802 0 0 0 0
655854 210367 689264 140802 0 0 0 0
619088 267345 689264 140802 0 0 0 0
619088 267345 619088 267345 0 0 0 0
602620 230561 619088 267345 0 0 0 0
592800 225216 619088 267345 0 0 0 0
579233 238667 619088 267345 0 0 0 0
552656 242838 619088 267345 0 0 0 0
538788 243181 619088 267345 0 0 0 0
538788 243181 538788 243181 0 0 0 0
538986 219990 538788 243181 0 0 0 0
510395 249335 538788 243181 0 0 0 0
517798 256441 538788 243181 0 0 0 0
525963 282676 538788 243181 0 0 0 0
498558 289302 538788 243181 0 0 0 0
466227 292993 538788 243181 0 0 0 0
485870 228746 538788 243181 0 0 0 0
437325 201102 538788 243181 0 0 0 0
395300 206490 538788 243181 0 0 0 0
395300 206490 395300 206490 0 0 0 0
388904 230723 395300 206490 0 0 0 0
351745 215691 395300 206490 0 0 0 0
313256 230941 395300 206490 0 0 0 0
348543 264117 395300 206490 0 0 0 0
337093 298518 395300 206490 0 0 0 0
323706 285503 395300 206490 0 0 0 0
277906 291576 395300 206490 0 0 0 0
207437 320428 395300 206490 0 0 0 0
223256 343628 395300 206490 0 0 0 0
162238 373236 395300 206490 0 0 0 0
248639 431055 395300 206490 0 0 0 0
251910 439467 395300 206490 0 0 0 0
264632 459781 395300 206490 0 0 0 0
228845 532021 395300 206490 0 0 0 0
291764 520489 395300 206490 0 0 0 0
297432 431479 395300 206490 0 0 0 0
267067 410617 395300 206490 0 0 0 0
278705 382394 395300 206490 0 0 0 0
323251 333770 395300 206490 0 0 0 0
359091 343641 395300 206490 0 0 0 0
333408 375751 395300 206490 0 0 0 0
341277 387845 395300 206490 0 0 0 0
337867 394673 395300 206490 0 0 0 0
340330 404959 395300 206490 0 0 0 0
348275 398934 395300 206490 0 0 0 0
358409 416046 395300 206490 0 0 0 0
333464 436897 395300 206490 0 0 0 0
361087 454738 395300 206490 0 0 0 0
361087 454738 361087 454738 0 0 0 0
391721 431905 361087 454738 0 0 0 0
401354 428378 361087 454738 0 0 0 0
401354 428378 401354 428378 0 0 0 0
390532 423594 401354 428378 0 0 0 0
394146 404893 401354 428378 0 0 0 0
392960 404005 401354 428378 0 0 0 0
384533 387733 401354 428378 0 0 0 0
408373 377680 401354 428378 0 0 0 0
423292 394068 401354 428378 0 0 0 0
448356 426260 401354 428378 0 0 0 0
449068 427962 401354 428378 0 0 0 0
461046 446866 401354 428378 0 0 0 0
443134 447878 401354 428378 0 0 0 0
435059 450797 401354 428378 0 0 0 0
435059 450797 435059 450797 0 0 0 0
426554 468590 435059 450797 0 0 0 0
450692 483395 435059 450797 0 0 0 0
528177 562711 435059 450797 0 0 0 0
594485 586662 435059 450797 0 0 0 0
663604 599039 435059 450797 0 0 0 0
625459 635241 435059 450797 0 0 0 0
566585 665188 435059 450797 0 0 0 0
566585 665188 566585 665188 0 0 0 0
323335 784518 566585 665188 0 0 0 0
323335 784518 323335 784518 0 0 0 0
345042 888458 323335 784518 0 0 0 0
345042 888458 345042 888458 0 0 0 0
382100 843102 345042 888458 0 0 0 0
384173 830543 345042 888458 0 0 0 0
378335 818954 345042 888458 0 0 0 0
381659 806809 345042 888458 0 0 0 0
381659 806809 381659 806809 0 0 0 0
575039 756475 381659 806809 0 0 0 0
575039 756475 575039 756475 0 0 0 0
604106 798294 575039 756475 0 0 0 0
647250 808928 575039 756475 0 0 0 0
681694 784732 575039 756475 0 0 0 0
633640 752274 575039 756475 0 0 0 0
640577 747734 575039 756475 0 0 0 0
649526 709037 575039 756475 0 0 0 0
646607 705588 575039 756475 0 0 0 0
654644 691949 575039 756475 0 0 0 0
688347 667086 575039 756475 0 0 0 0
701324 657311 575039 756475 0 0 0 0
702954 668239 575039 756475 0 0 0 0
690815 731124 575039 756475 0 0 0 0
738397 753069 575039 756475 0 0 0 0
738397 753069 738397 753069 0 0 0 0
743375 841424 738397 753069 0 0 0 0
724837 951036 738397 753069 0 0 0 0
721037 992471 738397 753069 0 0 0 0
