568990 361516 607902 282275 0 0 0 0
591940 421837 607902 282275 0 0 0 0
515467 385307 607902 282275 0 0 0 0
513667 352971 607902 282275 0 0 0 0
490728 309982 607902 282275 0 0 0 0
444353 318886 607902 282275 0 0 0 0
425326 341653 607902 282275 0 0 0 0
399226 319699 607902 282275 0 0 0 0
393703 320224 607902 282275 0 0 0 0
380930 322400 607902 282275 0 0 0 0
380930 322400 380930 322400 0 0 0 0
356472 290180 380930 322400 0 0 0 0
349594 343335 380930 322400 0 0 0 0
344331 355839 380930 322400 0 0 0 0
358872 356662 380930 322400 0 0 0 0
382770 396520 380930 322400 0 0 0 0
363102 411841 380930 322400 0 0 0 0
363102 411841 363102 411841 0 0 0 0
339075 386553 363102 411841 0 0 0 0
301963 383621 363102 411841 0 0 0 0
287891 385994 363102 411841 0 0 0 0
250813 377525 363102 411841 0 0 0 0
251328 375459 363102 411841 0 0 0 0
250872 389310 363102 411841 0 0 0 0
277092 369368 363102 411841 0 0 0 0
288199 349995 363102 411841 0 0 0 0
304119 342633 363102 411841 0 0 0 0
288240 323510 363102 411841 0 0 0 0
300915 303644 363102 411841 0 0 0 0
267883 294214 363102 411841 0 0 0 0
238337 270636 363102 411841 0 0 0 0
255114 225290 363102 411841 0 0 0 0
252038 210768 363102 411841 0 0 0 0
252038 210768 252038 210768 0 0 0 0
194490 263337 252038 210768 0 0 0 0
231534 303825 252038 210768 0 0 0 0
231172 317278 252038 210768 0 0 0 0
244773 332539 252038 210768 0 0 0 0
245077 339069 252038 210768 0 0 0 0
197547 322178 252038 210768 0 0 0 0
142823 372763 252038 210768 0 0 0 0
169472 516514 252038 210768 0 0 0 0
186378 455341 252038 210768 0 0 0 0
217320 427811 252038 210768 0 0 0 0
234229 415291 252038 210768 0 0 0 0
251773 459056 252038 210768 0 0 0 0
251773 459056 251773 459056 0 0 0 0
304937 434609 251773 459056 0 0 0 0
341867 429262 251773 459056 0 0 0 0
341867 429262 341867 429262 0 0 0 0
336664 451814 341867 429262 0 0 0 0
325271 454846 341867 429262 0 0 0 0
319152 465898 341867 429262 0 0 0 0
339170 492291 341867 429262 0 0 0 0
348906 481174 341867 429262 0 0 0 0
369399 483397 341867 429262 0 0 0 0
377474 454893 341867 429262 0 0 0 0
395219 441276 341867 429262 0 0 0 0
396310 473773 341867 429262 0 0 0 0
429424 489574 341867 429262 0 0 0 0
421693 525655 341867 429262 0 0 0 0
458616 537699 341867 429262 0 0 0 0
458616 537699 458616 537699 0 0 0 0
478568 470889 458616 537699 0 0 0 0
590208 535142 458616 537699 0 0 0 0
590208 535142 590208 535142 0 0 0 0
690625 555256 590208 535142 0 0 0 0
690625 555256 690625 555256 0 0 0 0
645345 687580 690625 555256 0 0 0 0
617515 651864 690625 555256 0 0 0 0
615063 650996 690625 555256 0 0 0 0
588824 643176 690625 555256 0 0 0 0
583614 665220 690625 555256 0 0 0 0
560374 677043 690625 555256 0 0 0 0
560374 677043 560374 677043 0 0 0 0
550179 649706 560374 677043 0 0 0 0
541910 660623 560374 677043 0 0 0 0
540351 659622 560374 677043 0 0 0 0
496451 690045 560374 677043 0 0 0 0
470575 657034 560374 677043 0 0 0 0
394924 598664 560374 677043 0 0 0 0
336877 571298 560374 677043 0 0 0 0
301351 616281 560374 677043 0 0 0 0
289938 640865 560374 677043 0 0 0 0
321044 651126 560374 677043 0 0 0 0
349360 668071 560374 677043 0 0 0 0
331592 680733 560374 677043 0 0 0 0
326433 675971 560374 677043 0 0 0 0
296884 698118 560374 677043 0 0 0 0
262115 685829 560374 677043 0 0 0 0
218739 740303 560374 677043 0 0 0 0
266267 752851 560374 677043 0 0 0 0
302612 764529 560374 677043 0 0 0 0
306306 752759 560374 677043 0 0 0 0
317904 714880 560374 677043 0 0 0 0
339656 708913 560374 677043 0 0 0 0
366915 731506 560374 677043 0 0 0 0
382575 727841 560374 677043 0 0 0 0
391024 706585 560374 677043 0 0 0 0
416737 719117 560374 677043 0 0 0 0
463474 731576 560374 677043 0 0 0 0
420711 743404 560374 677043 0 0 0 0
394867 772686 560374 677043 0 0 0 0
396468 831330 560374 677043 0 0 0 0
340821 800317 560374 677043 0 0 0 0
298224 819161 560374 677043 0 0 0 0
284327 815162 560374 677043 0 0 0 0
238165 871749 560374 677043 0 0 0 0
