810992 46706 875490 75318 0 0 0 0
819241 101332 875490 75318 0 0 0 0
829966 120633 875490 75318 0 0 0 0
794762 111356 875490 75318 0 0 0 0
768600 127199 875490 75318 0 0 0 0
737998 172195 875490 75318 0 0 0 0
750487 172443 875490 75318 0 0 0 0
761498 174747 875490 75318 0 0 0 0
808618 222765 875490 75318 0 0 0 0
846602 200494 875490 75318 0 0 0 0
846920 311353 875490 75318 0 0 0 0
791691 309289 875490 75318 0 0 0 0
791019 339357 875490 75318 0 0 0 0
772509 388278 875490 75318 0 0 0 0
745249 336500 875490 75318 0 0 0 0
696841 331075 875490 75318 0 0 0 0
735817 307725 875490 75318 0 0 0 0
727439 292013 875490 75318 0 0 0 0
724235 279384 875490 75318 0 0 0 0
752672 271206 875490 75318 0 0 0 0
759323 256554 875490 75318 0 0 0 0
754869 227847 875490 75318 0 0 0 0
749112 223734 875490 75318 0 0 0 0
730346 222837 875490 75318 0 0 0 0
718939 252846 875490 75318 0 0 0 0
690567 262319 875490 75318 0 0 0 0
690567 262319 690567 262319 0 0 0 0
433130 234054 690567 262319 0 0 0 0
433130 234054 433130 234054 0 0 0 0
415029 297103 433130 234054 0 0 0 0
381917 275439 433130 234054 0 0 0 0
381917 275439 381917 275439 0 0 0 0
342378 201447 381917 275439 0 0 0 0
353356 130024 381917 275439 0 0 0 0
173779 203044 381917 275439 0 0 0 0
173779 203044 173779 203044 0 0 0 0
262592 283513 173779 203044 0 0 0 0
242598 289052 173779 203044 0 0 0 0
186242 378732 173779 203044 0 0 0 0
233793 381318 173779 203044 0 0 0 0
233793 381318 233793 381318 0 0 0 0
306912 355559 233793 381318 0 0 0 0
332581 321333 233793 381318 0 0 0 0
358430 388673 233793 381318 0 0 0 0
342802 434256 233793 381318 0 0 0 0
342802 434256 342802 434256 0 0 0 0
276960 493576 342802 434256 0 0 0 0
246602 531135 342802 434256 0 0 0 0
204890 556508 342802 434256 0 0 0 0
204890 556508 204890 556508 0 0 0 0
280727 568994 204890 556508 0 0 0 0
280727 568994 280727 568994 0 0 0 0
342890 513330 280727 568994 0 0 0 0
371560 518829 280727 568994 0 0 0 0
369429 497870 280727 568994 0 0 0 0
385862 464445 280727 568994 0 0 0 0
424963 432814 280727 568994 0 0 0 0
426076 498491 280727 568994 0 0 0 0
407872 511772 280727 568994 0 0 0 0
413448 559648 280727 568994 0 0 0 0
405793 565975 280727 568994 0 0 0 0
420116 565647 280727 568994 0 0 0 0
426696 526407 280727 568994 0 0 0 0
431842 515284 280727 568994 0 0 0 0
464534 517043 280727 568994 0 0 0 0
480836 564550 280727 568994 0 0 0 0
480836 564550 480836 564550 0 0 0 0
573139 506902 480836 564550 0 0 0 0
665203 576230 480836 564550 0 0 0 0
679234 575036 480836 564550 0 0 0 0
676224 606922 480836 564550 0 0 0 0
767586 624109 480836 564550 0 0 0 0
778248 624093 480836 564550 0 0 0 0
794452 670737 480836 564550 0 0 0 0
783300 669094 480836 564550 0 0 0 0
772659 681571 480836 564550 0 0 0 0
753508 696842 480836 564550 0 0 0 0
753508 696842 753508 696842 0 0 0 0
721223 715647 753508 696842 0 0 0 0
709159 722800 753508 696842 0 0 0 0
721865 736449 753508 696842 0 0 0 0
753881 777148 753508 696842 0 0 0 0
759913 786001 753508 696842 0 0 0 0
753419 814461 753508 696842 0 0 0 0
753192 821401 753508 696842 0 0 0 0
719336 768377 753508 696842 0 0 0 0
692823 747336 753508 696842 0 0 0 0
674164 759080 753508 696842 0 0 0 0
662612 774867 753508 696842 0 0 0 0
617383 759847 753508 696842 0 0 0 0
615669 833867 753508 696842 0 0 0 0
593274 834757 753508 696842 0 0 0 0
565130 808109 753508 696842 0 0 0 0
531436 809769 753508 696842 0 0 0 0
531436 809769 531436 809769 0 0 0 0
575311 727046 531436 809769 0 0 0 0
575311 727046 575311 727046 0 0 0 0
611146 695769 575311 727046 0 0 0 0
611146 695769 611146 695769 0 0 0 0
651589 722187 611146 695769 0 0 0 0
651589 722187 651589 722187 0 0 0 0
659012 713337 651589 722187 0 0 0 0
672553 707271 651589 722187 0 0 0 0
661183 690878 651589 722187 0 0 0 0
671431 679822 651589 722187 0 0 0 0
676427 667576 651589 722187 0 0 0 0
645385 661189 651589 722187 0 0 0 0
645385 661189 645385 661189 0 0 0 0
598428 643703 645385 661189 0 0 0 0
594406 661319 645385 661189 0 0 0 0
563120 674524 645385 661189 0 0 0 0
480216 703117 645385 661189 0 0 0 0
442197 705609 645385 661189 0 0 0 0
371943 970457 645385 661189 0 0 0 0
