124318 284436 129963 259838 0 0 0 0
146788 284768 129963 259838 0 0 0 0
169109 284697 129963 259838 0 0 0 0
177581 271724 129963 259838 0 0 0 0
169972 257373 129963 259838 0 0 0 0
159881 251208 129963 259838 0 0 0 0
166730 242489 129963 259838 0 0 0 0
157153 236589 129963 259838 0 0 0 0
224248 170570 129963 259838 0 0 0 0
196851 242658 129963 259838 0 0 0 0
214657 251323 129963 259838 0 0 0 0
193789 266929 129963 259838 0 0 0 0
217677 280559 129963 259838 0 0 0 0
238859 271704 129963 259838 0 0 0 0
269067 266088 129963 259838 0 0 0 0
287979 277972 129963 259838 0 0 0 0
286749 281839 129963 259838 0 0 0 0
326067 285574 129963 259838 0 0 0 0
341283 249516 129963 259838 0 0 0 0
371522 247698 129963 259838 0 0 0 0
402585 260854 129963 259838 0 0 0 0
396707 306559 129963 259838 0 0 0 0
396707 306559 396707 306559 0 0 0 0
253484 342770 396707 306559 0 0 0 0
253484 342770 253484 342770 0 0 0 0
223092 317642 253484 342770 0 0 0 0
207472 303283 253484 342770 0 0 0 0
204462 301904 253484 342770 0 0 0 0
201529 320681 253484 342770 0 0 0 0
151610 347327 253484 342770 0 0 0 0
189883 385066 253484 342770 0 0 0 0
166945 437469 253484 342770 0 0 0 0
166945 437469 166945 437469 0 0 0 0
327804 586233 166945 437469 0 0 0 0
266205 623208 166945 437469 0 0 0 0
299227 659356 166945 437469 0 0 0 0
350200 657935 166945 437469 0 0 0 0
361452 634210 166945 437469 0 0 0 0
385813 650595 166945 437469 0 0 0 0
399956 651931 166945 437469 0 0 0 0
427146 661640 166945 437469 0 0 0 0
406814 683451 166945 437469 0 0 0 0
406370 687032 166945 437469 0 0 0 0
380193 731684 166945 437469 0 0 0 0
368022 728718 166945 437469 0 0 0 0
343802 712596 166945 437469 0 0 0 0
318879 744645 166945 437469 0 0 0 0
318884 747739 166945 437469 0 0 0 0
355255 741361 166945 437469 0 0 0 0
412006 776328 166945 437469 0 0 0 0
459422 781629 166945 437469 0 0 0 0
459422 781629 459422 781629 0 0 0 0
536442 643621 459422 781629 0 0 0 0
614527 633744 459422 781629 0 0 0 0
520192 475225 459422 781629 0 0 0 0
517135 457290 459422 781629 0 0 0 0
481754 415959 459422 781629 0 0 0 0
616361 461348 459422 781629 0 0 0 0
632899 442895 459422 781629 0 0 0 0
665099 396819 459422 781629 0 0 0 0
639266 352718 459422 781629 0 0 0 0
652256 320538 459422 781629 0 0 0 0
704051 309010 459422 781629 0 0 0 0
689075 284715 459422 781629 0 0 0 0
651907 295762 459422 781629 0 0 0 0
653417 283088 459422 781629 0 0 0 0
653417 283088 653417 283088 0 0 0 0
625587 255634 653417 283088 0 0 0 0
669626 269832 653417 283088 0 0 0 0
697696 233400 653417 283088 0 0 0 0
714669 240678 653417 283088 0 0 0 0
777321 245949 653417 283088 0 0 0 0
732268 296705 653417 283088 0 0 0 0
732268 296705 732268 296705 0 0 0 0
744824 308917 732268 296705 0 0 0 0
770305 309592 732268 296705 0 0 0 0
770305 309592 770305 309592 0 0 0 0
762351 362044 770305 309592 0 0 0 0
725974 346880 770305 309592 0 0 0 0
725974 346880 725974 346880 0 0 0 0
705175 352698 725974 346880 0 0 0 0
694522 390368 725974 346880 0 0 0 0
683206 394941 725974 346880 0 0 0 0
682842 418507 725974 346880 0 0 0 0
668799 433161 725974 346880 0 0 0 0
666429 452612 725974 346880 0 0 0 0
689047 478903 725974 346880 0 0 0 0
681079 584873 725974 346880 0 0 0 0
703054 624250 725974 346880 0 0 0 0
746551 597199 725974 346880 0 0 0 0
731820 660394 725974 346880 0 0 0 0
696167 689124 725974 346880 0 0 0 0
711993 728821 725974 346880 0 0 0 0
799254 706476 725974 346880 0 0 0 0
807287 651510 725974 346880 0 0 0 0
786699 641558 725974 346880 0 0 0 0
795643 621590 725974 346880 0 0 0 0
812166 603079 725974 346880 0 0 0 0
801210 581589 725974 346880 0 0 0 0
801194 556083 725974 346880 0 0 0 0
835268 531977 725974 346880 0 0 0 0
833682 577870 725974 346880 0 0 0 0
839333 622019 725974 346880 0 0 0 0
840368 648005 725974 346880 0 0 0 0
831767 669218 725974 346880 0 0 0 0
835281 672776 725974 346880 0 0 0 0
831071 682399 725974 346880 0 0 0 0
