810064 862920 810905 869492 0 0 0 0
843192 762108 810905 869492 0 0 0 0
805454 822436 810905 869492 0 0 0 0
690163 896952 810905 869492 0 0 0 0
720020 814726 810905 869492 0 0 0 0
704675 754877 810905 869492 0 0 0 0
752432 717622 810905 869492 0 0 0 0
761966 644199 810905 869492 0 0 0 0
534057 647974 810905 869492 0 0 0 0
498478 667828 810905 869492 0 0 0 0
498478 667828 498478 667828 0 0 0 0
466275 697433 498478 667828 0 0 0 0
466275 697433 466275 697433 0 0 0 0
460800 639468 466275 697433 0 0 0 0
426919 583866 466275 697433 0 0 0 0
391925 598423 466275 697433 0 0 0 0
380799 618303 466275 697433 0 0 0 0
408015 631843 466275 697433 0 0 0 0
407311 673181 466275 697433 0 0 0 0
407311 673181 407311 673181 0 0 0 0
302937 744329 407311 673181 0 0 0 0
286387 730618 407311 673181 0 0 0 0
286387 730618 286387 730618 0 0 0 0
274774 714622 286387 730618 0 0 0 0
235471 818103 286387 730618 0 0 0 0
162299 816479 286387 730618 0 0 0 0
177325 742427 286387 730618 0 0 0 0
180731 705340 286387 730618 0 0 0 0
189075 693349 286387 730618 0 0 0 0
189075 693349 189075 693349 0 0 0 0
214004 674739 189075 693349 0 0 0 0
248225 679364 189075 693349 0 0 0 0
272256 610350 189075 693349 0 0 0 0
291422 618181 189075 693349 0 0 0 0
343516 620095 189075 693349 0 0 0 0
370673 596474 189075 693349 0 0 0 0
350426 551713 189075 693349 0 0 0 0
359224 517665 189075 693349 0 0 0 0
339992 529245 189075 693349 0 0 0 0
325020 552389 189075 693349 0 0 0 0
260939 529856 189075 693349 0 0 0 0
276619 499722 189075 693349 0 0 0 0
286310 494238 189075 693349 0 0 0 0
244046 453302 189075 693349 0 0 0 0
264897 449105 189075 693349 0 0 0 0
291173 426655 189075 693349 0 0 0 0
316107 448974 189075 693349 0 0 0 0
343414 474137 189075 693349 0 0 0 0
342724 495733 189075 693349 0 0 0 0
359750 486925 189075 693349 0 0 0 0
356668 463281 189075 693349 0 0 0 0
350880 443085 189075 693349 0 0 0 0
359264 445545 189075 693349 0 0 0 0
375486 457001 189075 693349 0 0 0 0
380053 435958 189075 693349 0 0 0 0
377572 432992 189075 693349 0 0 0 0
380113 426129 189075 693349 0 0 0 0
369176 415989 189075 693349 0 0 0 0
356640 418638 189075 693349 0 0 0 0
345452 399162 189075 693349 0 0 0 0
360926 406765 189075 693349 0 0 0 0
380534 407437 189075 693349 0 0 0 0
398338 403017 189075 693349 0 0 0 0
394920 411549 189075 693349 0 0 0 0
405833 437283 189075 693349 0 0 0 0
406702 460894 189075 693349 0 0 0 0
394420 461046 189075 693349 0 0 0 0
392391 499443 189075 693349 0 0 0 0
416872 497324 189075 693349 0 0 0 0
428591 478986 189075 693349 0 0 0 0
452297 483479 189075 693349 0 0 0 0
434993 494568 189075 693349 0 0 0 0
443856 515556 189075 693349 0 0 0 0
436601 544158 189075 693349 0 0 0 0
486628 583536 189075 693349 0 0 0 0
523417 545309 189075 693349 0 0 0 0
478460 483325 189075 693349 0 0 0 0
518859 472689 189075 693349 0 0 0 0
584683 468141 189075 693349 0 0 0 0
574658 442132 189075 693349 0 0 0 0
627436 421594 189075 693349 0 0 0 0
660934 279566 189075 693349 0 0 0 0
522773 396329 189075 693349 0 0 0 0
512356 403690 189075 693349 0 0 0 0
485832 425915 189075 693349 0 0 0 0
485072 362865 189075 693349 0 0 0 0
420657 359797 189075 693349 0 0 0 0
423075 342603 189075 693349 0 0 0 0
409922 347064 189075 693349 0 0 0 0
394521 367533 189075 693349 0 0 0 0
385826 380440 189075 693349 0 0 0 0
381490 374423 189075 693349 0 0 0 0
380347 374389 189075 693349 0 0 0 0
381125 371638 189075 693349 0 0 0 0
380811 344446 189075 693349 0 0 0 0
357875 346612 189075 693349 0 0 0 0
370702 333962 189075 693349 0 0 0 0
393428 296176 189075 693349 0 0 0 0
393428 296176 393428 296176 0 0 0 0
439876 297970 393428 296176 0 0 0 0
482680 279092 393428 296176 0 0 0 0
482680 279092 482680 279092 0 0 0 0
462422 190576 482680 279092 0 0 0 0
445102 192616 482680 279092 0 0 0 0
445102 192616 445102 192616 0 0 0 0
419332 177316 445102 192616 0 0 0 0
443516 108069 445102 192616 0 0 0 0
