272207 116063 276434 49626 0 0 0 0
232450 152293 276434 49626 0 0 0 0
287628 189848 276434 49626 0 0 0 0
273784 228876 276434 49626 0 0 0 0
232187 202564 276434 49626 0 0 0 0
217433 188993 276434 49626 0 0 0 0
175873 170584 276434 49626 0 0 0 0
178106 177448 276434 49626 0 0 0 0
197604 211890 276434 49626 0 0 0 0
180377 242135 276434 49626 0 0 0 0
165857 316238 276434 49626 0 0 0 0
190408 315424 276434 49626 0 0 0 0
226532 291286 276434 49626 0 0 0 0
400454 443669 276434 49626 0 0 0 0
434623 425277 276434 49626 0 0 0 0
501669 445334 276434 49626 0 0 0 0
505425 455036 276434 49626 0 0 0 0
519194 468646 276434 49626 0 0 0 0
516533 499223 276434 49626 0 0 0 0
538604 510499 276434 49626 0 0 0 0
559119 482230 276434 49626 0 0 0 0
580298 482906 276434 49626 0 0 0 0
581016 479543 276434 49626 0 0 0 0
574073 465497 276434 49626 0 0 0 0
565944 428785 276434 49626 0 0 0 0
565944 428785 565944 428785 0 0 0 0
619474 382754 565944 428785 0 0 0 0
619474 382754 619474 382754 0 0 0 0
609565 338943 619474 382754 0 0 0 0
632140 305913 619474 382754 0 0 0 0
666976 341035 619474 382754 0 0 0 0
717778 304226 619474 382754 0 0 0 0
776161 275829 619474 382754 0 0 0 0
720623 351822 619474 382754 0 0 0 0
720623 351822 720623 351822 0 0 0 0
792878 446167 720623 351822 0 0 0 0
733637 462448 720623 351822 0 0 0 0
708582 422570 720623 351822 0 0 0 0
685544 428925 720623 351822 0 0 0 0
654602 441431 720623 351822 0 0 0 0
603877 459442 720623 351822 0 0 0 0
609663 491477 720623 351822 0 0 0 0
583810 522517 720623 351822 0 0 0 0
574534 519062 720623 351822 0 0 0 0
569499 526613 720623 351822 0 0 0 0
607950 547301 720623 351822 0 0 0 0
609794 566207 720623 351822 0 0 0 0
612613 563115 720623 351822 0 0 0 0
626341 555401 720623 351822 0 0 0 0
622203 518543 720623 351822 0 0 0 0
632405 516854 720623 351822 0 0 0 0
644471 519525 720623 351822 0 0 0 0
650725 529817 720623 351822 0 0 0 0
655621 538616 720623 351822 0 0 0 0
680628 579268 720623 351822 0 0 0 0
677136 606382 720623 351822 0 0 0 0
686492 631724 720623 351822 0 0 0 0
645676 618072 720623 351822 0 0 0 0
642938 596896 720623 351822 0 0 0 0
597651 593228 720623 351822 0 0 0 0
581343 623155 720623 351822 0 0 0 0
546900 585701 720623 351822 0 0 0 0
525125 619191 720623 351822 0 0 0 0
500997 620812 720623 351822 0 0 0 0
536799 643722 720623 351822 0 0 0 0
535738 659076 720623 351822 0 0 0 0
510520 665546 720623 351822 0 0 0 0
524105 688431 720623 351822 0 0 0 0
524105 688431 524105 688431 0 0 0 0
532856 801538 524105 688431 0 0 0 0
532856 801538 532856 801538 0 0 0 0
448506 745437 532856 801538 0 0 0 0
428449 668164 532856 801538 0 0 0 0
428449 668164 428449 668164 0 0 0 0
371794 671472 428449 668164 0 0 0 0
348338 654180 428449 668164 0 0 0 0
412423 620306 428449 668164 0 0 0 0
432746 624916 428449 668164 0 0 0 0
452451 608567 428449 668164 0 0 0 0
487821 579762 428449 668164 0 0 0 0
487821 579762 487821 579762 0 0 0 0
487477 509333 487821 579762 0 0 0 0
487477 509333 487477 509333 0 0 0 0
471793 534828 487477 509333 0 0 0 0
457176 542393 487477 509333 0 0 0 0
401277 570233 487477 509333 0 0 0 0
366462 593235 487477 509333 0 0 0 0
340913 601182 487477 509333 0 0 0 0
333118 635606 487477 509333 0 0 0 0
304340 649459 487477 509333 0 0 0 0
222291 681088 487477 509333 0 0 0 0
278939 706324 487477 509333 0 0 0 0
300626 701916 487477 509333 0 0 0 0
304754 723155 487477 509333 0 0 0 0
309088 717676 487477 509333 0 0 0 0
324591 709015 487477 509333 0 0 0 0
332851 700557 487477 509333 0 0 0 0
340390 731171 487477 509333 0 0 0 0
347667 740980 487477 509333 0 0 0 0
347667 740980 347667 740980 0 0 0 0
367183 743344 347667 740980 0 0 0 0
359757 777367 347667 740980 0 0 0 0
350349 810537 347667 740980 0 0 0 0
350349 810537 350349 810537 0 0 0 0
332496 798697 350349 810537 0 0 0 0
266169 797879 350349 810537 0 0 0 0
261510 812286 350349 810537 0 0 0 0
336458 847548 350349 810537 0 0 0 0
315799 910325 350349 810537 0 0 0 0
