782105 239935 760660 227444 0 0 0 0
756912 250774 760660 227444 0 0 0 0
737474 262780 760660 227444 0 0 0 0
739412 267928 760660 227444 0 0 0 0
747423 280819 760660 227444 0 0 0 0
742166 317987 760660 227444 0 0 0 0
755726 342203 760660 227444 0 0 0 0
752648 365194 760660 227444 0 0 0 0
781585 403591 760660 227444 0 0 0 0
741625 380355 760660 227444 0 0 0 0
723236 373390 760660 227444 0 0 0 0
715862 333506 760660 227444 0 0 0 0
690342 328393 760660 227444 0 0 0 0
662033 345873 760660 227444 0 0 0 0
647668 328953 760660 227444 0 0 0 0
644473 358216 760660 227444 0 0 0 0
686035 374504 760660 227444 0 0 0 0
701762 386043 760660 227444 0 0 0 0
714359 425227 760660 227444 0 0 0 0
757292 466808 760660 227444 0 0 0 0
756164 533836 760660 227444 0 0 0 0
815611 568638 760660 227444 0 0 0 0
803824 635304 760660 227444 0 0 0 0
775831 631988 760660 227444 0 0 0 0
780570 618471 760660 227444 0 0 0 0
780570 618471 780570 618471 0 0 0 0
756671 602976 780570 618471 0 0 0 0
713017 554440 780570 618471 0 0 0 0
713017 554440 713017 554440 0 0 0 0
703409 538425 713017 554440 0 0 0 0
679398 546841 713017 554440 0 0 0 0
668380 547714 713017 554440 0 0 0 0
661797 552019 713017 554440 0 0 0 0
661062 564332 713017 554440 0 0 0 0
661062 564332 661062 564332 0 0 0 0
690533 587091 661062 564332 0 0 0 0
658971 616188 661062 564332 0 0 0 0
658971 616188 658971 616188 0 0 0 0
629602 619042 658971 616188 0 0 0 0
619951 575458 658971 616188 0 0 0 0
548491 616715 658971 616188 0 0 0 0
548491 616715 548491 616715 0 0 0 0
449950 558922 548491 616715 0 0 0 0
384819 517253 548491 616715 0 0 0 0
384819 517253 384819 517253 0 0 0 0
393537 425352 384819 517253 0 0 0 0
396997 424722 384819 517253 0 0 0 0
406521 408224 384819 517253 0 0 0 0
417048 355496 384819 517253 0 0 0 0
449366 336284 384819 517253 0 0 0 0
449366 336284 449366 336284 0 0 0 0
470021 351993 449366 336284 0 0 0 0
489606 406333 449366 336284 0 0 0 0
540745 413849 449366 336284 0 0 0 0
475602 286171 449366 336284 0 0 0 0
367593 251194 449366 336284 0 0 0 0
383661 316487 449366 336284 0 0 0 0
334987 328855 449366 336284 0 0 0 0
334974 330038 449366 336284 0 0 0 0
320399 376179 449366 336284 0 0 0 0
343489 436920 449366 336284 0 0 0 0
264325 484627 449366 336284 0 0 0 0
264325 484627 264325 484627 0 0 0 0
318792 534603 264325 484627 0 0 0 0
322413 547259 264325 484627 0 0 0 0
348159 551882 264325 484627 0 0 0 0
384091 587643 264325 484627 0 0 0 0
366217 638650 264325 484627 0 0 0 0
415285 667029 264325 484627 0 0 0 0
419365 681362 264325 484627 0 0 0 0
377420 702422 264325 484627 0 0 0 0
346595 747998 264325 484627 0 0 0 0
387774 755555 264325 484627 0 0 0 0
406895 757064 264325 484627 0 0 0 0
417260 748120 264325 484627 0 0 0 0
436315 722452 264325 484627 0 0 0 0
454972 731803 264325 484627 0 0 0 0
456380 736483 264325 484627 0 0 0 0
458789 756220 264325 484627 0 0 0 0
398009 860829 264325 484627 0 0 0 0
452005 845416 264325 484627 0 0 0 0
467843 825668 264325 484627 0 0 0 0
487152 857311 264325 484627 0 0 0 0
495157 869282 264325 484627 0 0 0 0
503050 822142 264325 484627 0 0 0 0
539107 800276 264325 484627 0 0 0 0
484019 751307 264325 484627 0 0 0 0
484019 751307 484019 751307 0 0 0 0
506021 745805 484019 751307 0 0 0 0
535173 713483 484019 751307 0 0 0 0
629516 668631 484019 751307 0 0 0 0
689036 691447 484019 751307 0 0 0 0
705790 686417 484019 751307 0 0 0 0
696700 719535 484019 751307 0 0 0 0
639123 768828 484019 751307 0 0 0 0
704053 786485 484019 751307 0 0 0 0
732015 774162 484019 751307 0 0 0 0
771623 751622 484019 751307 0 0 0 0
755375 726177 484019 751307 0 0 0 0
832351 703205 484019 751307 0 0 0 0
833223 730433 484019 751307 0 0 0 0
826140 811163 484019 751307 0 0 0 0
810824 819468 484019 751307 0 0 0 0
827129 847761 484019 751307 0 0 0 0
726354 832875 484019 751307 0 0 0 0
676976 902845 484019 751307 0 0 0 0
650249 899542 484019 751307 0 0 0 0
528234 979446 484019 751307 0 0 0 0
