121428 184043 65290 46329 0 0 0 0
114142 223178 65290 46329 0 0 0 0
169520 166570 65290 46329 0 0 0 0
187430 193480 65290 46329 0 0 0 0
163607 197148 65290 46329 0 0 0 0
167709 209355 65290 46329 0 0 0 0
177120 220722 65290 46329 0 0 0 0
212104 229653 65290 46329 0 0 0 0
235815 263776 65290 46329 0 0 0 0
249609 280542 65290 46329 0 0 0 0
220529 284839 65290 46329 0 0 0 0
213381 279589 65290 46329 0 0 0 0
181486 262167 65290 46329 0 0 0 0
151764 259613 65290 46329 0 0 0 0
157450 263148 65290 46329 0 0 0 0
153770 280082 65290 46329 0 0 0 0
122896 282656 65290 46329 0 0 0 0
136525 299961 65290 46329 0 0 0 0
166464 314797 65290 46329 0 0 0 0
178606 305537 65290 46329 0 0 0 0
189209 323750 65290 46329 0 0 0 0
194830 344048 65290 46329 0 0 0 0
213449 329011 65290 46329 0 0 0 0
226437 339443 65290 46329 0 0 0 0
236906 357122 65290 46329 0 0 0 0
221239 365046 65290 46329 0 0 0 0
188658 397051 65290 46329 0 0 0 0
228826 402817 65290 46329 0 0 0 0
279119 432038 65290 46329 0 0 0 0
373451 474181 65290 46329 0 0 0 0
344380 402762 65290 46329 0 0 0 0
334468 378135 65290 46329 0 0 0 0
329407 363376 65290 46329 0 0 0 0
274506 374230 65290 46329 0 0 0 0
270514 346538 65290 46329 0 0 0 0
270139 315135 65290 46329 0 0 0 0
289437 318296 65290 46329 0 0 0 0
299204 317730 65290 46329 0 0 0 0
299019 300530 65290 46329 0 0 0 0
320664 291503 65290 46329 0 0 0 0
320664 291503 320664 291503 0 0 0 0
489674 277731 320664 291503 0 0 0 0
516808 294225 320664 291503 0 0 0 0
516808 294225 516808 294225 0 0 0 0
648072 180990 516808 294225 0 0 0 0
642451 222208 516808 294225 0 0 0 0
713476 292849 516808 294225 0 0 0 0
764405 395194 516808 294225 0 0 0 0
764405 395194 764405 395194 0 0 0 0
576739 667882 764405 395194 0 0 0 0
576739 667882 576739 667882 0 0 0 0
579159 673534 576739 667882 0 0 0 0
566523 671755 576739 667882 0 0 0 0
564942 672053 576739 667882 0 0 0 0
555469 670835 576739 667882 0 0 0 0
532638 668826 576739 667882 0 0 0 0
551261 655457 576739 667882 0 0 0 0
542980 646065 576739 667882 0 0 0 0
534221 631703 576739 667882 0 0 0 0
505664 643090 576739 667882 0 0 0 0
479479 638793 576739 667882 0 0 0 0
442264 618994 576739 667882 0 0 0 0
463653 650150 576739 667882 0 0 0 0
463805 666110 576739 667882 0 0 0 0
463805 666110 463805 666110 0 0 0 0
446784 683348 463805 666110 0 0 0 0
433364 689063 463805 666110 0 0 0 0
388042 681726 463805 666110 0 0 0 0
376381 674818 463805 666110 0 0 0 0
372531 691425 463805 666110 0 0 0 0
358231 708845 463805 666110 0 0 0 0
431026 738242 463805 666110 0 0 0 0
461899 695822 463805 666110 0 0 0 0
467157 700156 463805 666110 0 0 0 0
473799 714885 463805 666110 0 0 0 0
494830 703596 463805 666110 0 0 0 0
500413 710000 463805 666110 0 0 0 0
527589 689382 463805 666110 0 0 0 0
542099 696138 463805 666110 0 0 0 0
549765 728337 463805 666110 0 0 0 0
561434 738618 463805 666110 0 0 0 0
532773 724817 463805 666110 0 0 0 0
510501 728807 463805 666110 0 0 0 0
513324 742174 463805 666110 0 0 0 0
533000 776585 463805 666110 0 0 0 0
534668 779769 463805 666110 0 0 0 0
529023 803300 463805 666110 0 0 0 0
557115 784558 463805 666110 0 0 0 0
561077 786652 463805 666110 0 0 0 0
565412 790520 463805 666110 0 0 0 0
579501 772395 463805 666110 0 0 0 0
568000 770499 463805 666110 0 0 0 0
572116 754392 463805 666110 0 0 0 0
590425 752360 463805 666110 0 0 0 0
601974 729252 463805 666110 0 0 0 0
617390 734998 463805 666110 0 0 0 0
641312 744019 463805 666110 0 0 0 0
658564 718694 463805 666110 0 0 0 0
658564 718694 658564 718694 0 0 0 0
677319 711788 658564 718694 0 0 0 0
655866 744954 658564 718694 0 0 0 0
647976 760334 658564 718694 0 0 0 0
625761 768664 658564 718694 0 0 0 0
611540 765518 658564 718694 0 0 0 0
602242 797490 658564 718694 0 0 0 0
