920730 379543 847811 277759 0 0 0 0
886387 398004 847811 277759 0 0 0 0
787998 417357 847811 277759 0 0 0 0
791909 380594 847811 277759 0 0 0 0
771014 362540 847811 277759 0 0 0 0
789875 333464 847811 277759 0 0 0 0
799492 302941 847811 277759 0 0 0 0
758564 293766 847811 277759 0 0 0 0
728133 319558 847811 277759 0 0 0 0
746261 334925 847811 277759 0 0 0 0
755415 345060 847811 277759 0 0 0 0
741357 384047 847811 277759 0 0 0 0
728042 355857 847811 277759 0 0 0 0
708809 358512 847811 277759 0 0 0 0
624329 410927 847811 277759 0 0 0 0
556049 364799 847811 277759 0 0 0 0
556049 364799 556049 364799 0 0 0 0
577437 277441 556049 364799 0 0 0 0
462887 258048 556049 364799 0 0 0 0
457266 340414 556049 364799 0 0 0 0
459078 378853 556049 364799 0 0 0 0
461147 402044 556049 364799 0 0 0 0
500292 394178 556049 364799 0 0 0 0
510229 415654 556049 364799 0 0 0 0
574174 424279 556049 364799 0 0 0 0
549477 434751 556049 364799 0 0 0 0
533114 451444 556049 364799 0 0 0 0
485799 475643 556049 364799 0 0 0 0
565087 500083 556049 364799 0 0 0 0
546441 511765 556049 364799 0 0 0 0
505115 542087 556049 364799 0 0 0 0
496091 553399 556049 364799 0 0 0 0
486836 565922 556049 364799 0 0 0 0
482823 563703 556049 364799 0 0 0 0
488950 528767 556049 364799 0 0 0 0
445197 507088 556049 364799 0 0 0 0
440046 544601 556049 364799 0 0 0 0
412124 565790 556049 364799 0 0 0 0
415762 577857 556049 364799 0 0 0 0
411532 594232 556049 364799 0 0 0 0
431826 595556 556049 364799 0 0 0 0
438116 614810 556049 364799 0 0 0 0
469940 581437 556049 364799 0 0 0 0
486810 594637 556049 364799 0 0 0 0
505475 585033 556049 364799 0 0 0 0
556487 620645 556049 364799 0 0 0 0
578477 653435 556049 364799 0 0 0 0
572422 672773 556049 364799 0 0 0 0
574625 671343 556049 364799 0 0 0 0
678244 678264 556049 364799 0 0 0 0
703666 800978 556049 364799 0 0 0 0
703666 800978 703666 800978 0 0 0 0
706318 814722 703666 800978 0 0 0 0
700784 839742 703666 800978 0 0 0 0
588070 752717 703666 800978 0 0 0 0
485801 659554 703666 800978 0 0 0 0
459508 669087 703666 800978 0 0 0 0
459508 669087 459508 669087 0 0 0 0
416542 667889 459508 669087 0 0 0 0
395872 642071 459508 669087 0 0 0 0
404666 624240 459508 669087 0 0 0 0
368331 639947 459508 669087 0 0 0 0
343151 643445 459508 669087 0 0 0 0
371273 603558 459508 669087 0 0 0 0
353437 604646 459508 669087 0 0 0 0
329045 613624 459508 669087 0 0 0 0
309585 581635 459508 669087 0 0 0 0
296865 540002 459508 669087 0 0 0 0
319241 470199 459508 669087 0 0 0 0
341422 492871 459508 669087 0 0 0 0
403460 447090 459508 669087 0 0 0 0
419280 432366 459508 669087 0 0 0 0
449125 417023 459508 669087 0 0 0 0
360717 411098 459508 669087 0 0 0 0
282001 336953 459508 669087 0 0 0 0
260879 277784 459508 669087 0 0 0 0
237243 266856 459508 669087 0 0 0 0
185509 243626 459508 669087 0 0 0 0
199714 259843 459508 669087 0 0 0 0
230631 330810 459508 669087 0 0 0 0
218266 497685 459508 669087 0 0 0 0
205794 503712 459508 669087 0 0 0 0
231605 524199 459508 669087 0 0 0 0
212333 579741 459508 669087 0 0 0 0
236165 584118 459508 669087 0 0 0 0
249197 607452 459508 669087 0 0 0 0
301312 720865 459508 669087 0 0 0 0
301312 720865 301312 720865 0 0 0 0
299675 741796 301312 720865 0 0 0 0
324719 758941 301312 720865 0 0 0 0
291247 781730 301312 720865 0 0 0 0
299298 815478 301312 720865 0 0 0 0
299298 815478 299298 815478 0 0 0 0
329103 858036 299298 815478 0 0 0 0
279847 838414 299298 815478 0 0 0 0
253413 798353 299298 815478 0 0 0 0
266562 775205 299298 815478 0 0 0 0
281712 777610 299298 815478 0 0 0 0
281812 764285 299298 815478 0 0 0 0
248164 732471 299298 815478 0 0 0 0
233232 759249 299298 815478 0 0 0 0
217934 799044 299298 815478 0 0 0 0
195347 829010 299298 815478 0 0 0 0
205444 848420 299298 815478 0 0 0 0
