159303 505905 122902 488961 0 0 0 0
170047 505580 122902 488961 0 0 0 0
187038 482658 122902 488961 0 0 0 0
167857 464159 122902 488961 0 0 0 0
146800 453105 122902 488961 0 0 0 0
165759 407696 122902 488961 0 0 0 0
182862 439501 122902 488961 0 0 0 0
219439 429805 122902 488961 0 0 0 0
222073 421046 122902 488961 0 0 0 0
215881 412586 122902 488961 0 0 0 0
228760 394605 122902 488961 0 0 0 0
232401 400703 122902 488961 0 0 0 0
270196 396992 122902 488961 0 0 0 0
245973 448820 122902 488961 0 0 0 0
239695 473811 122902 488961 0 0 0 0
243535 494905 122902 488961 0 0 0 0
228429 509411 122902 488961 0 0 0 0
205404 509672 122902 488961 0 0 0 0
226720 539919 122902 488961 0 0 0 0
257225 584362 122902 488961 0 0 0 0
252468 590155 122902 488961 0 0 0 0
250166 608088 122902 488961 0 0 0 0
250166 608088 250166 608088 0 0 0 0
254198 639403 250166 608088 0 0 0 0
280362 643090 250166 608088 0 0 0 0
280362 643090 280362 643090 0 0 0 0
292447 602663 280362 643090 0 0 0 0
314337 556224 280362 643090 0 0 0 0
314337 556224 314337 556224 0 0 0 0
332010 531316 314337 556224 0 0 0 0
324089 533950 314337 556224 0 0 0 0
304862 536252 314337 556224 0 0 0 0
297217 528285 314337 556224 0 0 0 0
293564 526102 314337 556224 0 0 0 0
285865 524598 314337 556224 0 0 0 0
296003 516576 314337 556224 0 0 0 0
305464 515124 314337 556224 0 0 0 0
305202 513992 314337 556224 0 0 0 0
290006 499548 314337 556224 0 0 0 0
272619 481651 314337 556224 0 0 0 0
315452 493169 314337 556224 0 0 0 0
342030 451249 314337 556224 0 0 0 0
360144 446492 314337 556224 0 0 0 0
356937 508122 314337 556224 0 0 0 0
436371 527588 314337 556224 0 0 0 0
526026 536698 314337 556224 0 0 0 0
526026 536698 526026 536698 0 0 0 0
417458 629290 526026 536698 0 0 0 0
350733 707780 526026 536698 0 0 0 0
365124 819906 526026 536698 0 0 0 0
365124 819906 365124 819906 0 0 0 0
449835 891200 365124 819906 0 0 0 0
465085 867423 365124 819906 0 0 0 0
502541 885477 365124 819906 0 0 0 0
516918 858794 365124 819906 0 0 0 0
492774 830795 365124 819906 0 0 0 0
489613 791126 365124 819906 0 0 0 0
507129 785820 365124 819906 0 0 0 0
509635 783514 365124 819906 0 0 0 0
509635 783514 509635 783514 0 0 0 0
447266 740514 509635 783514 0 0 0 0
456755 701676 509635 783514 0 0 0 0
469925 702152 509635 783514 0 0 0 0
469925 702152 469925 702152 0 0 0 0
488417 653627 469925 702152 0 0 0 0
488417 653627 488417 653627 0 0 0 0
495683 720222 488417 653627 0 0 0 0
528346 729027 488417 653627 0 0 0 0
613644 788282 488417 653627 0 0 0 0
665673 730904 488417 653627 0 0 0 0
665673 730904 665673 730904 0 0 0 0
689102 531267 665673 730904 0 0 0 0
693757 505474 665673 730904 0 0 0 0
734642 458267 665673 730904 0 0 0 0
748924 438297 665673 730904 0 0 0 0
748924 438297 748924 438297 0 0 0 0
691982 435720 748924 438297 0 0 0 0
673303 448874 748924 438297 0 0 0 0
624643 457872 748924 438297 0 0 0 0
624643 457872 624643 457872 0 0 0 0
586385 363403 624643 457872 0 0 0 0
580883 347797 624643 457872 0 0 0 0
574924 329144 624643 457872 0 0 0 0
574924 329144 574924 329144 0 0 0 0
552950 316416 574924 329144 0 0 0 0
506632 303810 574924 329144 0 0 0 0
506632 303810 506632 303810 0 0 0 0
562522 269156 506632 303810 0 0 0 0
562522 269156 562522 269156 0 0 0 0
576538 308627 562522 269156 0 0 0 0
592097 312061 562522 269156 0 0 0 0
591511 318506 562522 269156 0 0 0 0
607002 346496 562522 269156 0 0 0 0
607002 346496 607002 346496 0 0 0 0
634827 344099 607002 346496 0 0 0 0
634827 344099 634827 344099 0 0 0 0
627993 324765 634827 344099 0 0 0 0
618159 321613 634827 344099 0 0 0 0
620795 296651 634827 344099 0 0 0 0
613050 295008 634827 344099 0 0 0 0
619561 286468 634827 344099 0 0 0 0
632162 273321 634827 344099 0 0 0 0
638669 258281 634827 344099 0 0 0 0
669064 234307 634827 344099 0 0 0 0
650035 270655 634827 344099 0 0 0 0
638652 311313 634827 344099 0 0 0 0
662112 316347 634827 344099 0 0 0 0
681537 300545 634827 344099 0 0 0 0
781919 273766 634827 344099 0 0 0 0
785968 295312 634827 344099 0 0 0 0
785968 295312 785968 295312 0 0 0 0
796926 359636 785968 295312 0 0 0 0
806939 410981 785968 295312 0 0 0 0
805712 446120 785968 295312 0 0 0 0
788538 500520 785968 295312 0 0 0 0
828776 556697 785968 295312 0 0 0 0
