739318 892339 755133 873567 0 0 0 0
727215 899176 755133 873567 0 0 0 0
706624 873481 755133 873567 0 0 0 0
721093 872614 755133 873567 0 0 0 0
750277 827708 755133 873567 0 0 0 0
740221 821208 755133 873567 0 0 0 0
709873 803614 755133 873567 0 0 0 0
673849 831198 755133 873567 0 0 0 0
656581 790636 755133 873567 0 0 0 0
676590 755986 755133 873567 0 0 0 0
675768 737562 755133 873567 0 0 0 0
687797 736056 755133 873567 0 0 0 0
692291 725655 755133 873567 0 0 0 0
673514 713535 755133 873567 0 0 0 0
662190 701826 755133 873567 0 0 0 0
662190 701826 662190 701826 0 0 0 0
656180 643832 662190 701826 0 0 0 0
656180 643832 656180 643832 0 0 0 0
715274 657354 656180 643832 0 0 0 0
715274 657354 715274 657354 0 0 0 0
700840 693805 715274 657354 0 0 0 0
717468 699800 715274 657354 0 0 0 0
717468 699800 717468 699800 0 0 0 0
743983 755306 717468 699800 0 0 0 0
759613 728247 717468 699800 0 0 0 0
759613 728247 759613 728247 0 0 0 0
798499 684042 759613 728247 0 0 0 0
798499 684042 798499 684042 0 0 0 0
804820 642724 798499 684042 0 0 0 0
833162 611125 798499 684042 0 0 0 0
833162 611125 833162 611125 0 0 0 0
771415 632536 833162 611125 0 0 0 0
771415 632536 771415 632536 0 0 0 0
772770 645925 771415 632536 0 0 0 0
770233 669755 771415 632536 0 0 0 0
754072 655920 771415 632536 0 0 0 0
733365 644042 771415 632536 0 0 0 0
749417 637101 771415 632536 0 0 0 0
750738 610981 771415 632536 0 0 0 0
760685 573867 771415 632536 0 0 0 0
754802 558580 771415 632536 0 0 0 0
708173 571688 771415 632536 0 0 0 0
638629 457682 771415 632536 0 0 0 0
638629 457682 638629 457682 0 0 0 0
606992 470462 638629 457682 0 0 0 0
590399 444635 638629 457682 0 0 0 0
597588 433176 638629 457682 0 0 0 0
621312 427450 638629 457682 0 0 0 0
620674 410119 638629 457682 0 0 0 0
620830 408590 638629 457682 0 0 0 0
644237 395658 638629 457682 0 0 0 0
676792 371739 638629 457682 0 0 0 0
677251 347580 638629 457682 0 0 0 0
657135 337548 638629 457682 0 0 0 0
694293 292799 638629 457682 0 0 0 0
702623 244899 638629 457682 0 0 0 0
653775 259563 638629 457682 0 0 0 0
655398 301027 638629 457682 0 0 0 0
638882 298198 638629 457682 0 0 0 0
616579 298003 638629 457682 0 0 0 0
599250 286382 638629 457682 0 0 0 0
568823 278839 638629 457682 0 0 0 0
564466 316956 638629 457682 0 0 0 0
580459 330605 638629 457682 0 0 0 0
608257 325953 638629 457682 0 0 0 0
591952 342679 638629 457682 0 0 0 0
595470 348497 638629 457682 0 0 0 0
615089 360629 638629 457682 0 0 0 0
620823 365561 638629 457682 0 0 0 0
623449 375365 638629 457682 0 0 0 0
627539 386926 638629 457682 0 0 0 0
612299 398086 638629 457682 0 0 0 0
612089 399185 638629 457682 0 0 0 0
601234 403245 638629 457682 0 0 0 0
582829 394504 638629 457682 0 0 0 0
574810 400073 638629 457682 0 0 0 0
571056 411869 638629 457682 0 0 0 0
562494 421560 638629 457682 0 0 0 0
526181 409790 638629 457682 0 0 0 0
458359 590567 638629 457682 0 0 0 0
430253 693659 638629 457682 0 0 0 0
443646 690864 638629 457682 0 0 0 0
475836 730779 638629 457682 0 0 0 0
475836 730779 475836 730779 0 0 0 0
470644 764495 475836 730779 0 0 0 0
261065 751729 475836 730779 0 0 0 0
303105 669344 475836 730779 0 0 0 0
329123 666240 475836 730779 0 0 0 0
329123 666240 329123 666240 0 0 0 0
375997 627866 329123 666240 0 0 0 0
404136 628609 329123 666240 0 0 0 0
399060 584563 329123 666240 0 0 0 0
375867 553239 329123 666240 0 0 0 0
349595 537505 329123 666240 0 0 0 0
333015 581773 329123 666240 0 0 0 0
306048 557103 329123 666240 0 0 0 0
261772 591937 329123 666240 0 0 0 0
245304 586735 329123 666240 0 0 0 0
149625 592302 329123 666240 0 0 0 0
104947 469426 329123 666240 0 0 0 0
193153 491859 329123 666240 0 0 0 0
244681 472016 329123 666240 0 0 0 0
356307 404955 329123 666240 0 0 0 0
351708 397960 329123 666240 0 0 0 0
328935 384091 329123 666240 0 0 0 0
317625 270043 329123 666240 0 0 0 0
326340 198846 329123 666240 0 0 0 0
208325 173629 329123 666240 0 0 0 0
176847 349287 329123 666240 0 0 0 0
58261 307283 329123 666240 0 0 0 0
