253938 538153 201714 499474 0 0 0 0
246336 557306 201714 499474 0 0 0 0
286520 576458 201714 499474 0 0 0 0
296971 588935 201714 499474 0 0 0 0
290721 589106 201714 499474 0 0 0 0
260344 596907 201714 499474 0 0 0 0
285209 627054 201714 499474 0 0 0 0
345649 624445 201714 499474 0 0 0 0
374661 618972 201714 499474 0 0 0 0
376186 632716 201714 499474 0 0 0 0
414390 640353 201714 499474 0 0 0 0
412855 629433 201714 499474 0 0 0 0
440688 589203 201714 499474 0 0 0 0
462801 605589 201714 499474 0 0 0 0
477236 600043 201714 499474 0 0 0 0
477236 600043 477236 600043 0 0 0 0
517916 637382 477236 600043 0 0 0 0
542604 648242 477236 600043 0 0 0 0
605292 712147 477236 600043 0 0 0 0
605292 712147 605292 712147 0 0 0 0
589639 858671 605292 712147 0 0 0 0
769745 735743 605292 712147 0 0 0 0
675640 720157 605292 712147 0 0 0 0
675640 720157 675640 720157 0 0 0 0
651666 665300 675640 720157 0 0 0 0
665309 646979 675640 720157 0 0 0 0
568367 611174 675640 720157 0 0 0 0
503507 547973 675640 720157 0 0 0 0
503507 547973 503507 547973 0 0 0 0
436064 532035 503507 547973 0 0 0 0
389504 578461 503507 547973 0 0 0 0
382581 594335 503507 547973 0 0 0 0
354582 596514 503507 547973 0 0 0 0
354249 562228 503507 547973 0 0 0 0
329480 561713 503507 547973 0 0 0 0
302109 545524 503507 547973 0 0 0 0
284087 393367 503507 547973 0 0 0 0
284087 393367 284087 393367 0 0 0 0
297020 350784 284087 393367 0 0 0 0
302987 316447 284087 393367 0 0 0 0
324837 274166 284087 393367 0 0 0 0
324837 274166 324837 274166 0 0 0 0
274477 273044 324837 274166 0 0 0 0
245571 307237 324837 274166 0 0 0 0
225615 311617 324837 274166 0 0 0 0
197917 346744 324837 274166 0 0 0 0
206707 296181 324837 274166 0 0 0 0
232641 258995 324837 274166 0 0 0 0
232641 258995 232641 258995 0 0 0 0
268578 216125 232641 258995 0 0 0 0
352677 174098 232641 258995 0 0 0 0
340188 138662 232641 258995 0 0 0 0
390500 116233 232641 258995 0 0 0 0
414259 130823 232641 258995 0 0 0 0
438929 151760 232641 258995 0 0 0 0
426233 163543 232641 258995 0 0 0 0
495265 184967 232641 258995 0 0 0 0
518569 232903 232641 258995 0 0 0 0
518569 232903 518569 232903 0 0 0 0
492492 274080 518569 232903 0 0 0 0
453582 245837 518569 232903 0 0 0 0
478125 233487 518569 232903 0 0 0 0
470797 220142 518569 232903 0 0 0 0
467089 205854 518569 232903 0 0 0 0
426186 215103 518569 232903 0 0 0 0
416629 212980 518569 232903 0 0 0 0
405405 212750 518569 232903 0 0 0 0
405405 212750 405405 212750 0 0 0 0
360921 283957 405405 212750 0 0 0 0
360921 283957 360921 283957 0 0 0 0
373491 289082 360921 283957 0 0 0 0
378395 286410 360921 283957 0 0 0 0
387623 284683 360921 283957 0 0 0 0
419805 269482 360921 283957 0 0 0 0
425812 281024 360921 283957 0 0 0 0
417180 295944 360921 283957 0 0 0 0
426197 318374 360921 283957 0 0 0 0
426197 318374 426197 318374 0 0 0 0
418565 373756 426197 318374 0 0 0 0
445789 362723 426197 318374 0 0 0 0
475014 409973 426197 318374 0 0 0 0
475014 409973 475014 409973 0 0 0 0
503998 409346 475014 409973 0 0 0 0
505948 409857 475014 409973 0 0 0 0
504242 348519 475014 409973 0 0 0 0
572557 367229 475014 409973 0 0 0 0
602876 369530 475014 409973 0 0 0 0
602876 369530 602876 369530 0 0 0 0
581259 408997 602876 369530 0 0 0 0
556779 417591 602876 369530 0 0 0 0
543677 432409 602876 369530 0 0 0 0
543677 432409 543677 432409 0 0 0 0
571880 439570 543677 432409 0 0 0 0
584873 444926 543677 432409 0 0 0 0
591038 448643 543677 432409 0 0 0 0
591038 448643 591038 448643 0 0 0 0
611522 415249 591038 448643 0 0 0 0
622173 426668 591038 448643 0 0 0 0
623022 424519 591038 448643 0 0 0 0
640675 422883 591038 448643 0 0 0 0
646360 476096 591038 448643 0 0 0 0
670541 471984 591038 448643 0 0 0 0
670541 471984 670541 471984 0 0 0 0
691753 515969 670541 471984 0 0 0 0
697614 455095 670541 471984 0 0 0 0
758097 381693 670541 471984 0 0 0 0
746435 370044 670541 471984 0 0 0 0
746435 370044 746435 370044 0 0 0 0
725207 283351 746435 370044 0 0 0 0
725207 283351 725207 283351 0 0 0 0
759918 289465 725207 283351 0 0 0 0
775108 253688 725207 283351 0 0 0 0
795560 250605 725207 283351 0 0 0 0
806328 245642 725207 283351 0 0 0 0
753192 168594 725207 283351 0 0 0 0
803113 150465 725207 283351 0 0 0 0
803113 150465 803113 150465 0 0 0 0
994866 357543 803113 150465 0 0 0 0
