369828 304255 357646 273170 0 0 0 0
384033 307468 357646 273170 0 0 0 0
384033 307468 384033 307468 0 0 0 0
421919 419591 384033 307468 0 0 0 0
421919 419591 421919 419591 0 0 0 0
375385 437613 421919 419591 0 0 0 0
287643 608772 421919 419591 0 0 0 0
287643 608772 287643 608772 0 0 0 0
332135 656655 287643 608772 0 0 0 0
446775 693805 287643 608772 0 0 0 0
464633 666544 287643 608772 0 0 0 0
514066 659123 287643 608772 0 0 0 0
522162 674458 287643 608772 0 0 0 0
547137 620524 287643 608772 0 0 0 0
564592 635660 287643 608772 0 0 0 0
627622 656423 287643 608772 0 0 0 0
605882 603451 287643 608772 0 0 0 0
582402 585186 287643 608772 0 0 0 0
562727 583225 287643 608772 0 0 0 0
501532 595951 287643 608772 0 0 0 0
488463 621039 287643 608772 0 0 0 0
458540 612210 287643 608772 0 0 0 0
443281 627116 287643 608772 0 0 0 0
444791 608290 287643 608772 0 0 0 0
427351 590796 287643 608772 0 0 0 0
447562 587259 287643 608772 0 0 0 0
449946 552180 287643 608772 0 0 0 0
464003 555790 287643 608772 0 0 0 0
477765 578841 287643 608772 0 0 0 0
499141 541525 287643 608772 0 0 0 0
506812 525115 287643 608772 0 0 0 0
524462 543969 287643 608772 0 0 0 0
549976 546046 287643 608772 0 0 0 0
578886 487077 287643 608772 0 0 0 0
578886 487077 578886 487077 0 0 0 0
526443 405699 578886 487077 0 0 0 0
604886 418293 578886 487077 0 0 0 0
643137 482881 578886 487077 0 0 0 0
668381 488584 578886 487077 0 0 0 0
709623 528428 578886 487077 0 0 0 0
719409 515176 578886 487077 0 0 0 0
719697 511530 578886 487077 0 0 0 0
737781 506271 578886 487077 0 0 0 0
758399 510584 578886 487077 0 0 0 0
783407 475359 578886 487077 0 0 0 0
770613 472467 578886 487077 0 0 0 0
770613 472467 770613 472467 0 0 0 0
762292 430163 770613 472467 0 0 0 0
760817 428926 770613 472467 0 0 0 0
757279 402064 770613 472467 0 0 0 0
757279 402064 757279 402064 0 0 0 0
727820 426590 757279 402064 0 0 0 0
695458 436986 757279 402064 0 0 0 0
694671 432259 757279 402064 0 0 0 0
683784 390333 757279 402064 0 0 0 0
663962 380488 757279 402064 0 0 0 0
670183 368795 757279 402064 0 0 0 0
670183 368795 670183 368795 0 0 0 0
713625 349005 670183 368795 0 0 0 0
695012 317745 670183 368795 0 0 0 0
679597 321040 670183 368795 0 0 0 0
645402 320651 670183 368795 0 0 0 0
654348 300999 670183 368795 0 0 0 0
600039 254605 670183 368795 0 0 0 0
594775 245517 670183 368795 0 0 0 0
571344 224319 670183 368795 0 0 0 0
529036 211094 670183 368795 0 0 0 0
566124 175297 670183 368795 0 0 0 0
569898 169051 670183 368795 0 0 0 0
593788 168940 670183 368795 0 0 0 0
599575 197165 670183 368795 0 0 0 0
667905 237971 670183 368795 0 0 0 0
703851 232951 670183 368795 0 0 0 0
676486 279205 670183 368795 0 0 0 0
701065 266090 670183 368795 0 0 0 0
702393 271506 670183 368795 0 0 0 0
719998 278471 670183 368795 0 0 0 0
737372 262031 670183 368795 0 0 0 0
759072 292667 670183 368795 0 0 0 0
726696 321928 670183 368795 0 0 0 0
758700 337280 670183 368795 0 0 0 0
772161 333530 670183 368795 0 0 0 0
772161 333530 772161 333530 0 0 0 0
782349 369074 772161 333530 0 0 0 0
794358 368495 772161 333530 0 0 0 0
784727 400713 772161 333530 0 0 0 0
833952 398406 772161 333530 0 0 0 0
842010 392408 772161 333530 0 0 0 0
831206 342218 772161 333530 0 0 0 0
850754 352691 772161 333530 0 0 0 0
879916 332906 772161 333530 0 0 0 0
885466 332247 772161 333530 0 0 0 0
882904 337592 772161 333530 0 0 0 0
863021 354253 772161 333530 0 0 0 0
859126 375354 772161 333530 0 0 0 0
894279 425856 772161 333530 0 0 0 0
906400 438421 772161 333530 0 0 0 0
903092 444418 772161 333530 0 0 0 0
906998 479582 772161 333530 0 0 0 0
883996 489263 772161 333530 0 0 0 0
851730 491702 772161 333530 0 0 0 0
851730 491702 851730 491702 0 0 0 0
815426 494886 851730 491702 0 0 0 0
811122 494770 851730 491702 0 0 0 0
811122 494770 811122 494770 0 0 0 0
803848 528423 811122 494770 0 0 0 0
789551 559531 811122 494770 0 0 0 0
739733 575896 811122 494770 0 0 0 0
739733 575896 739733 575896 0 0 0 0
904233 657654 739733 575896 0 0 0 0
