904055 793298 963464 766306 0 0 0 0
874989 784723 963464 766306 0 0 0 0
903046 764365 963464 766306 0 0 0 0
903046 764365 903046 764365 0 0 0 0
889691 671201 903046 764365 0 0 0 0
889691 671201 889691 671201 0 0 0 0
834556 674275 889691 671201 0 0 0 0
829897 720784 889691 671201 0 0 0 0
833872 740606 889691 671201 0 0 0 0
819443 785158 889691 671201 0 0 0 0
767305 746138 889691 671201 0 0 0 0
745900 732400 889691 671201 0 0 0 0
720053 766596 889691 671201 0 0 0 0
720053 766596 720053 766596 0 0 0 0
703386 701594 720053 766596 0 0 0 0
727526 663999 720053 766596 0 0 0 0
750317 655655 720053 766596 0 0 0 0
775111 669520 720053 766596 0 0 0 0
759612 591787 720053 766596 0 0 0 0
686788 646036 720053 766596 0 0 0 0
536994 681907 720053 766596 0 0 0 0
511085 622784 720053 766596 0 0 0 0
489014 661554 720053 766596 0 0 0 0
454105 689038 720053 766596 0 0 0 0
468957 699640 720053 766596 0 0 0 0
472014 744481 720053 766596 0 0 0 0
457934 762556 720053 766596 0 0 0 0
380730 758425 720053 766596 0 0 0 0
366222 777376 720053 766596 0 0 0 0
355534 775413 720053 766596 0 0 0 0
279859 746107 720053 766596 0 0 0 0
245066 743265 720053 766596 0 0 0 0
308325 724710 720053 766596 0 0 0 0
365255 706884 720053 766596 0 0 0 0
359417 687006 720053 766596 0 0 0 0
370662 694379 720053 766596 0 0 0 0
408859 689005 720053 766596 0 0 0 0
400318 666565 720053 766596 0 0 0 0
383253 529518 720053 766596 0 0 0 0
331906 511016 720053 766596 0 0 0 0
299349 528208 720053 766596 0 0 0 0
306047 429149 720053 766596 0 0 0 0
329629 419608 720053 766596 0 0 0 0
375816 415448 720053 766596 0 0 0 0
375816 415448 375816 415448 0 0 0 0
395128 399521 375816 415448 0 0 0 0
404137 391610 375816 415448 0 0 0 0
413945 391731 375816 415448 0 0 0 0
382635 364981 375816 415448 0 0 0 0
389945 330099 375816 415448 0 0 0 0
416124 327860 375816 415448 0 0 0 0
416124 327860 416124 327860 0 0 0 0
454569 377400 416124 327860 0 0 0 0
463155 395271 416124 327860 0 0 0 0
490979 403783 416124 327860 0 0 0 0
578973 348249 416124 327860 0 0 0 0
578973 348249 578973 348249 0 0 0 0
657493 354445 578973 348249 0 0 0 0
678517 416516 578973 348249 0 0 0 0
663017 420282 578973 348249 0 0 0 0
663877 421571 578973 348249 0 0 0 0
677512 458584 578973 348249 0 0 0 0
684044 477116 578973 348249 0 0 0 0
684044 477116 684044 477116 0 0 0 0
724618 506888 684044 477116 0 0 0 0
724618 506888 724618 506888 0 0 0 0
781984 480792 724618 506888 0 0 0 0
787185 449102 724618 506888 0 0 0 0
787185 449102 787185 449102 0 0 0 0
767266 448159 787185 449102 0 0 0 0
752534 436590 787185 449102 0 0 0 0
728680 440962 787185 449102 0 0 0 0
724760 435051 787185 449102 0 0 0 0
724760 435051 724760 435051 0 0 0 0
729474 426517 724760 435051 0 0 0 0
713710 414634 724760 435051 0 0 0 0
698126 398791 724760 435051 0 0 0 0
698126 398791 698126 398791 0 0 0 0
735029 365557 698126 398791 0 0 0 0
735029 365557 735029 365557 0 0 0 0
749782 403057 735029 365557 0 0 0 0
766413 398154 735029 365557 0 0 0 0
766413 398154 766413 398154 0 0 0 0
772018 377918 766413 398154 0 0 0 0
797601 365747 766413 398154 0 0 0 0
796564 389186 766413 398154 0 0 0 0
814459 384863 766413 398154 0 0 0 0
814459 384863 814459 384863 0 0 0 0
813406 400726 814459 384863 0 0 0 0
796990 412268 814459 384863 0 0 0 0
826204 436750 814459 384863 0 0 0 0
826204 436750 826204 436750 0 0 0 0
838731 440671 826204 436750 0 0 0 0
845192 439577 826204 436750 0 0 0 0
844393 442746 826204 436750 0 0 0 0
859892 465516 826204 436750 0 0 0 0
940708 469598 826204 436750 0 0 0 0
913454 459607 826204 436750 0 0 0 0
913454 459607 913454 459607 0 0 0 0
852171 408041 913454 459607 0 0 0 0
856270 377622 913454 459607 0 0 0 0
851533 374362 913454 459607 0 0 0 0
853197 358751 913454 459607 0 0 0 0
835994 361976 913454 459607 0 0 0 0
811336 337680 913454 459607 0 0 0 0
811336 337680 811336 337680 0 0 0 0
770910 322096 811336 337680 0 0 0 0
691352 281328 811336 337680 0 0 0 0
567084 165079 811336 337680 0 0 0 0
470110 299787 811336 337680 0 0 0 0
470110 299787 470110 299787 0 0 0 0
428944 281975 470110 299787 0 0 0 0
350896 253087 470110 299787 0 0 0 0
350896 253087 350896 253087 0 0 0 0
279137 320135 350896 253087 0 0 0 0
267851 397589 350896 253087 0 0 0 0
260272 355198 350896 253087 0 0 0 0
260272 355198 260272 355198 0 0 0 0
269377 318757 260272 355198 0 0 0 0
