848244 225077 863450 207388 0 0 0 0
828186 238839 863450 207388 0 0 0 0
818932 274188 863450 207388 0 0 0 0
846307 310620 863450 207388 0 0 0 0
877547 307803 863450 207388 0 0 0 0
866699 326483 863450 207388 0 0 0 0
827866 375051 863450 207388 0 0 0 0
824230 340690 863450 207388 0 0 0 0
789643 297971 863450 207388 0 0 0 0
793810 284657 863450 207388 0 0 0 0
789104 263569 863450 207388 0 0 0 0
769067 251836 863450 207388 0 0 0 0
772282 248428 863450 207388 0 0 0 0
797522 240640 863450 207388 0 0 0 0
797255 217093 863450 207388 0 0 0 0
816377 155042 863450 207388 0 0 0 0
782856 120724 863450 207388 0 0 0 0
761238 117868 863450 207388 0 0 0 0
751916 162182 863450 207388 0 0 0 0
751950 193108 863450 207388 0 0 0 0
728911 189383 863450 207388 0 0 0 0
727322 211720 863450 207388 0 0 0 0
733472 215947 863450 207388 0 0 0 0
734435 232339 863450 207388 0 0 0 0
732024 252443 863450 207388 0 0 0 0
737920 256703 863450 207388 0 0 0 0
737624 274510 863450 207388 0 0 0 0
756423 271473 863450 207388 0 0 0 0
748480 291228 863450 207388 0 0 0 0
758146 315672 863450 207388 0 0 0 0
734545 303532 863450 207388 0 0 0 0
680117 316549 863450 207388 0 0 0 0
695721 269173 863450 207388 0 0 0 0
697489 266714 863450 207388 0 0 0 0
683690 240631 863450 207388 0 0 0 0
692109 229382 863450 207388 0 0 0 0
698420 214729 863450 207388 0 0 0 0
693795 201234 863450 207388 0 0 0 0
691810 172184 863450 207388 0 0 0 0
636983 161437 863450 207388 0 0 0 0
641484 218810 863450 207388 0 0 0 0
620274 227018 863450 207388 0 0 0 0
647530 265032 863450 207388 0 0 0 0
593166 330245 863450 207388 0 0 0 0
515663 346034 863450 207388 0 0 0 0
465697 327339 863450 207388 0 0 0 0
465697 327339 465697 327339 0 0 0 0
436763 299803 465697 327339 0 0 0 0
424085 286033 465697 327339 0 0 0 0
405118 313506 465697 327339 0 0 0 0
320342 310007 465697 327339 0 0 0 0
320342 310007 320342 310007 0 0 0 0
354552 369163 320342 310007 0 0 0 0
388897 443907 320342 310007 0 0 0 0
388897 443907 388897 443907 0 0 0 0
419239 394155 388897 443907 0 0 0 0
415185 367598 388897 443907 0 0 0 0
471292 356697 388897 443907 0 0 0 0
476100 376637 388897 443907 0 0 0 0
476100 376637 476100 376637 0 0 0 0
484944 380151 476100 376637 0 0 0 0
567771 421977 476100 376637 0 0 0 0
567771 421977 567771 421977 0 0 0 0
519084 480680 567771 421977 0 0 0 0
625351 546513 567771 421977 0 0 0 0
725205 564367 567771 421977 0 0 0 0
731963 568635 567771 421977 0 0 0 0
754959 551115 567771 421977 0 0 0 0
766823 554438 567771 421977 0 0 0 0
765965 562990 567771 421977 0 0 0 0
780949 565922 567771 421977 0 0 0 0
781597 560389 567771 421977 0 0 0 0
794647 556909 567771 421977 0 0 0 0
805237 556329 567771 421977 0 0 0 0
805453 549951 567771 421977 0 0 0 0
791580 520110 567771 421977 0 0 0 0
822919 543059 567771 421977 0 0 0 0
832551 557079 567771 421977 0 0 0 0
832551 557079 832551 557079 0 0 0 0
875901 528618 832551 557079 0 0 0 0
882568 522782 832551 557079 0 0 0 0
855988 566677 832551 557079 0 0 0 0
821576 581895 832551 557079 0 0 0 0
808535 608160 832551 557079 0 0 0 0
824129 705654 832551 557079 0 0 0 0
770176 645060 832551 557079 0 0 0 0
774688 640456 832551 557079 0 0 0 0
769734 612243 832551 557079 0 0 0 0
787899 610832 832551 557079 0 0 0 0
786376 596312 832551 557079 0 0 0 0
780030 585137 832551 557079 0 0 0 0
767771 597320 832551 557079 0 0 0 0
741090 593784 832551 557079 0 0 0 0
728758 597869 832551 557079 0 0 0 0
631219 633639 832551 557079 0 0 0 0
613505 694289 832551 557079 0 0 0 0
613505 694289 613505 694289 0 0 0 0
511020 709711 613505 694289 0 0 0 0
511020 709711 511020 709711 0 0 0 0
359792 645165 511020 709711 0 0 0 0
359792 645165 359792 645165 0 0 0 0
265208 637973 359792 645165 0 0 0 0
302146 600140 359792 645165 0 0 0 0
324001 582421 359792 645165 0 0 0 0
290950 554589 359792 645165 0 0 0 0
246023 484087 359792 645165 0 0 0 0
178529 516001 359792 645165 0 0 0 0
192776 561366 359792 645165 0 0 0 0
