255739 450799 246795 453685 0 0 0 0
283532 416926 246795 453685 0 0 0 0
281516 408411 246795 453685 0 0 0 0
300747 397703 246795 453685 0 0 0 0
340704 393808 246795 453685 0 0 0 0
340704 393808 340704 393808 0 0 0 0
338398 412912 340704 393808 0 0 0 0
354665 450856 340704 393808 0 0 0 0
340193 455885 340704 393808 0 0 0 0
335749 459189 340704 393808 0 0 0 0
332761 466837 340704 393808 0 0 0 0
326095 456487 340704 393808 0 0 0 0
297976 455085 340704 393808 0 0 0 0
308937 491939 340704 393808 0 0 0 0
313094 505927 340704 393808 0 0 0 0
315159 511275 340704 393808 0 0 0 0
317250 510005 340704 393808 0 0 0 0
342274 514115 340704 393808 0 0 0 0
341354 517773 340704 393808 0 0 0 0
345501 525037 340704 393808 0 0 0 0
353985 518007 340704 393808 0 0 0 0
362267 489408 340704 393808 0 0 0 0
373528 463769 340704 393808 0 0 0 0
382593 461583 340704 393808 0 0 0 0
382593 461583 382593 461583 0 0 0 0
382447 448818 382593 461583 0 0 0 0
420754 433857 382593 461583 0 0 0 0
420197 426292 382593 461583 0 0 0 0
420197 426292 420197 426292 0 0 0 0
516606 446619 420197 426292 0 0 0 0
495620 459938 420197 426292 0 0 0 0
495620 459938 495620 459938 0 0 0 0
422961 468243 495620 459938 0 0 0 0
431811 483743 495620 459938 0 0 0 0
418863 523825 495620 459938 0 0 0 0
410511 521231 495620 459938 0 0 0 0
407941 540388 495620 459938 0 0 0 0
411629 559004 495620 459938 0 0 0 0
401674 558341 495620 459938 0 0 0 0
390820 520628 495620 459938 0 0 0 0
385854 509055 495620 459938 0 0 0 0
380145 518073 495620 459938 0 0 0 0
375009 530268 495620 459938 0 0 0 0
364730 530344 495620 459938 0 0 0 0
326008 576391 495620 459938 0 0 0 0
384718 645703 495620 459938 0 0 0 0
408440 640841 495620 459938 0 0 0 0
454140 602382 495620 459938 0 0 0 0
447321 620928 495620 459938 0 0 0 0
461075 651645 495620 459938 0 0 0 0
470749 663998 495620 459938 0 0 0 0
474146 674990 495620 459938 0 0 0 0
458212 693679 495620 459938 0 0 0 0
430038 701883 495620 459938 0 0 0 0
417828 682245 495620 459938 0 0 0 0
380496 698583 495620 459938 0 0 0 0
385518 715060 495620 459938 0 0 0 0
409246 773070 495620 459938 0 0 0 0
427775 765974 495620 459938 0 0 0 0
499901 815936 495620 459938 0 0 0 0
513895 789114 495620 459938 0 0 0 0
526488 757115 495620 459938 0 0 0 0
534924 719528 495620 459938 0 0 0 0
513947 707776 495620 459938 0 0 0 0
492219 689724 495620 459938 0 0 0 0
507055 667318 495620 459938 0 0 0 0
484815 664768 495620 459938 0 0 0 0
490067 636278 495620 459938 0 0 0 0
504583 610658 495620 459938 0 0 0 0
506019 630438 495620 459938 0 0 0 0
512305 646427 495620 459938 0 0 0 0
513022 651684 495620 459938 0 0 0 0
532619 660989 495620 459938 0 0 0 0
581618 702516 495620 459938 0 0 0 0
581618 702516 581618 702516 0 0 0 0
604273 701256 581618 702516 0 0 0 0
592648 655382 581618 702516 0 0 0 0
577153 618294 581618 702516 0 0 0 0
589134 589023 581618 702516 0 0 0 0
655314 524520 581618 702516 0 0 0 0
655314 524520 655314 524520 0 0 0 0
694544 521367 655314 524520 0 0 0 0
694544 521367 694544 521367 0 0 0 0
707877 524155 694544 521367 0 0 0 0
713825 568740 694544 521367 0 0 0 0
725499 550768 694544 521367 0 0 0 0
744571 544938 694544 521367 0 0 0 0
767285 547404 694544 521367 0 0 0 0
750585 489765 694544 521367 0 0 0 0
747449 483829 694544 521367 0 0 0 0
754511 458654 694544 521367 0 0 0 0
774450 471872 694544 521367 0 0 0 0
790043 471067 694544 521367 0 0 0 0
781812 419893 694544 521367 0 0 0 0
798512 397128 694544 521367 0 0 0 0
817331 452864 694544 521367 0 0 0 0
810469 513544 694544 521367 0 0 0 0
842574 515065 694544 521367 0 0 0 0
828559 563950 694544 521367 0 0 0 0
812991 555176 694544 521367 0 0 0 0
799731 565892 694544 521367 0 0 0 0
791073 569151 694544 521367 0 0 0 0
791185 583325 694544 521367 0 0 0 0
770873 620658 694544 521367 0 0 0 0
789793 692914 694544 521367 0 0 0 0
820575 704809 694544 521367 0 0 0 0
