760011 702574 797995 690113 0 0 0 0
727199 726555 797995 690113 0 0 0 0
680130 742986 797995 690113 0 0 0 0
641101 716755 797995 690113 0 0 0 0
618647 728493 797995 690113 0 0 0 0
618647 728493 618647 728493 0 0 0 0
618314 693605 618647 728493 0 0 0 0
663168 694297 618647 728493 0 0 0 0
657285 681289 618647 728493 0 0 0 0
663550 675036 618647 728493 0 0 0 0
658665 662385 618647 728493 0 0 0 0
656681 654814 618647 728493 0 0 0 0
660079 660595 618647 728493 0 0 0 0
675658 671804 618647 728493 0 0 0 0
696085 667092 618647 728493 0 0 0 0
692930 689417 618647 728493 0 0 0 0
719628 688602 618647 728493 0 0 0 0
714898 684077 618647 728493 0 0 0 0
717060 677493 618647 728493 0 0 0 0
764137 660545 618647 728493 0 0 0 0
787214 654635 618647 728493 0 0 0 0
787214 654635 787214 654635 0 0 0 0
815408 621965 787214 654635 0 0 0 0
775222 600743 787214 654635 0 0 0 0
745334 630442 787214 654635 0 0 0 0
745334 630442 745334 630442 0 0 0 0
736414 611789 745334 630442 0 0 0 0
712224 629516 745334 630442 0 0 0 0
686041 643115 745334 630442 0 0 0 0
686041 643115 686041 643115 0 0 0 0
698239 611178 686041 643115 0 0 0 0
721225 519389 686041 643115 0 0 0 0
743926 488871 686041 643115 0 0 0 0
749053 477066 686041 643115 0 0 0 0
749053 477066 749053 477066 0 0 0 0
780383 490051 749053 477066 0 0 0 0
842409 412215 749053 477066 0 0 0 0
807246 387817 749053 477066 0 0 0 0
757524 443368 749053 477066 0 0 0 0
756517 445813 749053 477066 0 0 0 0
732207 419597 749053 477066 0 0 0 0
722108 438615 749053 477066 0 0 0 0
719121 461447 749053 477066 0 0 0 0
707056 452552 749053 477066 0 0 0 0
701867 447328 749053 477066 0 0 0 0
681675 435876 749053 477066 0 0 0 0
685541 433985 749053 477066 0 0 0 0
696493 421488 749053 477066 0 0 0 0
673058 415624 749053 477066 0 0 0 0
663829 386658 749053 477066 0 0 0 0
636661 393350 749053 477066 0 0 0 0
645674 413911 749053 477066 0 0 0 0
634890 433108 749053 477066 0 0 0 0
596409 422559 749053 477066 0 0 0 0
617065 439585 749053 477066 0 0 0 0
653807 479464 749053 477066 0 0 0 0
671424 483300 749053 477066 0 0 0 0
688708 469566 749053 477066 0 0 0 0
689557 474363 749053 477066 0 0 0 0
685144 477151 749053 477066 0 0 0 0
680646 492687 749053 477066 0 0 0 0
677418 506248 749053 477066 0 0 0 0
644667 519993 749053 477066 0 0 0 0
644667 519993 644667 519993 0 0 0 0
630175 590703 644667 519993 0 0 0 0
630175 590703 630175 590703 0 0 0 0
582992 542962 630175 590703 0 0 0 0
582992 542962 582992 542962 0 0 0 0
596306 510970 582992 542962 0 0 0 0
596306 510970 596306 510970 0 0 0 0
472905 545746 596306 510970 0 0 0 0
472905 545746 472905 545746 0 0 0 0
483396 594003 472905 545746 0 0 0 0
483396 594003 483396 594003 0 0 0 0
463813 681859 483396 594003 0 0 0 0
463813 681859 463813 681859 0 0 0 0
415093 617580 463813 681859 0 0 0 0
377971 605860 463813 681859 0 0 0 0
390607 533011 463813 681859 0 0 0 0
416323 485421 463813 681859 0 0 0 0
347762 462349 463813 681859 0 0 0 0
409074 424892 463813 681859 0 0 0 0
484961 382612 463813 681859 0 0 0 0
454392 335919 463813 681859 0 0 0 0
455164 328132 463813 681859 0 0 0 0
470655 267070 463813 681859 0 0 0 0
390770 339096 463813 681859 0 0 0 0
338138 291958 463813 681859 0 0 0 0
338138 291958 338138 291958 0 0 0 0
324329 315883 338138 291958 0 0 0 0
293250 333498 338138 291958 0 0 0 0
290342 418112 338138 291958 0 0 0 0
290342 418112 290342 418112 0 0 0 0
212200 376164 290342 418112 0 0 0 0
191768 376164 290342 418112 0 0 0 0
191768 376164 191768 376164 0 0 0 0
268653 321285 191768 376164 0 0 0 0
249748 311386 191768 376164 0 0 0 0
249748 311386 249748 311386 0 0 0 0
242844 300968 249748 311386 0 0 0 0
251418 293412 249748 311386 0 0 0 0
267408 281136 249748 311386 0 0 0 0
284103 268394 249748 311386 0 0 0 0
258512 258642 249748 311386 0 0 0 0
259070 257519 249748 311386 0 0 0 0
260737 248316 249748 311386 0 0 0 0
279866 193296 249748 311386 0 0 0 0
243423 217987 249748 311386 0 0 0 0
243423 217987 243423 217987 0 0 0 0
227301 239092 243423 217987 0 0 0 0
227909 250106 243423 217987 0 0 0 0
207743 258935 243423 217987 0 0 0 0
178212 265181 243423 217987 0 0 0 0
134300 317476 243423 217987 0 0 0 0
117548 187132 243423 217987 0 0 0 0
69182 249954 243423 217987 0 0 0 0
