748068 573413 837186 611131 0 0 0 0
748074 584227 837186 611131 0 0 0 0
707079 602875 837186 611131 0 0 0 0
680781 589386 837186 611131 0 0 0 0
719862 543834 837186 611131 0 0 0 0
689400 528239 837186 611131 0 0 0 0
678775 556840 837186 611131 0 0 0 0
678027 561402 837186 611131 0 0 0 0
636458 562251 837186 611131 0 0 0 0
616875 547417 837186 611131 0 0 0 0
607847 579178 837186 611131 0 0 0 0
540736 531551 837186 611131 0 0 0 0
556982 484136 837186 611131 0 0 0 0
588374 494425 837186 611131 0 0 0 0
617535 470368 837186 611131 0 0 0 0
584925 462661 837186 611131 0 0 0 0
572379 457984 837186 611131 0 0 0 0
590442 389469 837186 611131 0 0 0 0
620477 370339 837186 611131 0 0 0 0
621539 327968 837186 611131 0 0 0 0
638056 328952 837186 611131 0 0 0 0
652871 334322 837186 611131 0 0 0 0
654740 329990 837186 611131 0 0 0 0
724797 348279 837186 611131 0 0 0 0
767698 342115 837186 611131 0 0 0 0
650409 307415 837186 611131 0 0 0 0
631924 258541 837186 611131 0 0 0 0
607070 283805 837186 611131 0 0 0 0
601681 317551 837186 611131 0 0 0 0
574332 342585 837186 611131 0 0 0 0
542069 291251 837186 611131 0 0 0 0
481232 269001 837186 611131 0 0 0 0
487958 302914 837186 611131 0 0 0 0
487958 302914 487958 302914 0 0 0 0
497132 379090 487958 302914 0 0 0 0
488785 396522 487958 302914 0 0 0 0
477969 430250 487958 302914 0 0 0 0
477969 430250 477969 430250 0 0 0 0
456351 427460 477969 430250 0 0 0 0
457490 424847 477969 430250 0 0 0 0
457490 424847 457490 424847 0 0 0 0
450940 409741 457490 424847 0 0 0 0
451258 404705 457490 424847 0 0 0 0
451258 404705 451258 404705 0 0 0 0
368141 389704 451258 404705 0 0 0 0
368141 389704 368141 389704 0 0 0 0
353929 374791 368141 389704 0 0 0 0
341589 410752 368141 389704 0 0 0 0
339798 417774 368141 389704 0 0 0 0
311964 409485 368141 389704 0 0 0 0
332216 440130 368141 389704 0 0 0 0
359636 442558 368141 389704 0 0 0 0
359636 442558 359636 442558 0 0 0 0
398766 437217 359636 442558 0 0 0 0
433278 432663 359636 442558 0 0 0 0
452388 451177 359636 442558 0 0 0 0
469582 453705 359636 442558 0 0 0 0
489637 456383 359636 442558 0 0 0 0
506704 435677 359636 442558 0 0 0 0
539380 445406 359636 442558 0 0 0 0
515693 479602 359636 442558 0 0 0 0
498234 475498 359636 442558 0 0 0 0
498234 475498 498234 475498 0 0 0 0
484629 484147 498234 475498 0 0 0 0
452869 474748 498234 475498 0 0 0 0
428557 477049 498234 475498 0 0 0 0
397576 548601 498234 475498 0 0 0 0
449879 567031 498234 475498 0 0 0 0
482378 524238 498234 475498 0 0 0 0
484739 543658 498234 475498 0 0 0 0
500008 565000 498234 475498 0 0 0 0
540022 596159 498234 475498 0 0 0 0
514503 634335 498234 475498 0 0 0 0
523054 640002 498234 475498 0 0 0 0
525931 644142 498234 475498 0 0 0 0
533551 661968 498234 475498 0 0 0 0
534653 675322 498234 475498 0 0 0 0
561705 685224 498234 475498 0 0 0 0
530326 691719 498234 475498 0 0 0 0
522212 687709 498234 475498 0 0 0 0
522212 687709 522212 687709 0 0 0 0
529311 718666 522212 687709 0 0 0 0
527266 726784 522212 687709 0 0 0 0
527266 726784 527266 726784 0 0 0 0
542958 731320 527266 726784 0 0 0 0
542315 747573 527266 726784 0 0 0 0
500292 731819 527266 726784 0 0 0 0
499442 703715 527266 726784 0 0 0 0
502022 692939 527266 726784 0 0 0 0
489583 676497 527266 726784 0 0 0 0
492142 666797 527266 726784 0 0 0 0
492142 666797 492142 666797 0 0 0 0
502151 660692 492142 666797 0 0 0 0
501745 657265 492142 666797 0 0 0 0
475847 652822 492142 666797 0 0 0 0
469998 641282 492142 666797 0 0 0 0
455796 617172 492142 666797 0 0 0 0
455796 617172 455796 617172 0 0 0 0
450820 660680 455796 617172 0 0 0 0
468885 673517 455796 617172 0 0 0 0
451926 681651 455796 617172 0 0 0 0
415958 677113 455796 617172 0 0 0 0
414668 743819 455796 617172 0 0 0 0
384705 702530 455796 617172 0 0 0 0
313393 707099 455796 617172 0 0 0 0
238769 664771 455796 617172 0 0 0 0
238769 664771 238769 664771 0 0 0 0
247353 629484 238769 664771 0 0 0 0
247353 629484 247353 629484 0 0 0 0
309155 617139 247353 629484 0 0 0 0
309155 617139 309155 617139 0 0 0 0
228162 500273 309155 617139 0 0 0 0
200050 506354 309155 617139 0 0 0 0
