156353 499120 123285 433004 0 0 0 0
174606 531936 123285 433004 0 0 0 0
183006 563038 123285 433004 0 0 0 0
143968 639610 123285 433004 0 0 0 0
192619 622338 123285 433004 0 0 0 0
212998 595586 123285 433004 0 0 0 0
251408 594596 123285 433004 0 0 0 0
278708 613231 123285 433004 0 0 0 0
238742 628662 123285 433004 0 0 0 0
222984 628353 123285 433004 0 0 0 0
239731 646892 123285 433004 0 0 0 0
259256 674679 123285 433004 0 0 0 0
259256 674679 259256 674679 0 0 0 0
292668 651635 259256 674679 0 0 0 0
308814 650386 259256 674679 0 0 0 0
322399 667008 259256 674679 0 0 0 0
322399 667008 322399 667008 0 0 0 0
292638 729487 322399 667008 0 0 0 0
292638 729487 292638 729487 0 0 0 0
286759 779232 292638 729487 0 0 0 0
286759 779232 286759 779232 0 0 0 0
381436 791542 286759 779232 0 0 0 0
393395 877697 286759 779232 0 0 0 0
491113 918811 286759 779232 0 0 0 0
548352 751196 286759 779232 0 0 0 0
564662 721487 286759 779232 0 0 0 0
559455 713616 286759 779232 0 0 0 0
563399 677618 286759 779232 0 0 0 0
540501 696504 286759 779232 0 0 0 0
541857 706037 286759 779232 0 0 0 0
522376 716413 286759 779232 0 0 0 0
510801 699820 286759 779232 0 0 0 0
529614 689133 286759 779232 0 0 0 0
528248 672849 286759 779232 0 0 0 0
505843 676074 286759 779232 0 0 0 0
498900 698145 286759 779232 0 0 0 0
489693 688030 286759 779232 0 0 0 0
474933 695545 286759 779232 0 0 0 0
422770 719308 286759 779232 0 0 0 0
422770 719308 422770 719308 0 0 0 0
367459 639096 422770 719308 0 0 0 0
367459 639096 367459 639096 0 0 0 0
381293 567742 367459 639096 0 0 0 0
381293 567742 381293 567742 0 0 0 0
300466 546697 381293 567742 0 0 0 0
300466 546697 300466 546697 0 0 0 0
296396 481984 300466 546697 0 0 0 0
296396 481984 296396 481984 0 0 0 0
318274 464003 296396 481984 0 0 0 0
318274 464003 318274 464003 0 0 0 0
277466 385453 318274 464003 0 0 0 0
277466 385453 277466 385453 0 0 0 0
251798 408720 277466 385453 0 0 0 0
251798 408720 251798 408720 0 0 0 0
239920 385864 251798 408720 0 0 0 0
234632 383130 251798 408720 0 0 0 0
210704 386801 251798 408720 0 0 0 0
212852 371409 251798 408720 0 0 0 0
212852 371409 212852 371409 0 0 0 0
252633 357373 212852 371409 0 0 0 0
256791 356506 212852 371409 0 0 0 0
261428 311842 212852 371409 0 0 0 0
261428 311842 261428 311842 0 0 0 0
222303 270792 261428 311842 0 0 0 0
294488 273475 261428 311842 0 0 0 0
328194 365613 261428 311842 0 0 0 0
355144 383442 261428 311842 0 0 0 0
455888 453941 261428 311842 0 0 0 0
433399 477925 261428 311842 0 0 0 0
415269 514402 261428 311842 0 0 0 0
480687 556784 261428 311842 0 0 0 0
495165 562117 261428 311842 0 0 0 0
495165 562117 495165 562117 0 0 0 0
502865 553359 495165 562117 0 0 0 0
506848 533961 495165 562117 0 0 0 0
480643 505480 495165 562117 0 0 0 0
498745 476751 495165 562117 0 0 0 0
502189 491037 495165 562117 0 0 0 0
513373 503991 495165 562117 0 0 0 0
531690 511339 495165 562117 0 0 0 0
557011 510346 495165 562117 0 0 0 0
567507 446810 495165 562117 0 0 0 0
588587 501978 495165 562117 0 0 0 0
588587 501978 588587 501978 0 0 0 0
604094 556573 588587 501978 0 0 0 0
602137 559739 588587 501978 0 0 0 0
602137 559739 602137 559739 0 0 0 0
579126 534477 602137 559739 0 0 0 0
557308 542982 602137 559739 0 0 0 0
557308 542982 557308 542982 0 0 0 0
542448 566227 557308 542982 0 0 0 0
521206 579022 557308 542982 0 0 0 0
487719 594825 557308 542982 0 0 0 0
523559 625026 557308 542982 0 0 0 0
523559 625026 523559 625026 0 0 0 0
560997 606643 523559 625026 0 0 0 0
573470 612961 523559 625026 0 0 0 0
555684 629017 523559 625026 0 0 0 0
555781 644254 523559 625026 0 0 0 0
546512 650170 523559 625026 0 0 0 0
568042 653890 523559 625026 0 0 0 0
580575 646445 523559 625026 0 0 0 0
588813 638059 523559 625026 0 0 0 0
594774 615772 523559 625026 0 0 0 0
613307 597072 523559 625026 0 0 0 0
621955 578663 523559 625026 0 0 0 0
653361 576053 523559 625026 0 0 0 0
722344 650055 523559 625026 0 0 0 0
722344 650055 722344 650055 0 0 0 0
722461 591892 722344 650055 0 0 0 0
740893 518515 722344 650055 0 0 0 0
682480 492263 722344 650055 0 0 0 0
719613 392907 722344 650055 0 0 0 0
757310 433134 722344 650055 0 0 0 0
763463 467373 722344 650055 0 0 0 0
763463 467373 763463 467373 0 0 0 0
819402 447483 763463 467373 0 0 0 0
850552 471723 763463 467373 0 0 0 0
823917 523866 763463 467373 0 0 0 0
872519 542784 763463 467373 0 0 0 0
