125924 551748 120882 513672 0 0 0 0
132210 589837 120882 513672 0 0 0 0
111046 654356 120882 513672 0 0 0 0
178514 650981 120882 513672 0 0 0 0
222602 652669 120882 513672 0 0 0 0
222602 652669 222602 652669 0 0 0 0
263180 582827 222602 652669 0 0 0 0
263180 582827 263180 582827 0 0 0 0
189816 435224 263180 582827 0 0 0 0
171251 419323 263180 582827 0 0 0 0
174472 413831 263180 582827 0 0 0 0
201075 355635 263180 582827 0 0 0 0
279816 440892 263180 582827 0 0 0 0
318616 391631 263180 582827 0 0 0 0
367736 364951 263180 582827 0 0 0 0
393979 381059 263180 582827 0 0 0 0
419609 372257 263180 582827 0 0 0 0
408102 365374 263180 582827 0 0 0 0
387663 354189 263180 582827 0 0 0 0
345728 286606 263180 582827 0 0 0 0
388699 285463 263180 582827 0 0 0 0
409173 250552 263180 582827 0 0 0 0
446383 269303 263180 582827 0 0 0 0
430792 312406 263180 582827 0 0 0 0
472797 343478 263180 582827 0 0 0 0
472797 343478 472797 343478 0 0 0 0
517012 330149 472797 343478 0 0 0 0
501666 323556 472797 343478 0 0 0 0
497314 313548 472797 343478 0 0 0 0
482982 311798 472797 343478 0 0 0 0
502501 278077 472797 343478 0 0 0 0
501956 262935 472797 343478 0 0 0 0
509961 259069 472797 343478 0 0 0 0
536798 274557 472797 343478 0 0 0 0
537495 262287 472797 343478 0 0 0 0
549491 239171 472797 343478 0 0 0 0
545291 203540 472797 343478 0 0 0 0
499799 177869 472797 343478 0 0 0 0
496704 202538 472797 343478 0 0 0 0
469116 229585 472797 343478 0 0 0 0
442681 223032 472797 343478 0 0 0 0
427604 128053 472797 343478 0 0 0 0
468240 131263 472797 343478 0 0 0 0
509893 110205 472797 343478 0 0 0 0
563326 98481 472797 343478 0 0 0 0
560554 127419 472797 343478 0 0 0 0
562793 177206 472797 343478 0 0 0 0
550494 178577 472797 343478 0 0 0 0
559880 202239 472797 343478 0 0 0 0
576583 202114 472797 343478 0 0 0 0
674128 205330 472797 343478 0 0 0 0
639199 285064 472797 343478 0 0 0 0
639199 285064 639199 285064 0 0 0 0
639522 391004 639199 285064 0 0 0 0
578234 349617 639199 285064 0 0 0 0
501056 394156 639199 285064 0 0 0 0
484793 421218 639199 285064 0 0 0 0
484793 421218 484793 421218 0 0 0 0
525781 456073 484793 421218 0 0 0 0
525781 456073 525781 456073 0 0 0 0
471052 477679 525781 456073 0 0 0 0
434666 447250 525781 456073 0 0 0 0
423392 445488 525781 456073 0 0 0 0
423392 445488 423392 445488 0 0 0 0
418225 427767 423392 445488 0 0 0 0
412251 441107 423392 445488 0 0 0 0
390118 460305 423392 445488 0 0 0 0
390118 460305 390118 460305 0 0 0 0
461204 646481 390118 460305 0 0 0 0
524100 725287 390118 460305 0 0 0 0
481382 703063 390118 460305 0 0 0 0
481382 703063 481382 703063 0 0 0 0
460371 688303 481382 703063 0 0 0 0
440389 704723 481382 703063 0 0 0 0
433443 732869 481382 703063 0 0 0 0
429317 765654 481382 703063 0 0 0 0
473042 782145 481382 703063 0 0 0 0
488470 790099 481382 703063 0 0 0 0
508759 793673 481382 703063 0 0 0 0
524642 779924 481382 703063 0 0 0 0
530617 773492 481382 703063 0 0 0 0
546557 801715 481382 703063 0 0 0 0
547672 843489 481382 703063 0 0 0 0
568698 842292 481382 703063 0 0 0 0
586794 872478 481382 703063 0 0 0 0
582866 845892 481382 703063 0 0 0 0
590931 758306 481382 703063 0 0 0 0
591187 701616 481382 703063 0 0 0 0
588499 679379 481382 703063 0 0 0 0
588499 679379 588499 679379 0 0 0 0
701741 525428 588499 679379 0 0 0 0
743808 553167 588499 679379 0 0 0 0
748582 567672 588499 679379 0 0 0 0
766072 581711 588499 679379 0 0 0 0
778869 609540 588499 679379 0 0 0 0
790805 643976 588499 679379 0 0 0 0
801882 649895 588499 679379 0 0 0 0
780803 663444 588499 679379 0 0 0 0
756223 671338 588499 679379 0 0 0 0
769096 707778 588499 679379 0 0 0 0
793116 795409 588499 679379 0 0 0 0
816087 726469 588499 679379 0 0 0 0
821704 713549 588499 679379 0 0 0 0
816770 689675 588499 679379 0 0 0 0
838129 656993 588499 679379 0 0 0 0
860619 670149 588499 679379 0 0 0 0
850515 734763 588499 679379 0 0 0 0
871255 735087 588499 679379 0 0 0 0
962055 735654 588499 679379 0 0 0 0
