207480 782037 170752 806483 0 0 0 0
217107 773505 170752 806483 0 0 0 0
236305 780782 170752 806483 0 0 0 0
225951 744713 170752 806483 0 0 0 0
232412 741441 170752 806483 0 0 0 0
260507 755299 170752 806483 0 0 0 0
265477 805193 170752 806483 0 0 0 0
242824 826026 170752 806483 0 0 0 0
239873 835861 170752 806483 0 0 0 0
285954 856227 170752 806483 0 0 0 0
282825 811933 170752 806483 0 0 0 0
317129 798453 170752 806483 0 0 0 0
332379 747951 170752 806483 0 0 0 0
324539 746768 170752 806483 0 0 0 0
287706 719778 170752 806483 0 0 0 0
287706 719778 287706 719778 0 0 0 0
286226 684450 287706 719778 0 0 0 0
286226 684450 286226 684450 0 0 0 0
276173 653027 286226 684450 0 0 0 0
207112 676461 286226 684450 0 0 0 0
207112 676461 207112 676461 0 0 0 0
196363 716154 207112 676461 0 0 0 0
206996 731994 207112 676461 0 0 0 0
205550 732848 207112 676461 0 0 0 0
154163 720790 207112 676461 0 0 0 0
129526 685536 207112 676461 0 0 0 0
169844 649076 207112 676461 0 0 0 0
157457 610687 207112 676461 0 0 0 0
165233 609610 207112 676461 0 0 0 0
206904 614172 207112 676461 0 0 0 0
204332 588388 207112 676461 0 0 0 0
237025 551635 207112 676461 0 0 0 0
259839 574212 207112 676461 0 0 0 0
259498 612907 207112 676461 0 0 0 0
289553 608260 207112 676461 0 0 0 0
288438 604649 207112 676461 0 0 0 0
288244 599436 207112 676461 0 0 0 0
288244 599436 288244 599436 0 0 0 0
302078 552638 288244 599436 0 0 0 0
302078 552638 302078 552638 0 0 0 0
320363 593012 302078 552638 0 0 0 0
320363 593012 320363 593012 0 0 0 0
310129 619782 320363 593012 0 0 0 0
310129 619782 310129 619782 0 0 0 0
327411 645974 310129 619782 0 0 0 0
336082 653010 310129 619782 0 0 0 0
316324 675354 310129 619782 0 0 0 0
316324 675354 316324 675354 0 0 0 0
368703 665004 316324 675354 0 0 0 0
368703 665004 368703 665004 0 0 0 0
484705 723799 368703 665004 0 0 0 0
511004 737081 368703 665004 0 0 0 0
511004 737081 511004 737081 0 0 0 0
501941 765484 511004 737081 0 0 0 0
501941 765484 501941 765484 0 0 0 0
552783 747896 501941 765484 0 0 0 0
558387 754054 501941 765484 0 0 0 0
562762 770161 501941 765484 0 0 0 0
603354 765092 501941 765484 0 0 0 0
618963 792077 501941 765484 0 0 0 0
626772 776340 501941 765484 0 0 0 0
624769 757527 501941 765484 0 0 0 0
655066 770992 501941 765484 0 0 0 0
719570 720518 501941 765484 0 0 0 0
719570 720518 719570 720518 0 0 0 0
612221 714595 719570 720518 0 0 0 0
579670 734809 719570 720518 0 0 0 0
528608 717971 719570 720518 0 0 0 0
528608 717971 528608 717971 0 0 0 0
522364 689606 528608 717971 0 0 0 0
522364 689606 522364 689606 0 0 0 0
425275 650513 522364 689606 0 0 0 0
375068 643364 522364 689606 0 0 0 0
375068 643364 375068 643364 0 0 0 0
353880 624368 375068 643364 0 0 0 0
353880 624368 353880 624368 0 0 0 0
364913 588227 353880 624368 0 0 0 0
368598 589628 353880 624368 0 0 0 0
402189 572988 353880 624368 0 0 0 0
417884 518153 353880 624368 0 0 0 0
417884 518153 417884 518153 0 0 0 0
369890 484928 417884 518153 0 0 0 0
294857 467488 417884 518153 0 0 0 0
287258 458949 417884 518153 0 0 0 0
318927 448359 417884 518153 0 0 0 0
318827 445493 417884 518153 0 0 0 0
376046 418874 417884 518153 0 0 0 0
349637 366429 417884 518153 0 0 0 0
322952 388486 417884 518153 0 0 0 0
288893 402052 417884 518153 0 0 0 0
263714 396262 417884 518153 0 0 0 0
248049 357624 417884 518153 0 0 0 0
282244 338445 417884 518153 0 0 0 0
263283 270310 417884 518153 0 0 0 0
263283 270310 263283 270310 0 0 0 0
444800 179956 263283 270310 0 0 0 0
449330 175094 263283 270310 0 0 0 0
466832 134965 263283 270310 0 0 0 0
477758 119255 263283 270310 0 0 0 0
469168 174293 263283 270310 0 0 0 0
488707 198521 263283 270310 0 0 0 0
486037 217933 263283 270310 0 0 0 0
486037 217933 486037 217933 0 0 0 0
556258 232135 486037 217933 0 0 0 0
808587 202513 486037 217933 0 0 0 0
808587 202513 808587 202513 0 0 0 0
744976 317897 808587 202513 0 0 0 0
716273 357146 808587 202513 0 0 0 0
709941 387566 808587 202513 0 0 0 0
709941 387566 709941 387566 0 0 0 0
687177 516502 709941 387566 0 0 0 0
662441 543051 709941 387566 0 0 0 0
662441 543051 662441 543051 0 0 0 0
755978 527229 662441 543051 0 0 0 0
816323 397002 662441 543051 0 0 0 0
816323 397002 816323 397002 0 0 0 0
843593 456200 816323 397002 0 0 0 0
840798 479232 816323 397002 0 0 0 0
893588 527546 816323 397002 0 0 0 0
965669 504652 816323 397002 0 0 0 0
976060 460048 816323 397002 0 0 0 0
933192 362426 816323 397002 0 0 0 0
