858727 628176 878445 634808 0 0 0 0
865735 606161 878445 634808 0 0 0 0
860979 547865 878445 634808 0 0 0 0
856931 515866 878445 634808 0 0 0 0
836007 534461 878445 634808 0 0 0 0
814296 513515 878445 634808 0 0 0 0
810270 523448 878445 634808 0 0 0 0
810739 575834 878445 634808 0 0 0 0
795200 587250 878445 634808 0 0 0 0
782832 578282 878445 634808 0 0 0 0
766605 565662 878445 634808 0 0 0 0
755612 565245 878445 634808 0 0 0 0
764187 518757 878445 634808 0 0 0 0
727300 519043 878445 634808 0 0 0 0
731919 596997 878445 634808 0 0 0 0
749337 612492 878445 634808 0 0 0 0
713546 675925 878445 634808 0 0 0 0
665888 640874 878445 634808 0 0 0 0
662915 587044 878445 634808 0 0 0 0
665147 520488 878445 634808 0 0 0 0
687839 490965 878445 634808 0 0 0 0
698221 436206 878445 634808 0 0 0 0
760821 415435 878445 634808 0 0 0 0
735682 359639 878445 634808 0 0 0 0
641647 356318 878445 634808 0 0 0 0
652992 392170 878445 634808 0 0 0 0
645206 390566 878445 634808 0 0 0 0
645206 390566 645206 390566 0 0 0 0
640013 400093 645206 390566 0 0 0 0
587905 423825 645206 390566 0 0 0 0
625773 425651 645206 390566 0 0 0 0
627226 437015 645206 390566 0 0 0 0
628235 446233 645206 390566 0 0 0 0
633597 490684 645206 390566 0 0 0 0
620360 478109 645206 390566 0 0 0 0
612182 481762 645206 390566 0 0 0 0
609941 486763 645206 390566 0 0 0 0
606222 483800 645206 390566 0 0 0 0
597368 473527 645206 390566 0 0 0 0
554361 529080 645206 390566 0 0 0 0
554361 529080 554361 529080 0 0 0 0
590721 545116 554361 529080 0 0 0 0
585172 586087 554361 529080 0 0 0 0
544426 625757 554361 529080 0 0 0 0
544426 625757 544426 625757 0 0 0 0
538503 651215 544426 625757 0 0 0 0
566036 652189 544426 625757 0 0 0 0
568401 650834 544426 625757 0 0 0 0
568401 650834 568401 650834 0 0 0 0
606857 655112 568401 650834 0 0 0 0
584982 690769 568401 650834 0 0 0 0
575523 695585 568401 650834 0 0 0 0
567550 708764 568401 650834 0 0 0 0
572775 763861 568401 650834 0 0 0 0
572775 763861 572775 763861 0 0 0 0
539435 750760 572775 763861 0 0 0 0
502120 770931 572775 763861 0 0 0 0
497762 810185 572775 763861 0 0 0 0
476313 756228 572775 763861 0 0 0 0
496469 741274 572775 763861 0 0 0 0
507978 737903 572775 763861 0 0 0 0
521153 707623 572775 763861 0 0 0 0
487695 707292 572775 763861 0 0 0 0
485925 701909 572775 763861 0 0 0 0
512592 675525 572775 763861 0 0 0 0
501208 669417 572775 763861 0 0 0 0
508464 651398 572775 763861 0 0 0 0
508464 651398 508464 651398 0 0 0 0
514884 632024 508464 651398 0 0 0 0
485520 647441 508464 651398 0 0 0 0
477255 661499 508464 651398 0 0 0 0
456133 683948 508464 651398 0 0 0 0
454857 692710 508464 651398 0 0 0 0
452877 683929 508464 651398 0 0 0 0
457942 664483 508464 651398 0 0 0 0
464206 657539 508464 651398 0 0 0 0
460560 648046 508464 651398 0 0 0 0
441826 637451 508464 651398 0 0 0 0
414804 644401 508464 651398 0 0 0 0
414804 644401 414804 644401 0 0 0 0
370616 711348 414804 644401 0 0 0 0
370616 711348 370616 711348 0 0 0 0
367502 654935 370616 711348 0 0 0 0
376372 650710 370616 711348 0 0 0 0
376372 650710 376372 650710 0 0 0 0
363844 626185 376372 650710 0 0 0 0
373702 560471 376372 650710 0 0 0 0
373702 560471 373702 560471 0 0 0 0
430391 557744 373702 560471 0 0 0 0
408804 511327 373702 560471 0 0 0 0
409784 472178 373702 560471 0 0 0 0
406365 460312 373702 560471 0 0 0 0
377826 437143 373702 560471 0 0 0 0
379232 423692 373702 560471 0 0 0 0
360618 392753 373702 560471 0 0 0 0
339754 384977 373702 560471 0 0 0 0
339754 384977 339754 384977 0 0 0 0
245959 394995 339754 384977 0 0 0 0
245959 394995 245959 394995 0 0 0 0
269755 339253 245959 394995 0 0 0 0
269755 339253 269755 339253 0 0 0 0
287971 358910 269755 339253 0 0 0 0
329238 372580 269755 339253 0 0 0 0
361835 367538 269755 339253 0 0 0 0
389805 354231 269755 339253 0 0 0 0
359316 333783 269755 339253 0 0 0 0
333860 327194 269755 339253 0 0 0 0
349488 293864 269755 339253 0 0 0 0
377695 293877 269755 339253 0 0 0 0
369017 252363 269755 339253 0 0 0 0
381459 164616 269755 339253 0 0 0 0
320983 212669 269755 339253 0 0 0 0
