344519 151084 339707 139075 0 0 0 0
340037 156614 339707 139075 0 0 0 0
329186 152790 339707 139075 0 0 0 0
315508 192021 339707 139075 0 0 0 0
333846 186169 339707 139075 0 0 0 0
341596 203196 339707 139075 0 0 0 0
360367 206029 339707 139075 0 0 0 0
360350 211962 339707 139075 0 0 0 0
384904 225332 339707 139075 0 0 0 0
444077 132151 339707 139075 0 0 0 0
421129 206611 339707 139075 0 0 0 0
437567 263251 339707 139075 0 0 0 0
396511 283889 339707 139075 0 0 0 0
396392 286727 339707 139075 0 0 0 0
415152 301312 339707 139075 0 0 0 0
450821 294466 339707 139075 0 0 0 0
464048 274856 339707 139075 0 0 0 0
460677 311736 339707 139075 0 0 0 0
488150 309624 339707 139075 0 0 0 0
549385 281362 339707 139075 0 0 0 0
564109 280250 339707 139075 0 0 0 0
590039 229823 339707 139075 0 0 0 0
620409 259724 339707 139075 0 0 0 0
645008 241411 339707 139075 0 0 0 0
693340 286121 339707 139075 0 0 0 0
669729 313981 339707 139075 0 0 0 0
660778 325836 339707 139075 0 0 0 0
701590 345833 339707 139075 0 0 0 0
752016 327315 339707 139075 0 0 0 0
752016 327315 752016 327315 0 0 0 0
774572 393346 752016 327315 0 0 0 0
712469 399883 752016 327315 0 0 0 0
688237 421798 752016 327315 0 0 0 0
688237 421798 688237 421798 0 0 0 0
550072 363790 688237 421798 0 0 0 0
445402 386371 688237 421798 0 0 0 0
485662 404942 688237 421798 0 0 0 0
492111 440277 688237 421798 0 0 0 0
495292 458778 688237 421798 0 0 0 0
500090 464194 688237 421798 0 0 0 0
538384 453037 688237 421798 0 0 0 0
553384 441884 688237 421798 0 0 0 0
542314 513386 688237 421798 0 0 0 0
528695 500445 688237 421798 0 0 0 0
513439 501860 688237 421798 0 0 0 0
502611 481880 688237 421798 0 0 0 0
485405 478202 688237 421798 0 0 0 0
464773 511968 688237 421798 0 0 0 0
442340 492798 688237 421798 0 0 0 0
441189 464554 688237 421798 0 0 0 0
399769 474009 688237 421798 0 0 0 0
340425 434728 688237 421798 0 0 0 0
340425 434728 340425 434728 0 0 0 0
261318 489059 340425 434728 0 0 0 0
261318 489059 261318 489059 0 0 0 0
303023 567597 261318 489059 0 0 0 0
288147 574842 261318 489059 0 0 0 0
268208 575549 261318 489059 0 0 0 0
282295 615559 261318 489059 0 0 0 0
303787 598620 261318 489059 0 0 0 0
312995 588437 261318 489059 0 0 0 0
345472 588199 261318 489059 0 0 0 0
348985 583909 261318 489059 0 0 0 0
350340 586668 261318 489059 0 0 0 0
365977 605208 261318 489059 0 0 0 0
366345 649894 261318 489059 0 0 0 0
361762 649858 261318 489059 0 0 0 0
297336 676961 261318 489059 0 0 0 0
330353 698964 261318 489059 0 0 0 0
346027 697412 261318 489059 0 0 0 0
329247 711901 261318 489059 0 0 0 0
345710 800763 261318 489059 0 0 0 0
376883 712603 261318 489059 0 0 0 0
392875 699292 261318 489059 0 0 0 0
385793 693197 261318 489059 0 0 0 0
403424 667810 261318 489059 0 0 0 0
411150 660793 261318 489059 0 0 0 0
411481 653574 261318 489059 0 0 0 0
426075 667282 261318 489059 0 0 0 0
452133 665509 261318 489059 0 0 0 0
457023 647410 261318 489059 0 0 0 0
443029 637296 261318 489059 0 0 0 0
431601 629908 261318 489059 0 0 0 0
440851 613747 261318 489059 0 0 0 0
450460 585092 261318 489059 0 0 0 0
459409 559588 261318 489059 0 0 0 0
472897 610059 261318 489059 0 0 0 0
492363 646959 261318 489059 0 0 0 0
522762 616528 261318 489059 0 0 0 0
517726 602828 261318 489059 0 0 0 0
498995 592462 261318 489059 0 0 0 0
507589 584570 261318 489059 0 0 0 0
544132 551364 261318 489059 0 0 0 0
568127 518649 261318 489059 0 0 0 0
578518 507611 261318 489059 0 0 0 0
579905 527786 261318 489059 0 0 0 0
621031 570481 261318 489059 0 0 0 0
655998 603843 261318 489059 0 0 0 0
646652 677539 261318 489059 0 0 0 0
617792 674106 261318 489059 0 0 0 0
631182 709282 261318 489059 0 0 0 0
557428 712368 261318 489059 0 0 0 0
574928 790547 261318 489059 0 0 0 0
