295254 141286 299790 49261 0 0 0 0
258291 191702 299790 49261 0 0 0 0
387295 148568 299790 49261 0 0 0 0
404675 63090 299790 49261 0 0 0 0
454872 45951 299790 49261 0 0 0 0
526832 65309 299790 49261 0 0 0 0
543509 111189 299790 49261 0 0 0 0
555800 173275 299790 49261 0 0 0 0
549562 181935 299790 49261 0 0 0 0
559101 193328 299790 49261 0 0 0 0
490665 188169 299790 49261 0 0 0 0
468119 194032 299790 49261 0 0 0 0
487936 221941 299790 49261 0 0 0 0
504878 249944 299790 49261 0 0 0 0
548500 246987 299790 49261 0 0 0 0
579946 282030 299790 49261 0 0 0 0
601970 267002 299790 49261 0 0 0 0
617939 250446 299790 49261 0 0 0 0
628110 203141 299790 49261 0 0 0 0
638536 215515 299790 49261 0 0 0 0
723133 212496 299790 49261 0 0 0 0
713694 194763 299790 49261 0 0 0 0
747596 162086 299790 49261 0 0 0 0
762010 152211 299790 49261 0 0 0 0
778340 235815 299790 49261 0 0 0 0
752639 251096 299790 49261 0 0 0 0
761986 273692 299790 49261 0 0 0 0
747930 269280 299790 49261 0 0 0 0
726727 273358 299790 49261 0 0 0 0
677421 313588 299790 49261 0 0 0 0
669641 306608 299790 49261 0 0 0 0
649791 327178 299790 49261 0 0 0 0
661838 415895 299790 49261 0 0 0 0
666633 419809 299790 49261 0 0 0 0
656003 423221 299790 49261 0 0 0 0
620604 438596 299790 49261 0 0 0 0
583145 379702 299790 49261 0 0 0 0
468458 303346 299790 49261 0 0 0 0
438646 282096 299790 49261 0 0 0 0
431865 269677 299790 49261 0 0 0 0
353605 245176 299790 49261 0 0 0 0
339507 298489 299790 49261 0 0 0 0
301181 300863 299790 49261 0 0 0 0
301181 300863 301181 300863 0 0 0 0
213419 318531 301181 300863 0 0 0 0
213419 318531 213419 318531 0 0 0 0
159198 266387 213419 318531 0 0 0 0
133089 280943 213419 318531 0 0 0 0
133089 280943 133089 280943 0 0 0 0
71923 385776 133089 280943 0 0 0 0
71923 385776 71923 385776 0 0 0 0
284403 507429 71923 385776 0 0 0 0
284403 507429 284403 507429 0 0 0 0
363466 547436 284403 507429 0 0 0 0
429843 537033 284403 507429 0 0 0 0
429843 537033 429843 537033 0 0 0 0
461840 516652 429843 537033 0 0 0 0
476573 521944 429843 537033 0 0 0 0
470862 530471 429843 537033 0 0 0 0
488704 539355 429843 537033 0 0 0 0
489098 524930 429843 537033 0 0 0 0
491389 514865 429843 537033 0 0 0 0
494854 505715 429843 537033 0 0 0 0
488153 501670 429843 537033 0 0 0 0
508905 467086 429843 537033 0 0 0 0
514554 459779 429843 537033 0 0 0 0
535067 443402 429843 537033 0 0 0 0
529570 441764 429843 537033 0 0 0 0
510679 423355 429843 537033 0 0 0 0
527225 422659 429843 537033 0 0 0 0
550933 439558 429843 537033 0 0 0 0
550933 439558 550933 439558 0 0 0 0
558173 455074 550933 439558 0 0 0 0
569522 461803 550933 439558 0 0 0 0
569522 461803 569522 461803 0 0 0 0
536952 456872 569522 461803 0 0 0 0
534138 487458 569522 461803 0 0 0 0
565466 502117 569522 461803 0 0 0 0
591298 518370 569522 461803 0 0 0 0
547298 533863 569522 461803 0 0 0 0
524131 527262 569522 461803 0 0 0 0
521195 528716 569522 461803 0 0 0 0
502879 531097 569522 461803 0 0 0 0
502879 531097 502879 531097 0 0 0 0
514509 540987 502879 531097 0 0 0 0
553102 572350 502879 531097 0 0 0 0
521404 638419 502879 531097 0 0 0 0
481033 630702 502879 531097 0 0 0 0
448523 638098 502879 531097 0 0 0 0
472067 664648 502879 531097 0 0 0 0
478185 678026 502879 531097 0 0 0 0
458194 688748 502879 531097 0 0 0 0
458194 688748 458194 688748 0 0 0 0
355810 707881 458194 688748 0 0 0 0
428256 759661 458194 688748 0 0 0 0
449383 734393 458194 688748 0 0 0 0
449383 734393 449383 734393 0 0 0 0
493783 736360 449383 734393 0 0 0 0
508391 725068 449383 734393 0 0 0 0
508391 725068 508391 725068 0 0 0 0
565087 687325 508391 725068 0 0 0 0
637213 662618 508391 725068 0 0 0 0
637213 662618 637213 662618 0 0 0 0
582981 709926 637213 662618 0 0 0 0
575678 711454 637213 662618 0 0 0 0
562048 728044 637213 662618 0 0 0 0
477845 797045 637213 662618 0 0 0 0
477845 797045 477845 797045 0 0 0 0
508979 876476 477845 797045 0 0 0 0
543204 802786 477845 797045 0 0 0 0
617504 831260 477845 797045 0 0 0 0
625332 832441 477845 797045 0 0 0 0
618124 880676 477845 797045 0 0 0 0
