362593 750886 315003 768200 0 0 0 0
372514 791565 315003 768200 0 0 0 0
418096 763796 315003 768200 0 0 0 0
402383 686024 315003 768200 0 0 0 0
422244 677289 315003 768200 0 0 0 0
440522 706313 315003 768200 0 0 0 0
446454 723194 315003 768200 0 0 0 0
452336 714126 315003 768200 0 0 0 0
467304 709097 315003 768200 0 0 0 0
483278 727601 315003 768200 0 0 0 0
508793 700672 315003 768200 0 0 0 0
516643 674555 315003 768200 0 0 0 0
509601 662562 315003 768200 0 0 0 0
498649 664336 315003 768200 0 0 0 0
476523 680482 315003 768200 0 0 0 0
475551 645917 315003 768200 0 0 0 0
499932 652213 315003 768200 0 0 0 0
530088 633879 315003 768200 0 0 0 0
562573 633544 315003 768200 0 0 0 0
492255 603887 315003 768200 0 0 0 0
493365 599520 315003 768200 0 0 0 0
502098 580377 315003 768200 0 0 0 0
480431 586371 315003 768200 0 0 0 0
427586 597973 315003 768200 0 0 0 0
411402 608149 315003 768200 0 0 0 0
366259 610228 315003 768200 0 0 0 0
332580 561084 315003 768200 0 0 0 0
344000 550031 315003 768200 0 0 0 0
329460 519721 315003 768200 0 0 0 0
301896 520334 315003 768200 0 0 0 0
277002 496639 315003 768200 0 0 0 0
210077 535661 315003 768200 0 0 0 0
210077 535661 210077 535661 0 0 0 0
263720 305627 210077 535661 0 0 0 0
263720 305627 263720 305627 0 0 0 0
213708 257857 263720 305627 0 0 0 0
199429 202416 263720 305627 0 0 0 0
290827 275538 263720 305627 0 0 0 0
478962 275390 263720 305627 0 0 0 0
478962 275390 478962 275390 0 0 0 0
461289 368785 478962 275390 0 0 0 0
467081 399883 478962 275390 0 0 0 0
456590 449594 478962 275390 0 0 0 0
490069 474002 478962 275390 0 0 0 0
473903 486273 478962 275390 0 0 0 0
465900 483076 478962 275390 0 0 0 0
450278 508449 478962 275390 0 0 0 0
431686 465917 478962 275390 0 0 0 0
413702 463004 478962 275390 0 0 0 0
391853 439831 478962 275390 0 0 0 0
372960 444826 478962 275390 0 0 0 0
364589 438060 478962 275390 0 0 0 0
369023 469000 478962 275390 0 0 0 0
360210 482714 478962 275390 0 0 0 0
414025 492979 478962 275390 0 0 0 0
404880 537017 478962 275390 0 0 0 0
426869 539875 478962 275390 0 0 0 0
429796 545329 478962 275390 0 0 0 0
439759 538877 478962 275390 0 0 0 0
460704 539596 478962 275390 0 0 0 0
487985 553323 478962 275390 0 0 0 0
494774 558416 478962 275390 0 0 0 0
494774 558416 494774 558416 0 0 0 0
523692 524903 494774 558416 0 0 0 0
530225 517551 494774 558416 0 0 0 0
543550 518469 494774 558416 0 0 0 0
553606 554718 494774 558416 0 0 0 0
579155 556254 494774 558416 0 0 0 0
589719 590838 494774 558416 0 0 0 0
589719 590838 589719 590838 0 0 0 0
588025 622427 589719 590838 0 0 0 0
582297 630832 589719 590838 0 0 0 0
651977 641059 589719 590838 0 0 0 0
676346 681900 589719 590838 0 0 0 0
730168 609914 589719 590838 0 0 0 0
704769 585453 589719 590838 0 0 0 0
690347 589136 589719 590838 0 0 0 0
713575 546442 589719 590838 0 0 0 0
756930 570614 589719 590838 0 0 0 0
809041 567263 589719 590838 0 0 0 0
844823 599033 589719 590838 0 0 0 0
858309 492167 589719 590838 0 0 0 0
822207 535345 589719 590838 0 0 0 0
795023 524488 589719 590838 0 0 0 0
766905 528958 589719 590838 0 0 0 0
686890 442428 589719 590838 0 0 0 0
712788 329513 589719 590838 0 0 0 0
719747 279273 589719 590838 0 0 0 0
756020 279906 589719 590838 0 0 0 0
746809 298007 589719 590838 0 0 0 0
746809 298007 746809 298007 0 0 0 0
811896 339421 746809 298007 0 0 0 0
855211 292197 746809 298007 0 0 0 0
779171 248547 746809 298007 0 0 0 0
758052 256151 746809 298007 0 0 0 0
746260 259940 746809 298007 0 0 0 0
727699 197310 746809 298007 0 0 0 0
727699 197310 727699 197310 0 0 0 0
761479 192467 727699 197310 0 0 0 0
761479 192467 761479 192467 0 0 0 0
755560 212191 761479 192467 0 0 0 0
765562 208958 761479 192467 0 0 0 0
801804 210262 761479 192467 0 0 0 0
834335 203093 761479 192467 0 0 0 0
835688 188270 761479 192467 0 0 0 0
804472 156920 761479 192467 0 0 0 0
859700 147379 761479 192467 0 0 0 0
