775685 350050 841272 389172 0 0 0 0
732956 409611 841272 389172 0 0 0 0
723304 383016 841272 389172 0 0 0 0
720580 368055 841272 389172 0 0 0 0
712043 376983 841272 389172 0 0 0 0
676191 363161 841272 389172 0 0 0 0
671758 374855 841272 389172 0 0 0 0
628256 378342 841272 389172 0 0 0 0
586363 376531 841272 389172 0 0 0 0
560867 362475 841272 389172 0 0 0 0
568869 335554 841272 389172 0 0 0 0
540959 351734 841272 389172 0 0 0 0
487860 315434 841272 389172 0 0 0 0
502949 360206 841272 389172 0 0 0 0
529768 375507 841272 389172 0 0 0 0
535137 373582 841272 389172 0 0 0 0
545447 389169 841272 389172 0 0 0 0
545447 389169 545447 389169 0 0 0 0
556313 409680 545447 389169 0 0 0 0
512490 406511 545447 389169 0 0 0 0
524592 450278 545447 389169 0 0 0 0
533130 440826 545447 389169 0 0 0 0
551736 449275 545447 389169 0 0 0 0
554965 446428 545447 389169 0 0 0 0
576949 499448 545447 389169 0 0 0 0
594517 531814 545447 389169 0 0 0 0
594517 531814 594517 531814 0 0 0 0
588138 547281 594517 531814 0 0 0 0
594648 572438 594517 531814 0 0 0 0
607641 571119 594517 531814 0 0 0 0
687169 528057 594517 531814 0 0 0 0
714036 553121 594517 531814 0 0 0 0
719938 557526 594517 531814 0 0 0 0
749447 491306 594517 531814 0 0 0 0
753186 482470 594517 531814 0 0 0 0
761897 478456 594517 531814 0 0 0 0
792815 514953 594517 531814 0 0 0 0
777283 516796 594517 531814 0 0 0 0
771037 536763 594517 531814 0 0 0 0
758864 557492 594517 531814 0 0 0 0
758864 557492 758864 557492 0 0 0 0
755882 564472 758864 557492 0 0 0 0
753138 568602 758864 557492 0 0 0 0
752105 576011 758864 557492 0 0 0 0
760488 632113 758864 557492 0 0 0 0
717258 658635 758864 557492 0 0 0 0
696221 705240 758864 557492 0 0 0 0
677826 711070 758864 557492 0 0 0 0
619400 756661 758864 557492 0 0 0 0
591894 741073 758864 557492 0 0 0 0
579934 728587 758864 557492 0 0 0 0
554112 844031 758864 557492 0 0 0 0
554112 844031 554112 844031 0 0 0 0
436007 808050 554112 844031 0 0 0 0
436007 808050 436007 808050 0 0 0 0
420602 736636 436007 808050 0 0 0 0
405960 727187 436007 808050 0 0 0 0
405960 727187 405960 727187 0 0 0 0
389810 742252 405960 727187 0 0 0 0
376404 746296 405960 727187 0 0 0 0
380822 716463 405960 727187 0 0 0 0
385701 713004 405960 727187 0 0 0 0
387838 713801 405960 727187 0 0 0 0
408451 706655 405960 727187 0 0 0 0
412390 696068 405960 727187 0 0 0 0
407766 677081 405960 727187 0 0 0 0
389639 645399 405960 727187 0 0 0 0
434043 641865 405960 727187 0 0 0 0
437234 647021 405960 727187 0 0 0 0
464375 651376 405960 727187 0 0 0 0
447637 669864 405960 727187 0 0 0 0
485644 703599 405960 727187 0 0 0 0
485644 703599 485644 703599 0 0 0 0
519612 718561 485644 703599 0 0 0 0
519612 718561 519612 718561 0 0 0 0
546574 699224 519612 718561 0 0 0 0
543119 676086 519612 718561 0 0 0 0
529558 656621 519612 718561 0 0 0 0
537029 629148 519612 718561 0 0 0 0
596679 633183 519612 718561 0 0 0 0
558106 598496 519612 718561 0 0 0 0
489317 608095 519612 718561 0 0 0 0
483699 594010 519612 718561 0 0 0 0
455105 569736 519612 718561 0 0 0 0
508713 547230 519612 718561 0 0 0 0
487077 522982 519612 718561 0 0 0 0
449565 485060 519612 718561 0 0 0 0
424640 468804 519612 718561 0 0 0 0
149366 314796 519612 718561 0 0 0 0
166506 331381 519612 718561 0 0 0 0
166506 331381 166506 331381 0 0 0 0
351985 572387 166506 331381 0 0 0 0
351985 572387 351985 572387 0 0 0 0
340416 623497 351985 572387 0 0 0 0
336857 666367 351985 572387 0 0 0 0
325150 690334 351985 572387 0 0 0 0
369451 691155 351985 572387 0 0 0 0
353793 711375 351985 572387 0 0 0 0
354464 716097 351985 572387 0 0 0 0
354464 716097 354464 716097 0 0 0 0
326251 748980 354464 716097 0 0 0 0
365902 807494 354464 716097 0 0 0 0
332190 783552 354464 716097 0 0 0 0
311259 783557 354464 716097 0 0 0 0
278250 801368 354464 716097 0 0 0 0
282199 755744 354464 716097 0 0 0 0
265087 723067 354464 716097 0 0 0 0
265489 700360 354464 716097 0 0 0 0
265489 700360 265489 700360 0 0 0 0
249189 631491 265489 700360 0 0 0 0
249189 631491 249189 631491 0 0 0 0
173654 702648 249189 631491 0 0 0 0
