772349 798638 820540 823399 0 0 0 0
770919 795350 820540 823399 0 0 0 0
743090 816570 820540 823399 0 0 0 0
711243 722876 820540 823399 0 0 0 0
692802 703372 820540 823399 0 0 0 0
693586 690371 820540 823399 0 0 0 0
711065 688247 820540 823399 0 0 0 0
711065 688247 711065 688247 0 0 0 0
748838 647947 711065 688247 0 0 0 0
789278 613698 711065 688247 0 0 0 0
755703 573342 711065 688247 0 0 0 0
740561 574140 711065 688247 0 0 0 0
729527 587915 711065 688247 0 0 0 0
720854 612831 711065 688247 0 0 0 0
709522 611351 711065 688247 0 0 0 0
708728 610705 711065 688247 0 0 0 0
696869 624297 711065 688247 0 0 0 0
688936 629431 711065 688247 0 0 0 0
682916 658546 711065 688247 0 0 0 0
640509 650672 711065 688247 0 0 0 0
615318 689262 711065 688247 0 0 0 0
615318 689262 615318 689262 0 0 0 0
602816 651731 615318 689262 0 0 0 0
587325 639471 615318 689262 0 0 0 0
592727 625767 615318 689262 0 0 0 0
616618 623559 615318 689262 0 0 0 0
616618 623559 616618 623559 0 0 0 0
629050 612449 616618 623559 0 0 0 0
641478 623569 616618 623559 0 0 0 0
644388 612947 616618 623559 0 0 0 0
665015 575712 616618 623559 0 0 0 0
674110 573233 616618 623559 0 0 0 0
700685 554776 616618 623559 0 0 0 0
705549 537188 616618 623559 0 0 0 0
717279 537400 616618 623559 0 0 0 0
753891 539422 616618 623559 0 0 0 0
739975 521303 616618 623559 0 0 0 0
726846 522314 616618 623559 0 0 0 0
731965 503752 616618 623559 0 0 0 0
716821 472662 616618 623559 0 0 0 0
740785 477642 616618 623559 0 0 0 0
751078 472970 616618 623559 0 0 0 0
784667 450659 616618 623559 0 0 0 0
818237 426437 616618 623559 0 0 0 0
838003 386088 616618 623559 0 0 0 0
838003 386088 838003 386088 0 0 0 0
809485 334663 838003 386088 0 0 0 0
809485 334663 809485 334663 0 0 0 0
768277 324013 809485 334663 0 0 0 0
768277 324013 768277 324013 0 0 0 0
732684 371562 768277 324013 0 0 0 0
732684 371562 732684 371562 0 0 0 0
759321 401244 732684 371562 0 0 0 0
691307 410019 732684 371562 0 0 0 0
672451 391644 732684 371562 0 0 0 0
647958 431717 732684 371562 0 0 0 0
619743 427039 732684 371562 0 0 0 0
607840 420630 732684 371562 0 0 0 0
569924 476479 732684 371562 0 0 0 0
606129 510371 732684 371562 0 0 0 0
611645 525142 732684 371562 0 0 0 0
615140 521477 732684 371562 0 0 0 0
621279 519503 732684 371562 0 0 0 0
621279 519503 621279 519503 0 0 0 0
654209 508453 621279 519503 0 0 0 0
641121 495056 621279 519503 0 0 0 0
645234 480733 621279 519503 0 0 0 0
641455 474905 621279 519503 0 0 0 0
660228 481792 621279 519503 0 0 0 0
661323 473337 621279 519503 0 0 0 0
665526 470661 621279 519503 0 0 0 0
667073 470800 621279 519503 0 0 0 0
679497 450328 621279 519503 0 0 0 0
668401 480194 621279 519503 0 0 0 0
679817 493738 621279 519503 0 0 0 0
671994 529938 621279 519503 0 0 0 0
663575 529441 621279 519503 0 0 0 0
633828 538867 621279 519503 0 0 0 0
619538 538643 621279 519503 0 0 0 0
635743 567918 621279 519503 0 0 0 0
610964 579820 621279 519503 0 0 0 0
589852 582394 621279 519503 0 0 0 0
591530 568320 621279 519503 0 0 0 0
567283 564084 621279 519503 0 0 0 0
573589 601524 621279 519503 0 0 0 0
501642 604899 621279 519503 0 0 0 0
501642 604899 501642 604899 0 0 0 0
214248 616984 501642 604899 0 0 0 0
158096 594686 501642 604899 0 0 0 0
190806 574248 501642 604899 0 0 0 0
190806 574248 190806 574248 0 0 0 0
216588 554469 190806 574248 0 0 0 0
182803 507250 190806 574248 0 0 0 0
190791 499396 190806 574248 0 0 0 0
200790 497544 190806 574248 0 0 0 0
215430 500516 190806 574248 0 0 0 0
231570 485010 190806 574248 0 0 0 0
255667 466334 190806 574248 0 0 0 0
270133 464352 190806 574248 0 0 0 0
278746 478470 190806 574248 0 0 0 0
280836 475094 190806 574248 0 0 0 0
285622 454265 190806 574248 0 0 0 0
324075 460470 190806 574248 0 0 0 0
329869 330392 190806 574248 0 0 0 0
329869 330392 329869 330392 0 0 0 0
215707 346804 329869 330392 0 0 0 0
201844 369845 329869 330392 0 0 0 0
201844 369845 201844 369845 0 0 0 0
228129 434407 201844 369845 0 0 0 0
176805 460627 201844 369845 0 0 0 0
146223 439433 201844 369845 0 0 0 0
