229818 244934 243626 212754 0 0 0 0
316080 211817 243626 212754 0 0 0 0
579349 239010 243626 212754 0 0 0 0
623668 289650 243626 212754 0 0 0 0
714422 264042 243626 212754 0 0 0 0
668447 341960 243626 212754 0 0 0 0
652915 351629 243626 212754 0 0 0 0
714998 353669 243626 212754 0 0 0 0
728419 394081 243626 212754 0 0 0 0
762711 393203 243626 212754 0 0 0 0
762711 393203 762711 393203 0 0 0 0
773378 448743 762711 393203 0 0 0 0
773378 448743 773378 448743 0 0 0 0
797942 426733 773378 448743 0 0 0 0
801227 429301 773378 448743 0 0 0 0
819623 457147 773378 448743 0 0 0 0
870064 417959 773378 448743 0 0 0 0
845491 375480 773378 448743 0 0 0 0
848061 364701 773378 448743 0 0 0 0
901609 396771 773378 448743 0 0 0 0
902072 440814 773378 448743 0 0 0 0
855431 457913 773378 448743 0 0 0 0
845881 497238 773378 448743 0 0 0 0
806724 516669 773378 448743 0 0 0 0
752891 516403 773378 448743 0 0 0 0
748667 540112 773378 448743 0 0 0 0
747639 546556 773378 448743 0 0 0 0
728162 530439 773378 448743 0 0 0 0
721557 539217 773378 448743 0 0 0 0
710226 519576 773378 448743 0 0 0 0
743416 500528 773378 448743 0 0 0 0
734748 478046 773378 448743 0 0 0 0
722550 446467 773378 448743 0 0 0 0
708100 440834 773378 448743 0 0 0 0
682996 442124 773378 448743 0 0 0 0
658003 451544 773378 448743 0 0 0 0
658003 451544 658003 451544 0 0 0 0
691028 410142 658003 451544 0 0 0 0
691028 410142 691028 410142 0 0 0 0
655743 393090 691028 410142 0 0 0 0
607360 414503 691028 410142 0 0 0 0
606215 375528 691028 410142 0 0 0 0
492339 356504 691028 410142 0 0 0 0
517494 398943 691028 410142 0 0 0 0
521016 415724 691028 410142 0 0 0 0
521016 415724 521016 415724 0 0 0 0
534711 530505 521016 415724 0 0 0 0
505667 537033 521016 415724 0 0 0 0
508906 541065 521016 415724 0 0 0 0
522710 575415 521016 415724 0 0 0 0
527847 592909 521016 415724 0 0 0 0
523997 606430 521016 415724 0 0 0 0
523997 606430 523997 606430 0 0 0 0
485359 618851 523997 606430 0 0 0 0
462044 656864 523997 606430 0 0 0 0
449154 658151 523997 606430 0 0 0 0
404598 684377 523997 606430 0 0 0 0
356640 677033 523997 606430 0 0 0 0
354106 636800 523997 606430 0 0 0 0
394517 625860 523997 606430 0 0 0 0
371064 617345 523997 606430 0 0 0 0
372710 609462 523997 606430 0 0 0 0
352097 610099 523997 606430 0 0 0 0
295118 579876 523997 606430 0 0 0 0
276353 592657 523997 606430 0 0 0 0
303099 627797 523997 606430 0 0 0 0
289775 651191 523997 606430 0 0 0 0
267496 676303 523997 606430 0 0 0 0
272608 711064 523997 606430 0 0 0 0
268798 734330 523997 606430 0 0 0 0
279503 793699 523997 606430 0 0 0 0
318040 803372 523997 606430 0 0 0 0
371606 775639 523997 606430 0 0 0 0
458533 699713 523997 606430 0 0 0 0
460691 686456 523997 606430 0 0 0 0
492572 678380 523997 606430 0 0 0 0
513228 686030 523997 606430 0 0 0 0
522270 672470 523997 606430 0 0 0 0
559642 667950 523997 606430 0 0 0 0
545384 691546 523997 606430 0 0 0 0
500847 704635 523997 606430 0 0 0 0
518556 743143 523997 606430 0 0 0 0
502410 776295 523997 606430 0 0 0 0
490463 779915 523997 606430 0 0 0 0
521038 798950 523997 606430 0 0 0 0
544824 773148 523997 606430 0 0 0 0
544824 773148 544824 773148 0 0 0 0
591583 773447 544824 773148 0 0 0 0
614721 719555 544824 773148 0 0 0 0
614721 719555 614721 719555 0 0 0 0
612416 680773 614721 719555 0 0 0 0
633067 646905 614721 719555 0 0 0 0
598669 603332 614721 719555 0 0 0 0
579203 582799 614721 719555 0 0 0 0
604837 594109 614721 719555 0 0 0 0
620914 590617 614721 719555 0 0 0 0
627844 585906 614721 719555 0 0 0 0
614184 572084 614721 719555 0 0 0 0
649807 520541 614721 719555 0 0 0 0
666189 566650 614721 719555 0 0 0 0
691169 593756 614721 719555 0 0 0 0
751820 610221 614721 719555 0 0 0 0
719221 664234 614721 719555 0 0 0 0
678096 639545 614721 719555 0 0 0 0
663825 688524 614721 719555 0 0 0 0
674555 732857 614721 719555 0 0 0 0
799039 757478 614721 719555 0 0 0 0
