836586 445050 844334 438705 0 0 0 0
737046 422803 844334 438705 0 0 0 0
717436 399952 844334 438705 0 0 0 0
648344 399656 844334 438705 0 0 0 0
647498 489859 844334 438705 0 0 0 0
608546 498635 844334 438705 0 0 0 0
607237 531861 844334 438705 0 0 0 0
561738 519787 844334 438705 0 0 0 0
565782 516547 844334 438705 0 0 0 0
569851 514482 844334 438705 0 0 0 0
578857 480277 844334 438705 0 0 0 0
581577 453696 844334 438705 0 0 0 0
567617 390991 844334 438705 0 0 0 0
549922 353981 844334 438705 0 0 0 0
506726 358366 844334 438705 0 0 0 0
483452 319156 844334 438705 0 0 0 0
483452 319156 483452 319156 0 0 0 0
475474 343129 483452 319156 0 0 0 0
458305 364953 483452 319156 0 0 0 0
443467 388672 483452 319156 0 0 0 0
384806 355239 483452 319156 0 0 0 0
384806 355239 384806 355239 0 0 0 0
346879 337411 384806 355239 0 0 0 0
372249 437015 384806 355239 0 0 0 0
437827 476863 384806 355239 0 0 0 0
453572 513359 384806 355239 0 0 0 0
495897 481346 384806 355239 0 0 0 0
534390 507444 384806 355239 0 0 0 0
523776 527518 384806 355239 0 0 0 0
516618 550904 384806 355239 0 0 0 0
503873 555572 384806 355239 0 0 0 0
501537 546201 384806 355239 0 0 0 0
491958 548493 384806 355239 0 0 0 0
491958 548493 491958 548493 0 0 0 0
474646 565630 491958 548493 0 0 0 0
504873 622423 491958 548493 0 0 0 0
514550 592042 491958 548493 0 0 0 0
544270 592995 491958 548493 0 0 0 0
553810 567308 491958 548493 0 0 0 0
556002 560860 491958 548493 0 0 0 0
563467 591681 491958 548493 0 0 0 0
581212 593377 491958 548493 0 0 0 0
583074 604895 491958 548493 0 0 0 0
646678 623603 491958 548493 0 0 0 0
591245 669651 491958 548493 0 0 0 0
538043 638739 491958 548493 0 0 0 0
519192 681048 491958 548493 0 0 0 0
532581 697167 491958 548493 0 0 0 0
532581 697167 532581 697167 0 0 0 0
495229 693555 532581 697167 0 0 0 0
500001 680393 532581 697167 0 0 0 0
488572 665839 532581 697167 0 0 0 0
482500 652358 532581 697167 0 0 0 0
480633 654517 532581 697167 0 0 0 0
444428 666767 532581 697167 0 0 0 0
417145 643737 532581 697167 0 0 0 0
417145 643737 417145 643737 0 0 0 0
416182 684271 417145 643737 0 0 0 0
419818 717140 417145 643737 0 0 0 0
419818 717140 419818 717140 0 0 0 0
467531 754741 419818 717140 0 0 0 0
467531 754741 467531 754741 0 0 0 0
398971 747817 467531 754741 0 0 0 0
398971 747817 398971 747817 0 0 0 0
396965 720123 398971 747817 0 0 0 0
369733 718357 398971 747817 0 0 0 0
369532 680271 398971 747817 0 0 0 0
345971 672009 398971 747817 0 0 0 0
316083 678379 398971 747817 0 0 0 0
330408 719574 398971 747817 0 0 0 0
328367 718463 398971 747817 0 0 0 0
328367 718463 328367 718463 0 0 0 0
281279 730714 328367 718463 0 0 0 0
287386 792954 328367 718463 0 0 0 0
300243 814197 328367 718463 0 0 0 0
300243 814197 300243 814197 0 0 0 0
214072 774925 300243 814197 0 0 0 0
196266 667028 300243 814197 0 0 0 0
170849 622320 300243 814197 0 0 0 0
168699 619307 300243 814197 0 0 0 0
168699 619307 168699 619307 0 0 0 0
173195 620603 168699 619307 0 0 0 0
198692 593999 168699 619307 0 0 0 0
192583 566384 168699 619307 0 0 0 0
203102 567990 168699 619307 0 0 0 0
229686 557480 168699 619307 0 0 0 0
231709 584621 168699 619307 0 0 0 0
233274 606059 168699 619307 0 0 0 0
253744 610040 168699 619307 0 0 0 0
238691 617246 168699 619307 0 0 0 0
219691 628007 168699 619307 0 0 0 0
235040 647858 168699 619307 0 0 0 0
241024 665031 168699 619307 0 0 0 0
286393 657101 168699 619307 0 0 0 0
286393 657101 286393 657101 0 0 0 0
352092 601048 286393 657101 0 0 0 0
352092 601048 352092 601048 0 0 0 0
296275 576271 352092 601048 0 0 0 0
269012 573674 352092 601048 0 0 0 0
277320 569744 352092 601048 0 0 0 0
291286 560467 352092 601048 0 0 0 0
318442 544962 352092 601048 0 0 0 0
282584 520309 352092 601048 0 0 0 0
282584 520309 282584 520309 0 0 0 0
285394 475759 282584 520309 0 0 0 0
232920 510608 282584 520309 0 0 0 0
210341 525422 282584 520309 0 0 0 0
190270 521884 282584 520309 0 0 0 0
190432 470836 282584 520309 0 0 0 0
157716 485531 282584 520309 0 0 0 0
165404 492890 282584 520309 0 0 0 0
170720 533539 282584 520309 0 0 0 0
134785 546367 282584 520309 0 0 0 0
