752540 723579 734377 765665 0 0 0 0
717403 700040 734377 765665 0 0 0 0
719284 687729 734377 765665 0 0 0 0
665535 686818 734377 765665 0 0 0 0
668819 623899 734377 765665 0 0 0 0
710799 647199 734377 765665 0 0 0 0
716515 660884 734377 765665 0 0 0 0
767104 663370 734377 765665 0 0 0 0
754913 652569 734377 765665 0 0 0 0
755159 638328 734377 765665 0 0 0 0
762712 614156 734377 765665 0 0 0 0
780272 616955 734377 765665 0 0 0 0
789879 631947 734377 765665 0 0 0 0
795948 614904 734377 765665 0 0 0 0
804033 574461 734377 765665 0 0 0 0
750083 585268 734377 765665 0 0 0 0
727261 585341 734377 765665 0 0 0 0
741890 541062 734377 765665 0 0 0 0
708707 558146 734377 765665 0 0 0 0
708707 558146 708707 558146 0 0 0 0
632771 578863 708707 558146 0 0 0 0
603788 557891 708707 558146 0 0 0 0
599741 543739 708707 558146 0 0 0 0
606700 542889 708707 558146 0 0 0 0
617463 545446 708707 558146 0 0 0 0
621310 547215 708707 558146 0 0 0 0
633923 540144 708707 558146 0 0 0 0
622691 527311 708707 558146 0 0 0 0
635088 487810 708707 558146 0 0 0 0
629413 482508 708707 558146 0 0 0 0
629413 482508 629413 482508 0 0 0 0
621813 369666 629413 482508 0 0 0 0
621813 369666 621813 369666 0 0 0 0
529478 403846 621813 369666 0 0 0 0
511495 548905 621813 369666 0 0 0 0
532309 541772 621813 369666 0 0 0 0
568636 565801 621813 369666 0 0 0 0
593349 641570 621813 369666 0 0 0 0
605556 853423 621813 369666 0 0 0 0
605556 853423 605556 853423 0 0 0 0
442752 700141 605556 853423 0 0 0 0
392608 594999 605556 853423 0 0 0 0
354625 634103 605556 853423 0 0 0 0
317338 602431 605556 853423 0 0 0 0
317338 602431 317338 602431 0 0 0 0
281387 622693 317338 602431 0 0 0 0
283388 652285 317338 602431 0 0 0 0
292424 658596 317338 602431 0 0 0 0
302520 665620 317338 602431 0 0 0 0
258989 746550 317338 602431 0 0 0 0
258989 746550 258989 746550 0 0 0 0
228015 742615 258989 746550 0 0 0 0
228015 742615 228015 742615 0 0 0 0
192409 699275 228015 742615 0 0 0 0
177413 631823 228015 742615 0 0 0 0
177413 631823 177413 631823 0 0 0 0
238789 630363 177413 631823 0 0 0 0
256841 613186 177413 631823 0 0 0 0
248422 598427 177413 631823 0 0 0 0
263350 590857 177413 631823 0 0 0 0
254845 573493 177413 631823 0 0 0 0
257992 513598 177413 631823 0 0 0 0
243661 479169 177413 631823 0 0 0 0
226414 475589 177413 631823 0 0 0 0
192810 488545 177413 631823 0 0 0 0
194603 485621 177413 631823 0 0 0 0
235643 460177 177413 631823 0 0 0 0
250238 450185 177413 631823 0 0 0 0
269186 455604 177413 631823 0 0 0 0
264546 448215 177413 631823 0 0 0 0
264546 448215 264546 448215 0 0 0 0
262423 414257 264546 448215 0 0 0 0
262423 414257 262423 414257 0 0 0 0
245107 407154 262423 414257 0 0 0 0
237542 414987 262423 414257 0 0 0 0
204425 374475 262423 414257 0 0 0 0
181436 356721 262423 414257 0 0 0 0
235081 361484 262423 414257 0 0 0 0
244687 391251 262423 414257 0 0 0 0
251103 391437 262423 414257 0 0 0 0
343686 386196 262423 414257 0 0 0 0
343686 386196 343686 386196 0 0 0 0
380554 342464 343686 386196 0 0 0 0
418456 323077 343686 386196 0 0 0 0
418456 323077 418456 323077 0 0 0 0
450096 351344 418456 323077 0 0 0 0
444117 329557 418456 323077 0 0 0 0
440654 300818 418456 323077 0 0 0 0
453995 289270 418456 323077 0 0 0 0
465959 308699 418456 323077 0 0 0 0
469883 315742 418456 323077 0 0 0 0
495459 308046 418456 323077 0 0 0 0
533037 291743 418456 323077 0 0 0 0
479896 278250 418456 323077 0 0 0 0
489341 268035 418456 323077 0 0 0 0
458017 191493 418456 323077 0 0 0 0
455236 213989 418456 323077 0 0 0 0
431537 243364 418456 323077 0 0 0 0
418648 284153 418456 323077 0 0 0 0
416195 285182 418456 323077 0 0 0 0
378812 283602 418456 323077 0 0 0 0
389207 256132 418456 323077 0 0 0 0
363005 233204 418456 323077 0 0 0 0
363005 233204 363005 233204 0 0 0 0
286047 271538 363005 233204 0 0 0 0
198199 250125 363005 233204 0 0 0 0
172161 251491 363005 233204 0 0 0 0
254939 121923 363005 233204 0 0 0 0
277126 95900 363005 233204 0 0 0 0
264177 101863 363005 233204 0 0 0 0
218192 126941 363005 233204 0 0 0 0
145099 163520 363005 233204 0 0 0 0
