251712 268730 252702 233787 0 0 0 0
282818 251815 252702 233787 0 0 0 0
310052 262478 252702 233787 0 0 0 0
353206 236777 252702 233787 0 0 0 0
323723 276843 252702 233787 0 0 0 0
328481 317118 252702 233787 0 0 0 0
306376 317079 252702 233787 0 0 0 0
283106 336740 252702 233787 0 0 0 0
257573 326760 252702 233787 0 0 0 0
215649 313545 252702 233787 0 0 0 0
236423 336755 252702 233787 0 0 0 0
255147 368412 252702 233787 0 0 0 0
255147 368412 255147 368412 0 0 0 0
309220 337388 255147 368412 0 0 0 0
340580 346197 255147 368412 0 0 0 0
340580 346197 340580 346197 0 0 0 0
394658 377317 340580 346197 0 0 0 0
394658 377317 394658 377317 0 0 0 0
427677 343347 394658 377317 0 0 0 0
459270 308023 394658 377317 0 0 0 0
459270 308023 459270 308023 0 0 0 0
484022 358826 459270 308023 0 0 0 0
499659 434106 459270 308023 0 0 0 0
499659 434106 499659 434106 0 0 0 0
548729 434082 499659 434106 0 0 0 0
551983 436009 499659 434106 0 0 0 0
545129 447928 499659 434106 0 0 0 0
567614 470333 499659 434106 0 0 0 0
565137 450388 499659 434106 0 0 0 0
565137 450388 565137 450388 0 0 0 0
588523 417624 565137 450388 0 0 0 0
592423 409790 565137 450388 0 0 0 0
568272 399658 565137 450388 0 0 0 0
547345 360585 565137 450388 0 0 0 0
559294 344073 565137 450388 0 0 0 0
534250 304396 565137 450388 0 0 0 0
571926 298451 565137 450388 0 0 0 0
571926 298451 571926 298451 0 0 0 0
614607 293049 571926 298451 0 0 0 0
614607 293049 614607 293049 0 0 0 0
649080 397417 614607 293049 0 0 0 0
667739 415677 614607 293049 0 0 0 0
639633 425044 614607 293049 0 0 0 0
643883 433112 614607 293049 0 0 0 0
617911 485442 614607 293049 0 0 0 0
647499 489814 614607 293049 0 0 0 0
645758 502221 614607 293049 0 0 0 0
634146 512779 614607 293049 0 0 0 0
612755 554380 614607 293049 0 0 0 0
535836 498662 614607 293049 0 0 0 0
535836 498662 535836 498662 0 0 0 0
494518 484725 535836 498662 0 0 0 0
435366 493018 535836 498662 0 0 0 0
429901 446844 535836 498662 0 0 0 0
403563 398979 535836 498662 0 0 0 0
398207 424484 535836 498662 0 0 0 0
373967 435508 535836 498662 0 0 0 0
373967 435508 373967 435508 0 0 0 0
319390 484081 373967 435508 0 0 0 0
319390 484081 319390 484081 0 0 0 0
224708 712270 319390 484081 0 0 0 0
266871 741993 319390 484081 0 0 0 0
260742 816644 319390 484081 0 0 0 0
232640 834813 319390 484081 0 0 0 0
263372 848622 319390 484081 0 0 0 0
343681 770972 319390 484081 0 0 0 0
346682 735973 319390 484081 0 0 0 0
360313 727520 319390 484081 0 0 0 0
432498 661098 319390 484081 0 0 0 0
432498 661098 432498 661098 0 0 0 0
499327 631630 432498 661098 0 0 0 0
495100 610402 432498 661098 0 0 0 0
534419 621286 432498 661098 0 0 0 0
589294 616511 432498 661098 0 0 0 0
607889 645141 432498 661098 0 0 0 0
661499 597608 432498 661098 0 0 0 0
707091 559751 432498 661098 0 0 0 0
712713 540251 432498 661098 0 0 0 0
712713 540251 712713 540251 0 0 0 0
692854 510708 712713 540251 0 0 0 0
688276 497310 712713 540251 0 0 0 0
690872 482100 712713 540251 0 0 0 0
685429 478634 712713 540251 0 0 0 0
700533 461778 712713 540251 0 0 0 0
698078 450184 712713 540251 0 0 0 0
705168 447143 712713 540251 0 0 0 0
705168 447143 705168 447143 0 0 0 0
723777 450079 705168 447143 0 0 0 0
737246 458624 705168 447143 0 0 0 0
755437 411132 705168 447143 0 0 0 0
824194 400765 705168 447143 0 0 0 0
760712 451387 705168 447143 0 0 0 0
753129 472552 705168 447143 0 0 0 0
765324 526787 705168 447143 0 0 0 0
781784 539426 705168 447143 0 0 0 0
796251 540967 705168 447143 0 0 0 0
836119 610786 705168 447143 0 0 0 0
836119 610786 836119 610786 0 0 0 0
751336 652605 836119 610786 0 0 0 0
790032 691956 836119 610786 0 0 0 0
743439 784797 836119 610786 0 0 0 0
743439 784797 743439 784797 0 0 0 0
651139 715400 743439 784797 0 0 0 0
636719 664529 743439 784797 0 0 0 0
613318 690044 743439 784797 0 0 0 0
566511 674081 743439 784797 0 0 0 0
544740 655012 743439 784797 0 0 0 0
504697 695919 743439 784797 0 0 0 0
504697 695919 504697 695919 0 0 0 0
555208 824414 504697 695919 0 0 0 0
566527 834550 504697 695919 0 0 0 0
566527 834550 566527 834550 0 0 0 0
655190 801986 566527 834550 0 0 0 0
684702 860551 566527 834550 0 0 0 0
702676 871689 566527 834550 0 0 0 0
716550 849759 566527 834550 0 0 0 0
746527 857666 566527 834550 0 0 0 0
