894657 587886 930601 691918 0 0 0 0
826507 578653 930601 691918 0 0 0 0
829154 535263 930601 691918 0 0 0 0
816382 541211 930601 691918 0 0 0 0
811991 533459 930601 691918 0 0 0 0
732924 322638 930601 691918 0 0 0 0
656022 356705 930601 691918 0 0 0 0
631477 350126 930601 691918 0 0 0 0
653640 378864 930601 691918 0 0 0 0
678841 507275 930601 691918 0 0 0 0
685122 554684 930601 691918 0 0 0 0
664390 577678 930601 691918 0 0 0 0
701495 587262 930601 691918 0 0 0 0
721234 571898 930601 691918 0 0 0 0
728629 625832 930601 691918 0 0 0 0
781580 673625 930601 691918 0 0 0 0
817660 691658 930601 691918 0 0 0 0
828199 693444 930601 691918 0 0 0 0
790600 738518 930601 691918 0 0 0 0
758215 718257 930601 691918 0 0 0 0
755815 722452 930601 691918 0 0 0 0
717219 743428 930601 691918 0 0 0 0
759929 764505 930601 691918 0 0 0 0
766681 770324 930601 691918 0 0 0 0
775652 765178 930601 691918 0 0 0 0
798929 892862 930601 691918 0 0 0 0
716735 863796 930601 691918 0 0 0 0
742783 827451 930601 691918 0 0 0 0
742246 814492 930601 691918 0 0 0 0
723462 782053 930601 691918 0 0 0 0
711292 801082 930601 691918 0 0 0 0
694564 800816 930601 691918 0 0 0 0
680696 799722 930601 691918 0 0 0 0
632193 794529 930601 691918 0 0 0 0
673338 735879 930601 691918 0 0 0 0
615957 721353 930601 691918 0 0 0 0
610746 723441 930601 691918 0 0 0 0
628407 660793 930601 691918 0 0 0 0
628407 660793 628407 660793 0 0 0 0
626839 622004 628407 660793 0 0 0 0
604359 579460 628407 660793 0 0 0 0
540827 584188 628407 660793 0 0 0 0
529827 591217 628407 660793 0 0 0 0
561010 532312 628407 660793 0 0 0 0
584755 510571 628407 660793 0 0 0 0
528263 443358 628407 660793 0 0 0 0
487158 490695 628407 660793 0 0 0 0
483558 503347 628407 660793 0 0 0 0
455500 553605 628407 660793 0 0 0 0
459777 579354 628407 660793 0 0 0 0
434068 567655 628407 660793 0 0 0 0
419042 594174 628407 660793 0 0 0 0
386535 558702 628407 660793 0 0 0 0
379742 608386 628407 660793 0 0 0 0
398497 631110 628407 660793 0 0 0 0
382337 654154 628407 660793 0 0 0 0
370606 651764 628407 660793 0 0 0 0
312699 655807 628407 660793 0 0 0 0
309705 660503 628407 660793 0 0 0 0
295509 648246 628407 660793 0 0 0 0
314679 634121 628407 660793 0 0 0 0
316322 624407 628407 660793 0 0 0 0
321188 595683 628407 660793 0 0 0 0
353066 598372 628407 660793 0 0 0 0
340708 567304 628407 660793 0 0 0 0
345222 556079 628407 660793 0 0 0 0
371470 530515 628407 660793 0 0 0 0
362631 510596 628407 660793 0 0 0 0
375088 491996 628407 660793 0 0 0 0
383965 490154 628407 660793 0 0 0 0
373493 469717 628407 660793 0 0 0 0
339339 489498 628407 660793 0 0 0 0
319321 479754 628407 660793 0 0 0 0
305256 529182 628407 660793 0 0 0 0
302039 584212 628407 660793 0 0 0 0
278872 577829 628407 660793 0 0 0 0
265206 582492 628407 660793 0 0 0 0
241446 570106 628407 660793 0 0 0 0
227996 574081 628407 660793 0 0 0 0
208560 585702 628407 660793 0 0 0 0
208560 585702 208560 585702 0 0 0 0
164594 532006 208560 585702 0 0 0 0
132076 499264 208560 585702 0 0 0 0
132076 499264 132076 499264 0 0 0 0
183285 450094 132076 499264 0 0 0 0
209160 449343 132076 499264 0 0 0 0
221586 464693 132076 499264 0 0 0 0
211636 478275 132076 499264 0 0 0 0
238042 499663 132076 499264 0 0 0 0
250601 506412 132076 499264 0 0 0 0
275222 509113 132076 499264 0 0 0 0
260445 419668 132076 499264 0 0 0 0
273945 376624 132076 499264 0 0 0 0
225612 384521 132076 499264 0 0 0 0
195442 386927 132076 499264 0 0 0 0
135738 400930 132076 499264 0 0 0 0
172037 369710 132076 499264 0 0 0 0
185664 335627 132076 499264 0 0 0 0
185244 330304 132076 499264 0 0 0 0
142741 331595 132076 499264 0 0 0 0
133285 353067 132076 499264 0 0 0 0
130975 351067 132076 499264 0 0 0 0
