916351 815551 951453 812123 0 0 0 0
829360 796544 951453 812123 0 0 0 0
814174 773782 951453 812123 0 0 0 0
764131 759086 951453 812123 0 0 0 0
804393 733001 951453 812123 0 0 0 0
817673 739393 951453 812123 0 0 0 0
851818 730924 951453 812123 0 0 0 0
851418 714515 951453 812123 0 0 0 0
746535 626103 951453 812123 0 0 0 0
648101 616554 951453 812123 0 0 0 0
648223 639641 951453 812123 0 0 0 0
660930 664589 951453 812123 0 0 0 0
656793 671416 951453 812123 0 0 0 0
636037 714373 951453 812123 0 0 0 0
613702 690193 951453 812123 0 0 0 0
575979 662829 951453 812123 0 0 0 0
569540 658370 951453 812123 0 0 0 0
577780 621145 951453 812123 0 0 0 0
534383 656789 951453 812123 0 0 0 0
534383 656789 534383 656789 0 0 0 0
542238 681301 534383 656789 0 0 0 0
584832 728065 534383 656789 0 0 0 0
558756 742316 534383 656789 0 0 0 0
522264 746891 534383 656789 0 0 0 0
522264 746891 522264 746891 0 0 0 0
486004 761947 522264 746891 0 0 0 0
491151 767979 522264 746891 0 0 0 0
538022 816990 522264 746891 0 0 0 0
555951 809997 522264 746891 0 0 0 0
586743 831308 522264 746891 0 0 0 0
536630 851917 522264 746891 0 0 0 0
444336 869942 522264 746891 0 0 0 0
424183 786597 522264 746891 0 0 0 0
445211 773801 522264 746891 0 0 0 0
445211 773801 445211 773801 0 0 0 0
425408 754891 445211 773801 0 0 0 0
462248 738661 445211 773801 0 0 0 0
459306 708818 445211 773801 0 0 0 0
425614 665891 445211 773801 0 0 0 0
423684 622920 445211 773801 0 0 0 0
467632 618063 445211 773801 0 0 0 0
442423 559386 445211 773801 0 0 0 0
421258 555530 445211 773801 0 0 0 0
385740 616233 445211 773801 0 0 0 0
388084 682490 445211 773801 0 0 0 0
349248 675308 445211 773801 0 0 0 0
345816 615147 445211 773801 0 0 0 0
303919 614471 445211 773801 0 0 0 0
317509 579685 445211 773801 0 0 0 0
341432 577698 445211 773801 0 0 0 0
314157 463463 445211 773801 0 0 0 0
458908 461510 445211 773801 0 0 0 0
457493 407610 445211 773801 0 0 0 0
483701 428610 445211 773801 0 0 0 0
483701 428610 483701 428610 0 0 0 0
550207 439126 483701 428610 0 0 0 0
599091 467995 483701 428610 0 0 0 0
597208 516749 483701 428610 0 0 0 0
679403 497856 483701 428610 0 0 0 0
658935 445846 483701 428610 0 0 0 0
679311 417255 483701 428610 0 0 0 0
694334 420706 483701 428610 0 0 0 0
685276 412901 483701 428610 0 0 0 0
683034 405166 483701 428610 0 0 0 0
702299 380448 483701 428610 0 0 0 0
704061 390297 483701 428610 0 0 0 0
719020 372108 483701 428610 0 0 0 0
718447 387220 483701 428610 0 0 0 0
725381 397622 483701 428610 0 0 0 0
734001 398566 483701 428610 0 0 0 0
756766 402178 483701 428610 0 0 0 0
709121 421596 483701 428610 0 0 0 0
704905 427718 483701 428610 0 0 0 0
701788 458598 483701 428610 0 0 0 0
735974 464607 483701 428610 0 0 0 0
780017 473094 483701 428610 0 0 0 0
776924 434575 483701 428610 0 0 0 0
822095 405376 483701 428610 0 0 0 0
822095 405376 822095 405376 0 0 0 0
791812 340829 822095 405376 0 0 0 0
791812 340829 791812 340829 0 0 0 0
766843 347580 791812 340829 0 0 0 0
736216 352783 791812 340829 0 0 0 0
730115 318287 791812 340829 0 0 0 0
711939 333769 791812 340829 0 0 0 0
691564 337926 791812 340829 0 0 0 0
683120 325847 791812 340829 0 0 0 0
692497 311119 791812 340829 0 0 0 0
654089 274893 791812 340829 0 0 0 0
616697 324825 791812 340829 0 0 0 0
663404 344785 791812 340829 0 0 0 0
658785 343837 791812 340829 0 0 0 0
630952 366937 791812 340829 0 0 0 0
635765 393878 791812 340829 0 0 0 0
634759 405506 791812 340829 0 0 0 0
592344 403315 791812 340829 0 0 0 0
545329 374778 791812 340829 0 0 0 0
539844 377680 791812 340829 0 0 0 0
518243 350186 791812 340829 0 0 0 0
506993 356861 791812 340829 0 0 0 0
507622 360821 791812 340829 0 0 0 0
493491 367265 791812 340829 0 0 0 0
447907 298407 791812 340829 0 0 0 0
399279 271813 791812 340829 0 0 0 0
316849 269589 791812 340829 0 0 0 0
