375033 73052 283784 42342 0 0 0 0
399629 74634 283784 42342 0 0 0 0
417492 64471 283784 42342 0 0 0 0
413075 98895 283784 42342 0 0 0 0
391558 100917 283784 42342 0 0 0 0
408267 122459 283784 42342 0 0 0 0
404387 152377 283784 42342 0 0 0 0
386856 185368 283784 42342 0 0 0 0
407806 218175 283784 42342 0 0 0 0
381386 208017 283784 42342 0 0 0 0
333087 185658 283784 42342 0 0 0 0
306845 182278 283784 42342 0 0 0 0
341847 237369 283784 42342 0 0 0 0
374189 241913 283784 42342 0 0 0 0
385193 250344 283784 42342 0 0 0 0
404638 288369 283784 42342 0 0 0 0
404379 302373 283784 42342 0 0 0 0
421262 285220 283784 42342 0 0 0 0
430869 280139 283784 42342 0 0 0 0
437586 290045 283784 42342 0 0 0 0
443697 294943 283784 42342 0 0 0 0
473476 293239 283784 42342 0 0 0 0
471615 290456 283784 42342 0 0 0 0
471255 275435 283784 42342 0 0 0 0
471682 248192 283784 42342 0 0 0 0
509587 195860 283784 42342 0 0 0 0
572195 146499 283784 42342 0 0 0 0
602005 231854 283784 42342 0 0 0 0
542337 212308 283784 42342 0 0 0 0
541344 231233 283784 42342 0 0 0 0
526350 234458 283784 42342 0 0 0 0
528419 237301 283784 42342 0 0 0 0
526814 287477 283784 42342 0 0 0 0
515707 310524 283784 42342 0 0 0 0
519934 328098 283784 42342 0 0 0 0
493951 319942 283784 42342 0 0 0 0
486678 328912 283784 42342 0 0 0 0
461177 352592 283784 42342 0 0 0 0
441547 319794 283784 42342 0 0 0 0
439157 337433 283784 42342 0 0 0 0
424683 372681 283784 42342 0 0 0 0
428415 377744 283784 42342 0 0 0 0
442404 375186 283784 42342 0 0 0 0
444755 374793 283784 42342 0 0 0 0
452037 377977 283784 42342 0 0 0 0
470981 388280 283784 42342 0 0 0 0
480790 363529 283784 42342 0 0 0 0
497111 376133 283784 42342 0 0 0 0
515911 363866 283784 42342 0 0 0 0
560306 382915 283784 42342 0 0 0 0
557852 425673 283784 42342 0 0 0 0
557852 425673 557852 425673 0 0 0 0
493279 404626 557852 425673 0 0 0 0
486518 428444 557852 425673 0 0 0 0
469006 416140 557852 425673 0 0 0 0
444276 413750 557852 425673 0 0 0 0
449645 456037 557852 425673 0 0 0 0
422545 468925 557852 425673 0 0 0 0
387826 469146 557852 425673 0 0 0 0
349877 416644 557852 425673 0 0 0 0
349877 416644 349877 416644 0 0 0 0
307571 314580 349877 416644 0 0 0 0
307571 314580 307571 314580 0 0 0 0
257951 328838 307571 314580 0 0 0 0
226872 294745 307571 314580 0 0 0 0
226872 294745 226872 294745 0 0 0 0
211903 385634 226872 294745 0 0 0 0
328584 448883 226872 294745 0 0 0 0
343118 471553 226872 294745 0 0 0 0
345379 490543 226872 294745 0 0 0 0
301763 510210 226872 294745 0 0 0 0
301763 510210 301763 510210 0 0 0 0
351677 596854 301763 510210 0 0 0 0
351677 596854 351677 596854 0 0 0 0
464095 578302 351677 596854 0 0 0 0
576682 638651 351677 596854 0 0 0 0
574971 676864 351677 596854 0 0 0 0
530110 710816 351677 596854 0 0 0 0
516588 704707 351677 596854 0 0 0 0
516588 704707 516588 704707 0 0 0 0
424234 709737 516588 704707 0 0 0 0
423263 716355 516588 704707 0 0 0 0
376638 723988 516588 704707 0 0 0 0
353443 683758 516588 704707 0 0 0 0
342417 712123 516588 704707 0 0 0 0
342770 722101 516588 704707 0 0 0 0
285809 709218 516588 704707 0 0 0 0
285809 709218 285809 709218 0 0 0 0
287032 770790 285809 709218 0 0 0 0
272599 779674 285809 709218 0 0 0 0
249338 777934 285809 709218 0 0 0 0
249338 777934 249338 777934 0 0 0 0
111675 775053 249338 777934 0 0 0 0
111675 775053 111675 775053 0 0 0 0
241915 875619 111675 775053 0 0 0 0
271806 848781 111675 775053 0 0 0 0
295935 840861 111675 775053 0 0 0 0
324714 873203 111675 775053 0 0 0 0
324714 873203 324714 873203 0 0 0 0
380442 781862 324714 873203 0 0 0 0
404845 801720 324714 873203 0 0 0 0
413938 782507 324714 873203 0 0 0 0
459461 756160 324714 873203 0 0 0 0
491215 802788 324714 873203 0 0 0 0
542509 794573 324714 873203 0 0 0 0
544132 793647 324714 873203 0 0 0 0
546783 821765 324714 873203 0 0 0 0
589970 827612 324714 873203 0 0 0 0
600861 840105 324714 873203 0 0 0 0
641964 836657 324714 873203 0 0 0 0
