757127 704003 825486 699444 0 0 0 0
752145 630424 825486 699444 0 0 0 0
749140 623633 825486 699444 0 0 0 0
759624 606315 825486 699444 0 0 0 0
786200 618419 825486 699444 0 0 0 0
811860 603441 825486 699444 0 0 0 0
805999 564626 825486 699444 0 0 0 0
785794 571990 825486 699444 0 0 0 0
719818 497657 825486 699444 0 0 0 0
722689 485633 825486 699444 0 0 0 0
720059 469432 825486 699444 0 0 0 0
706765 446183 825486 699444 0 0 0 0
706765 446183 706765 446183 0 0 0 0
666572 532996 706765 446183 0 0 0 0
636109 509179 706765 446183 0 0 0 0
616526 492597 706765 446183 0 0 0 0
607016 499688 706765 446183 0 0 0 0
582364 513205 706765 446183 0 0 0 0
582364 513205 582364 513205 0 0 0 0
586573 474207 582364 513205 0 0 0 0
586573 474207 586573 474207 0 0 0 0
622825 460213 586573 474207 0 0 0 0
649712 469249 586573 474207 0 0 0 0
642395 445423 586573 474207 0 0 0 0
637900 431984 586573 474207 0 0 0 0
649358 403185 586573 474207 0 0 0 0
609564 406299 586573 474207 0 0 0 0
615378 384632 586573 474207 0 0 0 0
605641 387693 586573 474207 0 0 0 0
585206 361081 586573 474207 0 0 0 0
634258 288884 586573 474207 0 0 0 0
634258 288884 634258 288884 0 0 0 0
589680 301652 634258 288884 0 0 0 0
552452 316384 634258 288884 0 0 0 0
552452 316384 552452 316384 0 0 0 0
529301 330534 552452 316384 0 0 0 0
544368 346028 552452 316384 0 0 0 0
524050 413635 552452 316384 0 0 0 0
508491 410729 552452 316384 0 0 0 0
501746 425549 552452 316384 0 0 0 0
480001 414073 552452 316384 0 0 0 0
475649 401076 552452 316384 0 0 0 0
475649 401076 475649 401076 0 0 0 0
457040 385851 475649 401076 0 0 0 0
458083 369490 475649 401076 0 0 0 0
452742 383613 475649 401076 0 0 0 0
423430 413799 475649 401076 0 0 0 0
449445 442652 475649 401076 0 0 0 0
449445 442652 449445 442652 0 0 0 0
400866 459638 449445 442652 0 0 0 0
364807 490913 449445 442652 0 0 0 0
355180 488358 449445 442652 0 0 0 0
362358 499238 449445 442652 0 0 0 0
362358 499238 362358 499238 0 0 0 0
393512 514002 362358 499238 0 0 0 0
433312 511893 362358 499238 0 0 0 0
463659 508691 362358 499238 0 0 0 0
507288 484454 362358 499238 0 0 0 0
513237 521832 362358 499238 0 0 0 0
546914 538672 362358 499238 0 0 0 0
550558 546301 362358 499238 0 0 0 0
558653 544074 362358 499238 0 0 0 0
558653 544074 558653 544074 0 0 0 0
545593 597275 558653 544074 0 0 0 0
507651 626438 558653 544074 0 0 0 0
520658 635503 558653 544074 0 0 0 0
533596 648689 558653 544074 0 0 0 0
499640 740580 558653 544074 0 0 0 0
458660 730268 558653 544074 0 0 0 0
477941 678981 558653 544074 0 0 0 0
478231 600806 558653 544074 0 0 0 0
450375 559812 558653 544074 0 0 0 0
385989 585521 558653 544074 0 0 0 0
311269 625799 558653 544074 0 0 0 0
258029 656350 558653 544074 0 0 0 0
217420 658236 558653 544074 0 0 0 0
137793 586147 558653 544074 0 0 0 0
137793 586147 137793 586147 0 0 0 0
104667 566818 137793 586147 0 0 0 0
164350 542025 137793 586147 0 0 0 0
245979 574943 137793 586147 0 0 0 0
255162 524740 137793 586147 0 0 0 0
255162 524740 255162 524740 0 0 0 0
232352 472167 255162 524740 0 0 0 0
232352 472167 232352 472167 0 0 0 0
233296 441522 232352 472167 0 0 0 0
248860 444060 232352 472167 0 0 0 0
275460 437912 232352 472167 0 0 0 0
273727 447124 232352 472167 0 0 0 0
276563 476904 232352 472167 0 0 0 0
301234 488522 232352 472167 0 0 0 0
314727 478639 232352 472167 0 0 0 0
291449 447766 232352 472167 0 0 0 0
316275 435227 232352 472167 0 0 0 0
372521 405383 232352 472167 0 0 0 0
417630 369937 232352 472167 0 0 0 0
421050 320596 232352 472167 0 0 0 0
392096 268140 232352 472167 0 0 0 0
386809 255071 232352 472167 0 0 0 0
444008 155908 232352 472167 0 0 0 0
465158 118486 232352 472167 0 0 0 0
355412 184339 232352 472167 0 0 0 0
306305 177351 232352 472167 0 0 0 0
347896 239118 232352 472167 0 0 0 0
344049 291502 232352 472167 0 0 0 0
320546 307351 232352 472167 0 0 0 0
287453 271906 232352 472167 0 0 0 0
269041 253363 232352 472167 0 0 0 0
234252 244788 232352 472167 0 0 0 0
213414 262261 232352 472167 0 0 0 0
157868 208995 232352 472167 0 0 0 0
