509760 249602 483410 227742 0 0 0 0
494749 260946 483410 227742 0 0 0 0
494758 288921 483410 227742 0 0 0 0
530362 278367 483410 227742 0 0 0 0
533822 310379 483410 227742 0 0 0 0
502493 375668 483410 227742 0 0 0 0
401800 294561 483410 227742 0 0 0 0
390151 295473 483410 227742 0 0 0 0
408299 377470 483410 227742 0 0 0 0
326511 437160 483410 227742 0 0 0 0
289488 494360 483410 227742 0 0 0 0
294521 530978 483410 227742 0 0 0 0
338587 512062 483410 227742 0 0 0 0
358355 523134 483410 227742 0 0 0 0
401641 608942 483410 227742 0 0 0 0
405779 677451 483410 227742 0 0 0 0
450481 638143 483410 227742 0 0 0 0
487278 587523 483410 227742 0 0 0 0
461029 510050 483410 227742 0 0 0 0
528600 501360 483410 227742 0 0 0 0
533774 463271 483410 227742 0 0 0 0
565933 455250 483410 227742 0 0 0 0
582817 459085 483410 227742 0 0 0 0
597380 483111 483410 227742 0 0 0 0
572259 482677 483410 227742 0 0 0 0
579806 500193 483410 227742 0 0 0 0
568145 500526 483410 227742 0 0 0 0
572112 516407 483410 227742 0 0 0 0
539741 553438 483410 227742 0 0 0 0
543147 570998 483410 227742 0 0 0 0
576407 574287 483410 227742 0 0 0 0
583263 565629 483410 227742 0 0 0 0
586041 555713 483410 227742 0 0 0 0
607410 557740 483410 227742 0 0 0 0
622933 535862 483410 227742 0 0 0 0
638382 530723 483410 227742 0 0 0 0
657471 514436 483410 227742 0 0 0 0
636857 460721 483410 227742 0 0 0 0
599043 451352 483410 227742 0 0 0 0
604911 417843 483410 227742 0 0 0 0
604692 406368 483410 227742 0 0 0 0
568124 402153 483410 227742 0 0 0 0
563599 365913 483410 227742 0 0 0 0
579899 345991 483410 227742 0 0 0 0
616462 348981 483410 227742 0 0 0 0
664219 373652 483410 227742 0 0 0 0
776445 418995 483410 227742 0 0 0 0
696718 531170 483410 227742 0 0 0 0
659326 548748 483410 227742 0 0 0 0
661001 552050 483410 227742 0 0 0 0
664279 570845 483410 227742 0 0 0 0
637009 577585 483410 227742 0 0 0 0
616611 565603 483410 227742 0 0 0 0
590520 593124 483410 227742 0 0 0 0
549367 605100 483410 227742 0 0 0 0
566811 639613 483410 227742 0 0 0 0
577222 633806 483410 227742 0 0 0 0
608976 660161 483410 227742 0 0 0 0
631219 643091 483410 227742 0 0 0 0
633867 631459 483410 227742 0 0 0 0
634419 623847 483410 227742 0 0 0 0
657699 616958 483410 227742 0 0 0 0
692946 615004 483410 227742 0 0 0 0
712519 599009 483410 227742 0 0 0 0
712519 599009 712519 599009 0 0 0 0
730726 585047 712519 599009 0 0 0 0
740053 662054 712519 599009 0 0 0 0
740053 662054 740053 662054 0 0 0 0
705614 656157 740053 662054 0 0 0 0
671852 674988 740053 662054 0 0 0 0
704344 709295 740053 662054 0 0 0 0
716041 733626 740053 662054 0 0 0 0
665464 717157 740053 662054 0 0 0 0
639448 680998 740053 662054 0 0 0 0
618596 692227 740053 662054 0 0 0 0
585946 757016 740053 662054 0 0 0 0
583516 685354 740053 662054 0 0 0 0
578894 666174 740053 662054 0 0 0 0
570143 659086 740053 662054 0 0 0 0
547917 649215 740053 662054 0 0 0 0
503931 655607 740053 662054 0 0 0 0
483902 743267 740053 662054 0 0 0 0
477068 773786 740053 662054 0 0 0 0
432201 763089 740053 662054 0 0 0 0
397024 761759 740053 662054 0 0 0 0
397888 754684 740053 662054 0 0 0 0
392502 745949 740053 662054 0 0 0 0
388531 756596 740053 662054 0 0 0 0
378497 758785 740053 662054 0 0 0 0
371686 768000 740053 662054 0 0 0 0
379505 831836 740053 662054 0 0 0 0
361441 830260 740053 662054 0 0 0 0
351106 835121 740053 662054 0 0 0 0
347577 833118 740053 662054 0 0 0 0
352784 797742 740053 662054 0 0 0 0
360772 788274 740053 662054 0 0 0 0
356225 769546 740053 662054 0 0 0 0
324791 737221 740053 662054 0 0 0 0
311262 776332 740053 662054 0 0 0 0
272060 817080 740053 662054 0 0 0 0
292637 856797 740053 662054 0 0 0 0
