158881 636481 71445 646764 0 0 0 0
166800 636750 71445 646764 0 0 0 0
202100 602775 71445 646764 0 0 0 0
213055 605761 71445 646764 0 0 0 0
243134 652044 71445 646764 0 0 0 0
324165 660617 71445 646764 0 0 0 0
288236 677486 71445 646764 0 0 0 0
277643 673726 71445 646764 0 0 0 0
267971 673122 71445 646764 0 0 0 0
259460 691233 71445 646764 0 0 0 0
247144 696162 71445 646764 0 0 0 0
235593 689132 71445 646764 0 0 0 0
235278 698589 71445 646764 0 0 0 0
240005 708365 71445 646764 0 0 0 0
229822 709545 71445 646764 0 0 0 0
227280 698536 71445 646764 0 0 0 0
216571 691538 71445 646764 0 0 0 0
207731 695159 71445 646764 0 0 0 0
207630 693028 71445 646764 0 0 0 0
208524 676780 71445 646764 0 0 0 0
170118 672911 71445 646764 0 0 0 0
197911 730863 71445 646764 0 0 0 0
181389 777925 71445 646764 0 0 0 0
247557 730019 71445 646764 0 0 0 0
264472 711870 71445 646764 0 0 0 0
288344 744443 71445 646764 0 0 0 0
331957 752112 71445 646764 0 0 0 0
350991 759706 71445 646764 0 0 0 0
424110 816342 71445 646764 0 0 0 0
424110 816342 424110 816342 0 0 0 0
446564 727293 424110 816342 0 0 0 0
470315 724908 424110 816342 0 0 0 0
449929 701998 424110 816342 0 0 0 0
464563 651248 424110 816342 0 0 0 0
464563 651248 464563 651248 0 0 0 0
483764 617621 464563 651248 0 0 0 0
485072 587564 464563 651248 0 0 0 0
496960 589521 464563 651248 0 0 0 0
519526 588974 464563 651248 0 0 0 0
482179 522349 464563 651248 0 0 0 0
510182 484331 464563 651248 0 0 0 0
458590 336066 464563 651248 0 0 0 0
331086 367784 464563 651248 0 0 0 0
331086 367784 331086 367784 0 0 0 0
263364 380332 331086 367784 0 0 0 0
245782 372768 331086 367784 0 0 0 0
245782 372768 245782 372768 0 0 0 0
181495 424560 245782 372768 0 0 0 0
171988 386728 245782 372768 0 0 0 0
159127 319856 245782 372768 0 0 0 0
252877 351997 245782 372768 0 0 0 0
254900 329710 245782 372768 0 0 0 0
322614 326808 245782 372768 0 0 0 0
382708 305419 245782 372768 0 0 0 0
435791 268469 245782 372768 0 0 0 0
423870 257802 245782 372768 0 0 0 0
427570 252152 245782 372768 0 0 0 0
418645 246106 245782 372768 0 0 0 0
381867 247919 245782 372768 0 0 0 0
392040 230156 245782 372768 0 0 0 0
411604 214825 245782 372768 0 0 0 0
412801 209849 245782 372768 0 0 0 0
412599 183374 245782 372768 0 0 0 0
412599 183374 412599 183374 0 0 0 0
419543 139092 412599 183374 0 0 0 0
435272 41279 412599 183374 0 0 0 0
435272 41279 435272 41279 0 0 0 0
449368 138436 435272 41279 0 0 0 0
464958 200450 435272 41279 0 0 0 0
449990 206680 435272 41279 0 0 0 0
470080 227009 435272 41279 0 0 0 0
471961 230405 435272 41279 0 0 0 0
490754 228926 435272 41279 0 0 0 0
493914 195759 435272 41279 0 0 0 0
496456 183440 435272 41279 0 0 0 0
529551 159346 435272 41279 0 0 0 0
590292 181943 435272 41279 0 0 0 0
592790 245271 435272 41279 0 0 0 0
546381 233207 435272 41279 0 0 0 0
545677 255959 435272 41279 0 0 0 0
509634 275245 435272 41279 0 0 0 0
486365 309485 435272 41279 0 0 0 0
541023 307141 435272 41279 0 0 0 0
540222 331023 435272 41279 0 0 0 0
540222 331023 540222 331023 0 0 0 0
703614 429462 540222 331023 0 0 0 0
592587 523378 540222 331023 0 0 0 0
589302 550345 540222 331023 0 0 0 0
571237 572057 540222 331023 0 0 0 0
571237 572057 571237 572057 0 0 0 0
557531 579641 571237 572057 0 0 0 0
540233 603747 571237 572057 0 0 0 0
538387 617123 571237 572057 0 0 0 0
508876 652961 571237 572057 0 0 0 0
508433 683693 571237 572057 0 0 0 0
504969 697931 571237 572057 0 0 0 0
502968 723364 571237 572057 0 0 0 0
544504 757977 571237 572057 0 0 0 0
544504 757977 544504 757977 0 0 0 0
602952 792994 544504 757977 0 0 0 0
576039 687296 544504 757977 0 0 0 0
571102 658610 544504 757977 0 0 0 0
571102 658610 571102 658610 0 0 0 0
621901 660123 571102 658610 0 0 0 0
743582 659116 571102 658610 0 0 0 0
845539 551245 571102 658610 0 0 0 0
838440 440888 571102 658610 0 0 0 0
893607 459683 571102 658610 0 0 0 0
904393 394379 571102 658610 0 0 0 0
