768547 579853 758775 637217 0 0 0 0
689619 676747 758775 637217 0 0 0 0
597212 667041 758775 637217 0 0 0 0
609282 554567 758775 637217 0 0 0 0
578918 542984 758775 637217 0 0 0 0
601151 338785 758775 637217 0 0 0 0
556949 281716 758775 637217 0 0 0 0
613439 244802 758775 637217 0 0 0 0
567796 238805 758775 637217 0 0 0 0
564210 247429 758775 637217 0 0 0 0
536643 246345 758775 637217 0 0 0 0
513507 242331 758775 637217 0 0 0 0
457543 241341 758775 637217 0 0 0 0
472372 235147 758775 637217 0 0 0 0
487102 212334 758775 637217 0 0 0 0
493270 211879 758775 637217 0 0 0 0
497810 203926 758775 637217 0 0 0 0
542211 210059 758775 637217 0 0 0 0
540749 197642 758775 637217 0 0 0 0
559103 185701 758775 637217 0 0 0 0
581194 145514 758775 637217 0 0 0 0
581194 145514 581194 145514 0 0 0 0
628004 92281 581194 145514 0 0 0 0
540639 135329 581194 145514 0 0 0 0
458653 135966 581194 145514 0 0 0 0
433744 181968 581194 145514 0 0 0 0
421086 222000 581194 145514 0 0 0 0
417560 242573 581194 145514 0 0 0 0
417560 242573 417560 242573 0 0 0 0
391956 295448 417560 242573 0 0 0 0
391956 295448 391956 295448 0 0 0 0
496007 317448 391956 295448 0 0 0 0
477177 359237 391956 295448 0 0 0 0
476921 411875 391956 295448 0 0 0 0
490836 445568 391956 295448 0 0 0 0
490836 445568 490836 445568 0 0 0 0
439761 448800 490836 445568 0 0 0 0
388325 454313 490836 445568 0 0 0 0
356596 466510 490836 445568 0 0 0 0
356596 466510 356596 466510 0 0 0 0
370264 512336 356596 466510 0 0 0 0
389494 518467 356596 466510 0 0 0 0
398629 513277 356596 466510 0 0 0 0
399085 535020 356596 466510 0 0 0 0
416155 539618 356596 466510 0 0 0 0
397587 580822 356596 466510 0 0 0 0
454063 581678 356596 466510 0 0 0 0
460513 581809 356596 466510 0 0 0 0
459923 628594 356596 466510 0 0 0 0
449032 625225 356596 466510 0 0 0 0
387640 651038 356596 466510 0 0 0 0
344475 696988 356596 466510 0 0 0 0
299649 632002 356596 466510 0 0 0 0
319948 611305 356596 466510 0 0 0 0
352103 616959 356596 466510 0 0 0 0
359899 617105 356596 466510 0 0 0 0
350904 579980 356596 466510 0 0 0 0
304086 584467 356596 466510 0 0 0 0
243145 606268 356596 466510 0 0 0 0
221552 594386 356596 466510 0 0 0 0
242026 583538 356596 466510 0 0 0 0
281651 566518 356596 466510 0 0 0 0
285796 535602 356596 466510 0 0 0 0
282269 532378 356596 466510 0 0 0 0
262422 509098 356596 466510 0 0 0 0
253188 511643 356596 466510 0 0 0 0
254860 528345 356596 466510 0 0 0 0
236566 522578 356596 466510 0 0 0 0
211146 497282 356596 466510 0 0 0 0
215038 471528 356596 466510 0 0 0 0
219290 458401 356596 466510 0 0 0 0
264041 452052 356596 466510 0 0 0 0
281186 460415 356596 466510 0 0 0 0
270515 484488 356596 466510 0 0 0 0
270262 495318 356596 466510 0 0 0 0
273303 493759 356596 466510 0 0 0 0
276923 494978 356596 466510 0 0 0 0
284137 483263 356596 466510 0 0 0 0
303068 482563 356596 466510 0 0 0 0
297083 494965 356596 466510 0 0 0 0
316246 511096 356596 466510 0 0 0 0
330226 489117 356596 466510 0 0 0 0
322286 483098 356596 466510 0 0 0 0
314795 479195 356596 466510 0 0 0 0
320150 438425 356596 466510 0 0 0 0
340494 416133 356596 466510 0 0 0 0
326514 419632 356596 466510 0 0 0 0
297403 421743 356596 466510 0 0 0 0
292717 416248 356596 466510 0 0 0 0
297455 383089 356596 466510 0 0 0 0
293341 355027 356596 466510 0 0 0 0
271253 358538 356596 466510 0 0 0 0
275505 379603 356596 466510 0 0 0 0
267769 412132 356596 466510 0 0 0 0
259007 426614 356596 466510 0 0 0 0
252031 400390 356596 466510 0 0 0 0
241423 377176 356596 466510 0 0 0 0
226469 367883 356596 466510 0 0 0 0
206689 320486 356596 466510 0 0 0 0
203153 299593 356596 466510 0 0 0 0
242385 313659 356596 466510 0 0 0 0
261900 276021 356596 466510 0 0 0 0
234818 243743 356596 466510 0 0 0 0
213903 201056 356596 466510 0 0 0 0
