621620 153626 699131 37686 0 0 0 0
583355 205225 699131 37686 0 0 0 0
595496 203168 699131 37686 0 0 0 0
605454 213009 699131 37686 0 0 0 0
631880 232517 699131 37686 0 0 0 0
678502 187434 699131 37686 0 0 0 0
699082 184032 699131 37686 0 0 0 0
785285 191061 699131 37686 0 0 0 0
785791 188517 699131 37686 0 0 0 0
801827 178286 699131 37686 0 0 0 0
814402 195799 699131 37686 0 0 0 0
757038 273903 699131 37686 0 0 0 0
783186 289607 699131 37686 0 0 0 0
778542 336561 699131 37686 0 0 0 0
756829 334074 699131 37686 0 0 0 0
734260 311221 699131 37686 0 0 0 0
715677 341454 699131 37686 0 0 0 0
726301 366361 699131 37686 0 0 0 0
689319 356894 699131 37686 0 0 0 0
677312 351748 699131 37686 0 0 0 0
681161 310178 699131 37686 0 0 0 0
668238 263552 699131 37686 0 0 0 0
649572 289296 699131 37686 0 0 0 0
634401 277815 699131 37686 0 0 0 0
634401 277815 634401 277815 0 0 0 0
607429 317964 634401 277815 0 0 0 0
592591 316773 634401 277815 0 0 0 0
582465 313456 634401 277815 0 0 0 0
512975 328987 634401 277815 0 0 0 0
512975 328987 512975 328987 0 0 0 0
504310 319959 512975 328987 0 0 0 0
471141 283653 512975 328987 0 0 0 0
416109 226954 512975 328987 0 0 0 0
416109 226954 416109 226954 0 0 0 0
394658 277405 416109 226954 0 0 0 0
387990 294991 416109 226954 0 0 0 0
352720 293188 416109 226954 0 0 0 0
352720 293188 352720 293188 0 0 0 0
337899 268024 352720 293188 0 0 0 0
289931 257384 352720 293188 0 0 0 0
278465 255813 352720 293188 0 0 0 0
264458 259993 352720 293188 0 0 0 0
264458 259993 264458 259993 0 0 0 0
280892 238637 264458 259993 0 0 0 0
299050 179126 264458 259993 0 0 0 0
266280 126944 264458 259993 0 0 0 0
266280 126944 266280 126944 0 0 0 0
226897 229836 266280 126944 0 0 0 0
232970 239617 266280 126944 0 0 0 0
202393 232824 266280 126944 0 0 0 0
203262 249261 266280 126944 0 0 0 0
171824 319113 266280 126944 0 0 0 0
171824 319113 171824 319113 0 0 0 0
314057 316350 171824 319113 0 0 0 0
391307 383884 171824 319113 0 0 0 0
421884 383381 171824 319113 0 0 0 0
491101 393516 171824 319113 0 0 0 0
516653 399607 171824 319113 0 0 0 0
516653 399607 516653 399607 0 0 0 0
513074 470312 516653 399607 0 0 0 0
495503 457186 516653 399607 0 0 0 0
444809 470105 516653 399607 0 0 0 0
436366 499132 516653 399607 0 0 0 0
485121 492939 516653 399607 0 0 0 0
485121 492939 485121 492939 0 0 0 0
568564 587282 485121 492939 0 0 0 0
568564 587282 568564 587282 0 0 0 0
589105 458852 568564 587282 0 0 0 0
638811 432367 568564 587282 0 0 0 0
596336 418136 568564 587282 0 0 0 0
596492 377414 568564 587282 0 0 0 0
596492 377414 596492 377414 0 0 0 0
581666 365706 596492 377414 0 0 0 0
581666 365706 581666 365706 0 0 0 0
602795 346741 581666 365706 0 0 0 0
615158 360819 581666 365706 0 0 0 0
627023 346796 581666 365706 0 0 0 0
643922 342743 581666 365706 0 0 0 0
643922 342743 643922 342743 0 0 0 0
651979 363585 643922 342743 0 0 0 0
669950 375177 643922 342743 0 0 0 0
678540 408182 643922 342743 0 0 0 0
728236 431121 643922 342743 0 0 0 0
756095 405889 643922 342743 0 0 0 0
743652 389307 643922 342743 0 0 0 0
751658 382231 643922 342743 0 0 0 0
776338 367769 643922 342743 0 0 0 0
817917 386703 643922 342743 0 0 0 0
859886 466356 643922 342743 0 0 0 0
928687 464451 643922 342743 0 0 0 0
928687 464451 928687 464451 0 0 0 0
830768 576683 928687 464451 0 0 0 0
720382 680932 928687 464451 0 0 0 0
687758 624590 928687 464451 0 0 0 0
636694 656438 928687 464451 0 0 0 0
638252 669860 928687 464451 0 0 0 0
642346 677714 928687 464451 0 0 0 0
643553 712273 928687 464451 0 0 0 0
665021 743406 928687 464451 0 0 0 0
519858 840364 928687 464451 0 0 0 0
442320 746292 928687 464451 0 0 0 0
439612 717898 928687 464451 0 0 0 0
436233 719123 928687 464451 0 0 0 0
385628 752754 928687 464451 0 0 0 0
347963 737610 928687 464451 0 0 0 0
347963 737610 347963 737610 0 0 0 0
290812 658154 347963 737610 0 0 0 0
301606 609597 347963 737610 0 0 0 0
255135 618981 347963 737610 0 0 0 0
168161 670185 347963 737610 0 0 0 0
315327 751828 347963 737610 0 0 0 0
351260 764655 347963 737610 0 0 0 0
382725 810711 347963 737610 0 0 0 0
357395 830322 347963 737610 0 0 0 0
