818134 551767 912474 560975 0 0 0 0
762064 513209 912474 560975 0 0 0 0
762064 513209 762064 513209 0 0 0 0
718866 477397 762064 513209 0 0 0 0
718866 477397 718866 477397 0 0 0 0
733904 448450 718866 477397 0 0 0 0
740569 428276 718866 477397 0 0 0 0
750828 431803 718866 477397 0 0 0 0
764055 435852 718866 477397 0 0 0 0
773752 440872 718866 477397 0 0 0 0
778660 431461 718866 477397 0 0 0 0
790012 429415 718866 477397 0 0 0 0
791175 445343 718866 477397 0 0 0 0
789942 464597 718866 477397 0 0 0 0
784877 483157 718866 477397 0 0 0 0
797518 476859 718866 477397 0 0 0 0
803621 468133 718866 477397 0 0 0 0
834232 477736 718866 477397 0 0 0 0
844232 480775 718866 477397 0 0 0 0
842489 499351 718866 477397 0 0 0 0
846619 495052 718866 477397 0 0 0 0
849528 490856 718866 477397 0 0 0 0
859271 484495 718866 477397 0 0 0 0
868701 485916 718866 477397 0 0 0 0
895726 456955 718866 477397 0 0 0 0
864500 457644 718866 477397 0 0 0 0
845840 431975 718866 477397 0 0 0 0
823722 453368 718866 477397 0 0 0 0
810723 430693 718866 477397 0 0 0 0
804797 412884 718866 477397 0 0 0 0
803853 405885 718866 477397 0 0 0 0
828776 395502 718866 477397 0 0 0 0
823066 392129 718866 477397 0 0 0 0
783077 382063 718866 477397 0 0 0 0
783077 382063 783077 382063 0 0 0 0
774011 335551 783077 382063 0 0 0 0
728122 399291 783077 382063 0 0 0 0
733567 420815 783077 382063 0 0 0 0
713475 438019 783077 382063 0 0 0 0
701693 421505 783077 382063 0 0 0 0
632553 427548 783077 382063 0 0 0 0
620519 450647 783077 382063 0 0 0 0
597329 432987 783077 382063 0 0 0 0
621514 399449 783077 382063 0 0 0 0
637135 371015 783077 382063 0 0 0 0
576303 382615 783077 382063 0 0 0 0
556267 405180 783077 382063 0 0 0 0
570395 443464 783077 382063 0 0 0 0
543924 457316 783077 382063 0 0 0 0
557655 484251 783077 382063 0 0 0 0
557655 484251 557655 484251 0 0 0 0
598495 493710 557655 484251 0 0 0 0
602397 524948 557655 484251 0 0 0 0
653303 527367 557655 484251 0 0 0 0
653303 527367 653303 527367 0 0 0 0
520533 729605 653303 527367 0 0 0 0
520533 729605 520533 729605 0 0 0 0
498062 734724 520533 729605 0 0 0 0
505345 776012 520533 729605 0 0 0 0
507101 773676 520533 729605 0 0 0 0
509388 772750 520533 729605 0 0 0 0
539484 780567 520533 729605 0 0 0 0
563106 780955 520533 729605 0 0 0 0
576975 779093 520533 729605 0 0 0 0
585901 776691 520533 729605 0 0 0 0
607840 826307 520533 729605 0 0 0 0
557930 805430 520533 729605 0 0 0 0
546825 792968 520533 729605 0 0 0 0
533692 798083 520533 729605 0 0 0 0
534832 798971 520533 729605 0 0 0 0
524051 832006 520533 729605 0 0 0 0
517747 840093 520533 729605 0 0 0 0
442393 839377 520533 729605 0 0 0 0
380775 674591 520533 729605 0 0 0 0
349736 657317 520533 729605 0 0 0 0
342743 652498 520533 729605 0 0 0 0
339849 627655 520533 729605 0 0 0 0
331355 619281 520533 729605 0 0 0 0
348594 598288 520533 729605 0 0 0 0
311422 604530 520533 729605 0 0 0 0
305818 593774 520533 729605 0 0 0 0
298535 590923 520533 729605 0 0 0 0
292572 589529 520533 729605 0 0 0 0
296078 587308 520533 729605 0 0 0 0
306923 582694 520533 729605 0 0 0 0
319527 578121 520533 729605 0 0 0 0
326735 574621 520533 729605 0 0 0 0
300856 561940 520533 729605 0 0 0 0
329303 541456 520533 729605 0 0 0 0
337579 530205 520533 729605 0 0 0 0
336521 492846 520533 729605 0 0 0 0
336521 492846 336521 492846 0 0 0 0
300663 498389 336521 492846 0 0 0 0
287543 539901 336521 492846 0 0 0 0
253906 554951 336521 492846 0 0 0 0
253906 554951 253906 554951 0 0 0 0
231092 506084 253906 554951 0 0 0 0
203448 464714 253906 554951 0 0 0 0
228513 452053 253906 554951 0 0 0 0
257661 471890 253906 554951 0 0 0 0
264446 474171 253906 554951 0 0 0 0
261850 393670 253906 554951 0 0 0 0
261850 393670 261850 393670 0 0 0 0
340891 370910 261850 393670 0 0 0 0
340891 370910 340891 370910 0 0 0 0
329358 241337 340891 370910 0 0 0 0
264252 239839 340891 370910 0 0 0 0
268994 307769 340891 370910 0 0 0 0
268994 307769 268994 307769 0 0 0 0
191028 346377 268994 307769 0 0 0 0
