267110 529580 232874 534263 0 0 0 0
257876 555237 232874 534263 0 0 0 0
273743 602152 232874 534263 0 0 0 0
292249 594447 232874 534263 0 0 0 0
305978 566480 232874 534263 0 0 0 0
351379 579281 232874 534263 0 0 0 0
350601 601868 232874 534263 0 0 0 0
351106 607935 232874 534263 0 0 0 0
351106 607935 351106 607935 0 0 0 0
316622 606998 351106 607935 0 0 0 0
339856 650330 351106 607935 0 0 0 0
339856 650330 339856 650330 0 0 0 0
371868 635188 339856 650330 0 0 0 0
412224 639175 339856 650330 0 0 0 0
412224 639175 412224 639175 0 0 0 0
472818 578057 412224 639175 0 0 0 0
511585 542584 412224 639175 0 0 0 0
511585 542584 511585 542584 0 0 0 0
559686 550207 511585 542584 0 0 0 0
522998 494231 511585 542584 0 0 0 0
535807 480241 511585 542584 0 0 0 0
535566 458713 511585 542584 0 0 0 0
549128 448878 511585 542584 0 0 0 0
507697 448315 511585 542584 0 0 0 0
493910 444891 511585 542584 0 0 0 0
497828 454818 511585 542584 0 0 0 0
515045 464653 511585 542584 0 0 0 0
504977 474797 511585 542584 0 0 0 0
490143 504574 511585 542584 0 0 0 0
490143 504574 490143 504574 0 0 0 0
433638 524288 490143 504574 0 0 0 0
433638 524288 433638 524288 0 0 0 0
415116 550079 433638 524288 0 0 0 0
407540 553259 433638 524288 0 0 0 0
407540 553259 407540 553259 0 0 0 0
385112 485509 407540 553259 0 0 0 0
385112 485509 385112 485509 0 0 0 0
326321 446159 385112 485509 0 0 0 0
336065 370973 385112 485509 0 0 0 0
336065 370973 336065 370973 0 0 0 0
380021 377312 336065 370973 0 0 0 0
399868 386469 336065 370973 0 0 0 0
425009 364007 336065 370973 0 0 0 0
426185 342362 336065 370973 0 0 0 0
404703 335760 336065 370973 0 0 0 0
398383 333425 336065 370973 0 0 0 0
392209 338596 336065 370973 0 0 0 0
384777 329067 336065 370973 0 0 0 0
401089 308051 336065 370973 0 0 0 0
386868 266584 336065 370973 0 0 0 0
434938 309014 336065 370973 0 0 0 0
456462 350731 336065 370973 0 0 0 0
500734 385833 336065 370973 0 0 0 0
485547 348480 336065 370973 0 0 0 0
512005 310215 336065 370973 0 0 0 0
470138 286502 336065 370973 0 0 0 0
493877 255180 336065 370973 0 0 0 0
483641 219322 336065 370973 0 0 0 0
501705 197417 336065 370973 0 0 0 0
505088 174895 336065 370973 0 0 0 0
517342 160790 336065 370973 0 0 0 0
537730 235831 336065 370973 0 0 0 0
578411 201093 336065 370973 0 0 0 0
578411 201093 578411 201093 0 0 0 0
655308 190797 578411 201093 0 0 0 0
699856 170398 578411 201093 0 0 0 0
715599 170782 578411 201093 0 0 0 0
676419 253153 578411 201093 0 0 0 0
659410 246259 578411 201093 0 0 0 0
639369 240155 578411 201093 0 0 0 0
626301 280342 578411 201093 0 0 0 0
587677 263568 578411 201093 0 0 0 0
585402 304631 578411 201093 0 0 0 0
585402 304631 585402 304631 0 0 0 0
561154 349028 585402 304631 0 0 0 0
641674 338638 585402 304631 0 0 0 0
657114 329627 585402 304631 0 0 0 0
657114 329627 657114 329627 0 0 0 0
737226 316831 657114 329627 0 0 0 0
754240 373023 657114 329627 0 0 0 0
770768 381276 657114 329627 0 0 0 0
756303 391148 657114 329627 0 0 0 0
767320 414951 657114 329627 0 0 0 0
752282 435959 657114 329627 0 0 0 0
726376 462459 657114 329627 0 0 0 0
703389 460634 657114 329627 0 0 0 0
683731 451609 657114 329627 0 0 0 0
694221 485917 657114 329627 0 0 0 0
746989 518779 657114 329627 0 0 0 0
764894 551233 657114 329627 0 0 0 0
738928 559472 657114 329627 0 0 0 0
752484 587173 657114 329627 0 0 0 0
748662 596417 657114 329627 0 0 0 0
733778 639184 657114 329627 0 0 0 0
731415 663977 657114 329627 0 0 0 0
724831 687165 657114 329627 0 0 0 0
742422 720616 657114 329627 0 0 0 0
769308 642757 657114 329627 0 0 0 0
814906 620183 657114 329627 0 0 0 0
822760 580966 657114 329627 0 0 0 0
854222 531476 657114 329627 0 0 0 0
819418 534553 657114 329627 0 0 0 0
801413 540144 657114 329627 0 0 0 0
804784 517130 657114 329627 0 0 0 0
781500 522814 657114 329627 0 0 0 0
768158 526825 657114 329627 0 0 0 0
756666 497411 657114 329627 0 0 0 0
765104 475923 657114 329627 0 0 0 0
790795 468223 657114 329627 0 0 0 0
823146 457121 657114 329627 0 0 0 0
863306 475537 657114 329627 0 0 0 0
