283626 613288 270423 646417 0 0 0 0
300458 630772 270423 646417 0 0 0 0
304527 633717 270423 646417 0 0 0 0
311355 628985 270423 646417 0 0 0 0
309062 636920 270423 646417 0 0 0 0
328175 667383 270423 646417 0 0 0 0
352410 655889 270423 646417 0 0 0 0
353871 681727 270423 646417 0 0 0 0
365933 709509 270423 646417 0 0 0 0
410902 782611 270423 646417 0 0 0 0
458837 762157 270423 646417 0 0 0 0
436548 733384 270423 646417 0 0 0 0
437662 696059 270423 646417 0 0 0 0
455379 665562 270423 646417 0 0 0 0
476285 644128 270423 646417 0 0 0 0
477855 639760 270423 646417 0 0 0 0
491206 665225 270423 646417 0 0 0 0
534645 710791 270423 646417 0 0 0 0
524747 619938 270423 646417 0 0 0 0
535687 624000 270423 646417 0 0 0 0
540214 627646 270423 646417 0 0 0 0
565179 649260 270423 646417 0 0 0 0
612484 665460 270423 646417 0 0 0 0
622657 668847 270423 646417 0 0 0 0
632711 685094 270423 646417 0 0 0 0
643070 671231 270423 646417 0 0 0 0
678307 620348 270423 646417 0 0 0 0
708595 624528 270423 646417 0 0 0 0
721978 604359 270423 646417 0 0 0 0
830372 570415 270423 646417 0 0 0 0
754120 518854 270423 646417 0 0 0 0
754120 518854 754120 518854 0 0 0 0
694149 504029 754120 518854 0 0 0 0
692630 536281 754120 518854 0 0 0 0
691493 547168 754120 518854 0 0 0 0
687456 568341 754120 518854 0 0 0 0
686551 572833 754120 518854 0 0 0 0
682520 570697 754120 518854 0 0 0 0
652967 601454 754120 518854 0 0 0 0
617748 609267 754120 518854 0 0 0 0
577237 578023 754120 518854 0 0 0 0
577237 578023 577237 578023 0 0 0 0
558326 559505 577237 578023 0 0 0 0
550551 578231 577237 578023 0 0 0 0
461527 553370 577237 578023 0 0 0 0
433965 562079 577237 578023 0 0 0 0
421245 586690 577237 578023 0 0 0 0
420035 586748 577237 578023 0 0 0 0
394985 578359 577237 578023 0 0 0 0
406230 618665 577237 578023 0 0 0 0
373985 612118 577237 578023 0 0 0 0
361795 593871 577237 578023 0 0 0 0
334770 604156 577237 578023 0 0 0 0
322815 607978 577237 578023 0 0 0 0
329238 589102 577237 578023 0 0 0 0
315726 582916 577237 578023 0 0 0 0
315018 592448 577237 578023 0 0 0 0
305558 591924 577237 578023 0 0 0 0
296166 585369 577237 578023 0 0 0 0
297251 568006 577237 578023 0 0 0 0
293250 552719 577237 578023 0 0 0 0
288100 556488 577237 578023 0 0 0 0
251457 526616 577237 578023 0 0 0 0
287415 521614 577237 578023 0 0 0 0
287415 521614 287415 521614 0 0 0 0
326102 395012 287415 521614 0 0 0 0
338275 383433 287415 521614 0 0 0 0
366306 358486 287415 521614 0 0 0 0
236852 330493 287415 521614 0 0 0 0
281189 231320 287415 521614 0 0 0 0
274064 209011 287415 521614 0 0 0 0
320802 210191 287415 521614 0 0 0 0
339582 220827 287415 521614 0 0 0 0
352246 228716 287415 521614 0 0 0 0
346362 163067 287415 521614 0 0 0 0
380697 200419 287415 521614 0 0 0 0
414088 203059 287415 521614 0 0 0 0
450630 256196 287415 521614 0 0 0 0
423522 259314 287415 521614 0 0 0 0
392031 254994 287415 521614 0 0 0 0
385812 254468 287415 521614 0 0 0 0
364705 284222 287415 521614 0 0 0 0
368366 295105 287415 521614 0 0 0 0
495576 401002 287415 521614 0 0 0 0
590681 350917 287415 521614 0 0 0 0
605885 421884 287415 521614 0 0 0 0
605885 421884 605885 421884 0 0 0 0
601873 432636 605885 421884 0 0 0 0
600799 470477 605885 421884 0 0 0 0
658360 469937 605885 421884 0 0 0 0
660769 450522 605885 421884 0 0 0 0
660769 450522 660769 450522 0 0 0 0
683796 330852 660769 450522 0 0 0 0
691141 316025 660769 450522 0 0 0 0
691141 316025 691141 316025 0 0 0 0
732389 405238 691141 316025 0 0 0 0
754712 419238 691141 316025 0 0 0 0
745777 433151 691141 316025 0 0 0 0
745777 433151 745777 433151 0 0 0 0
797334 450442 745777 433151 0 0 0 0
805068 450073 745777 433151 0 0 0 0
858187 456059 745777 433151 0 0 0 0
850464 405964 745777 433151 0 0 0 0
847295 387775 745777 433151 0 0 0 0
847295 387775 847295 387775 0 0 0 0
796372 312450 847295 387775 0 0 0 0
845347 277261 847295 387775 0 0 0 0
