166262 225370 130284 203962 0 0 0 0
180124 246977 130284 203962 0 0 0 0
208913 303149 130284 203962 0 0 0 0
148913 324513 130284 203962 0 0 0 0
154632 423518 130284 203962 0 0 0 0
225828 468232 130284 203962 0 0 0 0
228797 479872 130284 203962 0 0 0 0
243020 486618 130284 203962 0 0 0 0
189059 503769 130284 203962 0 0 0 0
157753 507322 130284 203962 0 0 0 0
182549 551718 130284 203962 0 0 0 0
171487 573094 130284 203962 0 0 0 0
185443 579718 130284 203962 0 0 0 0
212895 539079 130284 203962 0 0 0 0
221886 532353 130284 203962 0 0 0 0
258294 542386 130284 203962 0 0 0 0
273579 558427 130284 203962 0 0 0 0
241322 586526 130284 203962 0 0 0 0
241964 600555 130284 203962 0 0 0 0
213180 614472 130284 203962 0 0 0 0
206156 624824 130284 203962 0 0 0 0
226473 748471 130284 203962 0 0 0 0
241511 695535 130284 203962 0 0 0 0
306830 613457 130284 203962 0 0 0 0
310257 610136 130284 203962 0 0 0 0
314524 615172 130284 203962 0 0 0 0
335202 687659 130284 203962 0 0 0 0
439549 722952 130284 203962 0 0 0 0
454061 693805 130284 203962 0 0 0 0
454061 693805 454061 693805 0 0 0 0
611408 670784 454061 693805 0 0 0 0
622860 560811 454061 693805 0 0 0 0
597254 486597 454061 693805 0 0 0 0
589940 488871 454061 693805 0 0 0 0
578859 484353 454061 693805 0 0 0 0
543028 463201 454061 693805 0 0 0 0
562018 430061 454061 693805 0 0 0 0
572202 421700 454061 693805 0 0 0 0
572202 421700 572202 421700 0 0 0 0
551947 416768 572202 421700 0 0 0 0
558961 360446 572202 421700 0 0 0 0
572593 324679 572202 421700 0 0 0 0
572593 324679 572593 324679 0 0 0 0
612176 319041 572593 324679 0 0 0 0
586123 284928 572593 324679 0 0 0 0
561304 256876 572593 324679 0 0 0 0
550006 244742 572593 324679 0 0 0 0
550006 244742 550006 244742 0 0 0 0
494405 290183 550006 244742 0 0 0 0
424614 278120 550006 244742 0 0 0 0
460245 325623 550006 244742 0 0 0 0
442758 431444 550006 244742 0 0 0 0
369378 403946 550006 244742 0 0 0 0
359285 401385 550006 244742 0 0 0 0
331374 391089 550006 244742 0 0 0 0
359682 348738 550006 244742 0 0 0 0
302334 358368 550006 244742 0 0 0 0
297579 362362 550006 244742 0 0 0 0
299507 412682 550006 244742 0 0 0 0
301897 428475 550006 244742 0 0 0 0
301897 428475 301897 428475 0 0 0 0
292623 468575 301897 428475 0 0 0 0
272645 419698 301897 428475 0 0 0 0
252800 413388 301897 428475 0 0 0 0
246924 414483 301897 428475 0 0 0 0
239280 379095 301897 428475 0 0 0 0
259907 373593 301897 428475 0 0 0 0
269632 358689 301897 428475 0 0 0 0
273497 329967 301897 428475 0 0 0 0
234523 333330 301897 428475 0 0 0 0
269305 281390 301897 428475 0 0 0 0
319177 296098 301897 428475 0 0 0 0
373433 207233 301897 428475 0 0 0 0
484186 222664 301897 428475 0 0 0 0
478678 210839 301897 428475 0 0 0 0
493755 190377 301897 428475 0 0 0 0
521642 185007 301897 428475 0 0 0 0
527498 157728 301897 428475 0 0 0 0
566342 170859 301897 428475 0 0 0 0
566342 170859 566342 170859 0 0 0 0
570038 201706 566342 170859 0 0 0 0
574381 195155 566342 170859 0 0 0 0
588669 164541 566342 170859 0 0 0 0
613944 172036 566342 170859 0 0 0 0
613944 172036 613944 172036 0 0 0 0
622848 219125 613944 172036 0 0 0 0
644924 290878 613944 172036 0 0 0 0
644924 290878 644924 290878 0 0 0 0
787907 319992 644924 290878 0 0 0 0
787907 319992 787907 319992 0 0 0 0
782224 448860 787907 319992 0 0 0 0
771360 473802 787907 319992 0 0 0 0
760655 481518 787907 319992 0 0 0 0
755187 492614 787907 319992 0 0 0 0
744086 482159 787907 319992 0 0 0 0
738155 465998 787907 319992 0 0 0 0
723170 450981 787907 319992 0 0 0 0
713518 441817 787907 319992 0 0 0 0
706213 467168 787907 319992 0 0 0 0
706607 495060 787907 319992 0 0 0 0
704761 510394 787907 319992 0 0 0 0
714085 523854 787907 319992 0 0 0 0
692229 532900 787907 319992 0 0 0 0
694156 575533 787907 319992 0 0 0 0
729918 578975 787907 319992 0 0 0 0
735461 554611 787907 319992 0 0 0 0
750789 516734 787907 319992 0 0 0 0
774061 531460 787907 319992 0 0 0 0
