915186 343284 927441 268675 0 0 0 0
941106 348932 927441 268675 0 0 0 0
937542 453741 927441 268675 0 0 0 0
860123 401922 927441 268675 0 0 0 0
868946 371794 927441 268675 0 0 0 0
818247 279728 927441 268675 0 0 0 0
767391 302642 927441 268675 0 0 0 0
798329 333526 927441 268675 0 0 0 0
795576 336164 927441 268675 0 0 0 0
740098 418351 927441 268675 0 0 0 0
728191 357986 927441 268675 0 0 0 0
685693 344306 927441 268675 0 0 0 0
685693 344306 685693 344306 0 0 0 0
673144 286799 685693 344306 0 0 0 0
664567 245464 685693 344306 0 0 0 0
633419 346817 685693 344306 0 0 0 0
604190 360884 685693 344306 0 0 0 0
575574 393571 685693 344306 0 0 0 0
472758 373343 685693 344306 0 0 0 0
422442 336707 685693 344306 0 0 0 0
366184 300440 685693 344306 0 0 0 0
350719 302011 685693 344306 0 0 0 0
372374 273845 685693 344306 0 0 0 0
372374 273845 372374 273845 0 0 0 0
384980 268983 372374 273845 0 0 0 0
388262 246324 372374 273845 0 0 0 0
305756 230495 372374 273845 0 0 0 0
298160 176936 372374 273845 0 0 0 0
220264 254055 372374 273845 0 0 0 0
295352 286739 372374 273845 0 0 0 0
332563 323074 372374 273845 0 0 0 0
338035 348281 372374 273845 0 0 0 0
294552 387372 372374 273845 0 0 0 0
406278 377563 372374 273845 0 0 0 0
419584 397578 372374 273845 0 0 0 0
448851 442357 372374 273845 0 0 0 0
484727 437276 372374 273845 0 0 0 0
443717 485721 372374 273845 0 0 0 0
457436 499187 372374 273845 0 0 0 0
451925 508165 372374 273845 0 0 0 0
460129 509969 372374 273845 0 0 0 0
449307 532487 372374 273845 0 0 0 0
483954 576436 372374 273845 0 0 0 0
483954 576436 483954 576436 0 0 0 0
429656 545146 483954 576436 0 0 0 0
430211 517450 483954 576436 0 0 0 0
430211 517450 430211 517450 0 0 0 0
417669 492667 430211 517450 0 0 0 0
410211 500116 430211 517450 0 0 0 0
391831 515627 430211 517450 0 0 0 0
402006 561625 430211 517450 0 0 0 0
393323 571484 430211 517450 0 0 0 0
370499 575299 430211 517450 0 0 0 0
346231 583790 430211 517450 0 0 0 0
373090 620664 430211 517450 0 0 0 0
374546 629232 430211 517450 0 0 0 0
347711 620590 430211 517450 0 0 0 0
334134 610448 430211 517450 0 0 0 0
255351 598047 430211 517450 0 0 0 0
242952 665061 430211 517450 0 0 0 0
128272 753341 430211 517450 0 0 0 0
128272 753341 128272 753341 0 0 0 0
269286 795007 128272 753341 0 0 0 0
283725 790363 128272 753341 0 0 0 0
290214 751945 128272 753341 0 0 0 0
309319 762092 128272 753341 0 0 0 0
327797 765594 128272 753341 0 0 0 0
333022 760387 128272 753341 0 0 0 0
348392 729830 128272 753341 0 0 0 0
367805 732629 128272 753341 0 0 0 0
376586 707846 128272 753341 0 0 0 0
408286 671905 128272 753341 0 0 0 0
436108 650418 128272 753341 0 0 0 0
466058 672586 128272 753341 0 0 0 0
536709 705319 128272 753341 0 0 0 0
599634 709350 128272 753341 0 0 0 0
596910 722083 128272 753341 0 0 0 0
598916 726583 128272 753341 0 0 0 0
613939 748619 128272 753341 0 0 0 0
624598 759121 128272 753341 0 0 0 0
602981 783500 128272 753341 0 0 0 0
599448 860506 128272 753341 0 0 0 0
566496 865898 128272 753341 0 0 0 0
542939 806781 128272 753341 0 0 0 0
571082 786440 128272 753341 0 0 0 0
575062 765739 128272 753341 0 0 0 0
559895 751333 128272 753341 0 0 0 0
554489 762277 128272 753341 0 0 0 0
546132 777569 128272 753341 0 0 0 0
539640 775900 128272 753341 0 0 0 0
522373 757680 128272 753341 0 0 0 0
526864 777720 128272 753341 0 0 0 0
516843 788596 128272 753341 0 0 0 0
508061 807227 128272 753341 0 0 0 0
479961 797760 128272 753341 0 0 0 0
460443 760938 128272 753341 0 0 0 0
412388 733145 128272 753341 0 0 0 0
377122 784276 128272 753341 0 0 0 0
360746 798692 128272 753341 0 0 0 0
397682 843517 128272 753341 0 0 0 0
382836 858189 128272 753341 0 0 0 0
408344 876714 128272 753341 0 0 0 0
303520 932512 128272 753341 0 0 0 0
198885 899670 128272 753341 0 0 0 0
