181085 180891 132283 232752 0 0 0 0
204287 243294 132283 232752 0 0 0 0
248249 266379 132283 232752 0 0 0 0
282168 252297 132283 232752 0 0 0 0
229049 188482 132283 232752 0 0 0 0
253160 187473 132283 232752 0 0 0 0
277691 186535 132283 232752 0 0 0 0
346127 177987 132283 232752 0 0 0 0
369713 211276 132283 232752 0 0 0 0
386860 186842 132283 232752 0 0 0 0
489714 280350 132283 232752 0 0 0 0
553467 289367 132283 232752 0 0 0 0
556174 285267 132283 232752 0 0 0 0
556544 281829 132283 232752 0 0 0 0
591884 315861 132283 232752 0 0 0 0
611045 283183 132283 232752 0 0 0 0
678629 236772 132283 232752 0 0 0 0
693857 356029 132283 232752 0 0 0 0
643850 410031 132283 232752 0 0 0 0
645216 457774 132283 232752 0 0 0 0
645216 457774 645216 457774 0 0 0 0
610133 563326 645216 457774 0 0 0 0
605436 497991 645216 457774 0 0 0 0
621959 398302 645216 457774 0 0 0 0
587679 396250 645216 457774 0 0 0 0
562478 350753 645216 457774 0 0 0 0
525101 398248 645216 457774 0 0 0 0
514027 402990 645216 457774 0 0 0 0
465325 400395 645216 457774 0 0 0 0
452130 383881 645216 457774 0 0 0 0
401489 400659 645216 457774 0 0 0 0
430096 482441 645216 457774 0 0 0 0
437952 491024 645216 457774 0 0 0 0
348890 516182 645216 457774 0 0 0 0
327761 529043 645216 457774 0 0 0 0
303931 491466 645216 457774 0 0 0 0
292286 490443 645216 457774 0 0 0 0
291353 452959 645216 457774 0 0 0 0
322721 457218 645216 457774 0 0 0 0
353180 460065 645216 457774 0 0 0 0
349306 431063 645216 457774 0 0 0 0
336271 420316 645216 457774 0 0 0 0
325242 363621 645216 457774 0 0 0 0
267450 378014 645216 457774 0 0 0 0
277799 413958 645216 457774 0 0 0 0
259541 415700 645216 457774 0 0 0 0
258118 426145 645216 457774 0 0 0 0
242472 444077 645216 457774 0 0 0 0
169842 446633 645216 457774 0 0 0 0
169842 446633 169842 446633 0 0 0 0
208855 503682 169842 446633 0 0 0 0
222299 524917 169842 446633 0 0 0 0
228427 509009 169842 446633 0 0 0 0
231103 507996 169842 446633 0 0 0 0
230511 498224 169842 446633 0 0 0 0
234241 491259 169842 446633 0 0 0 0
234241 491259 234241 491259 0 0 0 0
237776 475096 234241 491259 0 0 0 0
247370 480103 234241 491259 0 0 0 0
256744 485659 234241 491259 0 0 0 0
271438 482798 234241 491259 0 0 0 0
260250 498857 234241 491259 0 0 0 0
281463 506785 234241 491259 0 0 0 0
272450 514647 234241 491259 0 0 0 0
269744 530859 234241 491259 0 0 0 0
258952 562358 234241 491259 0 0 0 0
226766 577199 234241 491259 0 0 0 0
221738 656819 234241 491259 0 0 0 0
307332 587658 234241 491259 0 0 0 0
309695 582575 234241 491259 0 0 0 0
329275 567475 234241 491259 0 0 0 0
409216 612516 234241 491259 0 0 0 0
409216 612516 409216 612516 0 0 0 0
439393 697060 409216 612516 0 0 0 0
481268 767524 409216 612516 0 0 0 0
419126 832622 409216 612516 0 0 0 0
374185 845936 409216 612516 0 0 0 0
371962 881397 409216 612516 0 0 0 0
509630 838394 409216 612516 0 0 0 0
533787 808712 409216 612516 0 0 0 0
540744 806483 409216 612516 0 0 0 0
562998 742602 409216 612516 0 0 0 0
562851 699541 409216 612516 0 0 0 0
670766 734064 409216 612516 0 0 0 0
639791 599624 409216 612516 0 0 0 0
670894 630228 409216 612516 0 0 0 0
708579 631200 409216 612516 0 0 0 0
735471 626567 409216 612516 0 0 0 0
740516 621692 409216 612516 0 0 0 0
740516 621692 740516 621692 0 0 0 0
735266 601067 740516 621692 0 0 0 0
756189 583479 740516 621692 0 0 0 0
763754 613786 740516 621692 0 0 0 0
794170 609576 740516 621692 0 0 0 0
787875 593337 740516 621692 0 0 0 0
793208 568133 740516 621692 0 0 0 0
850635 586538 740516 621692 0 0 0 0
856933 625240 740516 621692 0 0 0 0
820874 617247 740516 621692 0 0 0 0
783382 659708 740516 621692 0 0 0 0
806289 686034 740516 621692 0 0 0 0
819867 695336 740516 621692 0 0 0 0
841472 677904 740516 621692 0 0 0 0
888194 722518 740516 621692 0 0 0 0
