821890 781142 891004 753818 0 0 0 0
760888 791621 891004 753818 0 0 0 0
766232 716859 891004 753818 0 0 0 0
786378 717045 891004 753818 0 0 0 0
840940 688122 891004 753818 0 0 0 0
856211 673503 891004 753818 0 0 0 0
821344 649697 891004 753818 0 0 0 0
765228 664633 891004 753818 0 0 0 0
761669 675594 891004 753818 0 0 0 0
736178 698368 891004 753818 0 0 0 0
711259 670488 891004 753818 0 0 0 0
749706 657286 891004 753818 0 0 0 0
745471 652841 891004 753818 0 0 0 0
729410 608050 891004 753818 0 0 0 0
730331 602410 891004 753818 0 0 0 0
758445 590889 891004 753818 0 0 0 0
782924 561518 891004 753818 0 0 0 0
759811 522716 891004 753818 0 0 0 0
770558 515729 891004 753818 0 0 0 0
773372 517204 891004 753818 0 0 0 0
809213 507099 891004 753818 0 0 0 0
818069 478018 891004 753818 0 0 0 0
840790 458626 891004 753818 0 0 0 0
840851 448079 891004 753818 0 0 0 0
846673 427867 891004 753818 0 0 0 0
806379 450098 891004 753818 0 0 0 0
761412 417308 891004 753818 0 0 0 0
730842 410312 891004 753818 0 0 0 0
678689 397215 891004 753818 0 0 0 0
647874 445434 891004 753818 0 0 0 0
676036 484502 891004 753818 0 0 0 0
711629 492648 891004 753818 0 0 0 0
716512 486877 891004 753818 0 0 0 0
706292 459885 891004 753818 0 0 0 0
740841 468139 891004 753818 0 0 0 0
749829 480582 891004 753818 0 0 0 0
759381 476719 891004 753818 0 0 0 0
753867 500635 891004 753818 0 0 0 0
746210 509789 891004 753818 0 0 0 0
731807 534226 891004 753818 0 0 0 0
721101 526564 891004 753818 0 0 0 0
712832 526109 891004 753818 0 0 0 0
708461 559224 891004 753818 0 0 0 0
702975 562894 891004 753818 0 0 0 0
691241 559893 891004 753818 0 0 0 0
688169 566916 891004 753818 0 0 0 0
678911 586672 891004 753818 0 0 0 0
666020 589861 891004 753818 0 0 0 0
655709 577879 891004 753818 0 0 0 0
650162 575836 891004 753818 0 0 0 0
659356 574599 891004 753818 0 0 0 0
669808 547013 891004 753818 0 0 0 0
669067 522990 891004 753818 0 0 0 0
664554 521265 891004 753818 0 0 0 0
637021 535342 891004 753818 0 0 0 0
646804 549807 891004 753818 0 0 0 0
621811 558358 891004 753818 0 0 0 0
621811 558358 621811 558358 0 0 0 0
562882 640399 621811 558358 0 0 0 0
479717 729959 621811 558358 0 0 0 0
479717 729959 479717 729959 0 0 0 0
410587 727129 479717 729959 0 0 0 0
395498 680818 479717 729959 0 0 0 0
375564 689155 479717 729959 0 0 0 0
387945 718431 479717 729959 0 0 0 0
372326 733470 479717 729959 0 0 0 0
314201 739773 479717 729959 0 0 0 0
314201 739773 314201 739773 0 0 0 0
273949 799097 314201 739773 0 0 0 0
273949 799097 273949 799097 0 0 0 0
283075 736035 273949 799097 0 0 0 0
275034 714460 273949 799097 0 0 0 0
295297 697469 273949 799097 0 0 0 0
248581 698929 273949 799097 0 0 0 0
198353 674859 273949 799097 0 0 0 0
226133 662770 273949 799097 0 0 0 0
270863 639283 273949 799097 0 0 0 0
281540 629090 273949 799097 0 0 0 0
256641 612062 273949 799097 0 0 0 0
274992 613046 273949 799097 0 0 0 0
303161 590089 273949 799097 0 0 0 0
304900 624373 273949 799097 0 0 0 0
304900 624373 304900 624373 0 0 0 0
346016 640691 304900 624373 0 0 0 0
373670 604361 304900 624373 0 0 0 0
426255 613822 304900 624373 0 0 0 0
426255 613822 426255 613822 0 0 0 0
537337 575758 426255 613822 0 0 0 0
565538 495631 426255 613822 0 0 0 0
604687 462470 426255 613822 0 0 0 0
604687 462470 604687 462470 0 0 0 0
607578 443872 604687 462470 0 0 0 0
616938 421098 604687 462470 0 0 0 0
587856 378351 604687 462470 0 0 0 0
584050 353835 604687 462470 0 0 0 0
486438 323018 604687 462470 0 0 0 0
449489 255334 604687 462470 0 0 0 0
347608 252113 604687 462470 0 0 0 0
340010 260872 604687 462470 0 0 0 0
303718 216523 604687 462470 0 0 0 0
301038 187226 604687 462470 0 0 0 0
289791 232212 604687 462470 0 0 0 0
304996 276330 604687 462470 0 0 0 0
258479 287276 604687 462470 0 0 0 0
190438 230796 604687 462470 0 0 0 0
166128 255422 604687 462470 0 0 0 0
