307524 205862 193865 219764 0 0 0 0
307524 205862 307524 205862 0 0 0 0
284907 307030 307524 205862 0 0 0 0
284907 307030 284907 307030 0 0 0 0
261114 305381 284907 307030 0 0 0 0
273024 332503 284907 307030 0 0 0 0
293794 350594 284907 307030 0 0 0 0
294610 363114 284907 307030 0 0 0 0
287924 376780 284907 307030 0 0 0 0
289542 378248 284907 307030 0 0 0 0
304960 356029 284907 307030 0 0 0 0
304960 356029 304960 356029 0 0 0 0
324412 304634 304960 356029 0 0 0 0
324412 304634 324412 304634 0 0 0 0
362182 310633 324412 304634 0 0 0 0
362001 339356 324412 304634 0 0 0 0
362001 339356 362001 339356 0 0 0 0
355986 389167 362001 339356 0 0 0 0
355986 389167 355986 389167 0 0 0 0
328309 387906 355986 389167 0 0 0 0
334229 435726 355986 389167 0 0 0 0
292461 446032 355986 389167 0 0 0 0
293126 430409 355986 389167 0 0 0 0
290700 427115 355986 389167 0 0 0 0
290301 420205 355986 389167 0 0 0 0
288341 426425 355986 389167 0 0 0 0
263360 439115 355986 389167 0 0 0 0
262731 419967 355986 389167 0 0 0 0
282595 406990 355986 389167 0 0 0 0
264486 399472 355986 389167 0 0 0 0
248896 388010 355986 389167 0 0 0 0
234624 366945 355986 389167 0 0 0 0
231832 369970 355986 389167 0 0 0 0
222069 371316 355986 389167 0 0 0 0
218344 393130 355986 389167 0 0 0 0
232818 421266 355986 389167 0 0 0 0
215175 419705 355986 389167 0 0 0 0
212466 437695 355986 389167 0 0 0 0
212466 437695 212466 437695 0 0 0 0
222644 525348 212466 437695 0 0 0 0
212964 559876 212466 437695 0 0 0 0
194077 585797 212466 437695 0 0 0 0
212158 600429 212466 437695 0 0 0 0
200670 609049 212466 437695 0 0 0 0
173380 633924 212466 437695 0 0 0 0
192831 663398 212466 437695 0 0 0 0
192831 663398 192831 663398 0 0 0 0
263746 696626 192831 663398 0 0 0 0
263798 718077 192831 663398 0 0 0 0
263798 718077 263798 718077 0 0 0 0
283708 702653 263798 718077 0 0 0 0
266109 658976 263798 718077 0 0 0 0
262358 653723 263798 718077 0 0 0 0
258414 646469 263798 718077 0 0 0 0
274835 651985 263798 718077 0 0 0 0
284335 658601 263798 718077 0 0 0 0
293630 637232 263798 718077 0 0 0 0
259302 617387 263798 718077 0 0 0 0
282880 600474 263798 718077 0 0 0 0
282940 579757 263798 718077 0 0 0 0
275631 550426 263798 718077 0 0 0 0
388185 582682 263798 718077 0 0 0 0
442484 424107 263798 718077 0 0 0 0
544264 369162 263798 718077 0 0 0 0
544264 369162 544264 369162 0 0 0 0
589864 361568 544264 369162 0 0 0 0
565516 401973 544264 369162 0 0 0 0
583765 414707 544264 369162 0 0 0 0
583765 414707 583765 414707 0 0 0 0
578570 428909 583765 414707 0 0 0 0
590078 439951 583765 414707 0 0 0 0
580358 450085 583765 414707 0 0 0 0
560257 512052 583765 414707 0 0 0 0
610054 486870 583765 414707 0 0 0 0
641755 508771 583765 414707 0 0 0 0
640355 499370 583765 414707 0 0 0 0
640355 499370 640355 499370 0 0 0 0
654717 479049 640355 499370 0 0 0 0
638815 468685 640355 499370 0 0 0 0
620471 448800 640355 499370 0 0 0 0
659677 428405 640355 499370 0 0 0 0
655159 411035 640355 499370 0 0 0 0
655159 411035 655159 411035 0 0 0 0
635290 386082 655159 411035 0 0 0 0
673557 401185 655159 411035 0 0 0 0
689985 404979 655159 411035 0 0 0 0
689985 404979 689985 404979 0 0 0 0
755116 404555 689985 404979 0 0 0 0
785178 394954 689985 404979 0 0 0 0
785178 394954 785178 394954 0 0 0 0
814475 481819 785178 394954 0 0 0 0
818233 493983 785178 394954 0 0 0 0
840488 537046 785178 394954 0 0 0 0
771289 475156 785178 394954 0 0 0 0
769044 469716 785178 394954 0 0 0 0
759588 489608 785178 394954 0 0 0 0
735275 508095 785178 394954 0 0 0 0
717238 514324 785178 394954 0 0 0 0
735676 521071 785178 394954 0 0 0 0
767527 546684 785178 394954 0 0 0 0
776924 582172 785178 394954 0 0 0 0
717669 728222 785178 394954 0 0 0 0
673758 741905 785178 394954 0 0 0 0
713125 758106 785178 394954 0 0 0 0
749428 742460 785178 394954 0 0 0 0
750053 758879 785178 394954 0 0 0 0
763287 775544 785178 394954 0 0 0 0
727700 796228 785178 394954 0 0 0 0
724778 795682 785178 394954 0 0 0 0
692302 784337 785178 394954 0 0 0 0
694383 807215 785178 394954 0 0 0 0
723228 831101 785178 394954 0 0 0 0
731601 838513 785178 394954 0 0 0 0
702361 872344 785178 394954 0 0 0 0
