184731 411883 150218 398459 0 0 0 0
194238 383020 150218 398459 0 0 0 0
228203 362774 150218 398459 0 0 0 0
271979 344326 150218 398459 0 0 0 0
331506 362462 150218 398459 0 0 0 0
306809 394427 150218 398459 0 0 0 0
290649 379302 150218 398459 0 0 0 0
259631 386642 150218 398459 0 0 0 0
233665 407719 150218 398459 0 0 0 0
286399 428760 150218 398459 0 0 0 0
290850 462954 150218 398459 0 0 0 0
288612 473581 150218 398459 0 0 0 0
310096 473137 150218 398459 0 0 0 0
309801 462083 150218 398459 0 0 0 0
348401 428655 150218 398459 0 0 0 0
344508 476748 150218 398459 0 0 0 0
372098 494153 150218 398459 0 0 0 0
378331 528873 150218 398459 0 0 0 0
334358 524177 150218 398459 0 0 0 0
324622 517691 150218 398459 0 0 0 0
319423 520092 150218 398459 0 0 0 0
322521 543482 150218 398459 0 0 0 0
328762 542824 150218 398459 0 0 0 0
322207 560822 150218 398459 0 0 0 0
263239 560144 150218 398459 0 0 0 0
266028 516934 150218 398459 0 0 0 0
260195 490770 150218 398459 0 0 0 0
251324 483310 150218 398459 0 0 0 0
234684 469613 150218 398459 0 0 0 0
195792 476015 150218 398459 0 0 0 0
179771 478189 150218 398459 0 0 0 0
205789 515248 150218 398459 0 0 0 0
193341 531599 150218 398459 0 0 0 0
200075 540344 150218 398459 0 0 0 0
210925 542957 150218 398459 0 0 0 0
220399 556681 150218 398459 0 0 0 0
219622 649514 150218 398459 0 0 0 0
260267 643837 150218 398459 0 0 0 0
271644 741478 150218 398459 0 0 0 0
271644 741478 271644 741478 0 0 0 0
378726 723844 271644 741478 0 0 0 0
378726 723844 378726 723844 0 0 0 0
365501 628608 378726 723844 0 0 0 0
394553 617336 378726 723844 0 0 0 0
423277 624397 378726 723844 0 0 0 0
423277 624397 423277 624397 0 0 0 0
525892 604469 423277 624397 0 0 0 0
525892 604469 525892 604469 0 0 0 0
572229 652073 525892 604469 0 0 0 0
567085 683182 525892 604469 0 0 0 0
587202 693442 525892 604469 0 0 0 0
613256 717955 525892 604469 0 0 0 0
614655 732225 525892 604469 0 0 0 0
638779 789333 525892 604469 0 0 0 0
644258 722728 525892 604469 0 0 0 0
644258 722728 644258 722728 0 0 0 0
634648 696160 644258 722728 0 0 0 0
629706 689958 644258 722728 0 0 0 0
622858 649034 644258 722728 0 0 0 0
672905 597934 644258 722728 0 0 0 0
679547 568657 644258 722728 0 0 0 0
713197 560048 644258 722728 0 0 0 0
714216 558993 644258 722728 0 0 0 0
694207 533195 644258 722728 0 0 0 0
694207 533195 694207 533195 0 0 0 0
674635 510989 694207 533195 0 0 0 0
665059 516714 694207 533195 0 0 0 0
599987 517432 694207 533195 0 0 0 0
575101 544824 694207 533195 0 0 0 0
553496 527824 694207 533195 0 0 0 0
597255 491266 694207 533195 0 0 0 0
597255 491266 597255 491266 0 0 0 0
596047 467572 597255 491266 0 0 0 0
563030 475029 597255 491266 0 0 0 0
542184 470488 597255 491266 0 0 0 0
499504 478209 597255 491266 0 0 0 0
472728 441299 597255 491266 0 0 0 0
544105 446204 597255 491266 0 0 0 0
548217 457312 597255 491266 0 0 0 0
568192 435785 597255 491266 0 0 0 0
577451 432167 597255 491266 0 0 0 0
561001 402595 597255 491266 0 0 0 0
588014 411318 597255 491266 0 0 0 0
623247 435817 597255 491266 0 0 0 0
685129 420442 597255 491266 0 0 0 0
727726 394605 597255 491266 0 0 0 0
727726 394605 727726 394605 0 0 0 0
727278 346842 727726 394605 0 0 0 0
765634 413228 727726 394605 0 0 0 0
749450 429258 727726 394605 0 0 0 0
749450 429258 749450 429258 0 0 0 0
736597 453927 749450 429258 0 0 0 0
736597 453927 736597 453927 0 0 0 0
718679 449053 736597 453927 0 0 0 0
681217 474067 736597 453927 0 0 0 0
696126 478628 736597 453927 0 0 0 0
712267 474964 736597 453927 0 0 0 0
734859 517065 736597 453927 0 0 0 0
734859 517065 734859 517065 0 0 0 0
787511 559528 734859 517065 0 0 0 0
815037 564300 734859 517065 0 0 0 0
815037 564300 815037 564300 0 0 0 0
854362 533043 815037 564300 0 0 0 0
838348 520114 815037 564300 0 0 0 0
835700 512412 815037 564300 0 0 0 0
783451 501159 815037 564300 0 0 0 0
783451 501159 783451 501159 0 0 0 0
790384 473078 783451 501159 0 0 0 0
845161 434589 783451 501159 0 0 0 0
931168 411283 783451 501159 0 0 0 0
931168 411283 931168 411283 0 0 0 0
916338 561611 931168 411283 0 0 0 0
936207 607648 931168 411283 0 0 0 0
