710098 391254 789806 374681 0 0 0 0
706231 330527 789806 374681 0 0 0 0
671711 356025 789806 374681 0 0 0 0
613540 278662 789806 374681 0 0 0 0
613540 278662 613540 278662 0 0 0 0
564246 280156 613540 278662 0 0 0 0
567273 319692 613540 278662 0 0 0 0
584104 323666 613540 278662 0 0 0 0
584939 367328 613540 278662 0 0 0 0
553784 367517 613540 278662 0 0 0 0
519827 364934 613540 278662 0 0 0 0
495295 336436 613540 278662 0 0 0 0
482768 339789 613540 278662 0 0 0 0
486968 316229 613540 278662 0 0 0 0
503206 303307 613540 278662 0 0 0 0
487846 300564 613540 278662 0 0 0 0
461293 294778 613540 278662 0 0 0 0
461293 294778 461293 294778 0 0 0 0
444713 208055 461293 294778 0 0 0 0
444713 208055 444713 208055 0 0 0 0
401323 313645 444713 208055 0 0 0 0
401323 313645 401323 313645 0 0 0 0
383884 310542 401323 313645 0 0 0 0
399424 326886 401323 313645 0 0 0 0
431052 343898 401323 313645 0 0 0 0
439556 346488 401323 313645 0 0 0 0
429997 372029 401323 313645 0 0 0 0
417287 398323 401323 313645 0 0 0 0
401369 386570 401323 313645 0 0 0 0
381815 392713 401323 313645 0 0 0 0
400537 369719 401323 313645 0 0 0 0
395070 362857 401323 313645 0 0 0 0
380666 359217 401323 313645 0 0 0 0
374030 331950 401323 313645 0 0 0 0
344132 299262 401323 313645 0 0 0 0
344132 299262 344132 299262 0 0 0 0
314159 275464 344132 299262 0 0 0 0
314159 275464 314159 275464 0 0 0 0
276583 308273 314159 275464 0 0 0 0
276583 308273 276583 308273 0 0 0 0
306886 347187 276583 308273 0 0 0 0
306886 347187 306886 347187 0 0 0 0
226401 370624 306886 347187 0 0 0 0
214707 370885 306886 347187 0 0 0 0
219677 386402 306886 347187 0 0 0 0
273342 402221 306886 347187 0 0 0 0
273342 402221 273342 402221 0 0 0 0
342137 415335 273342 402221 0 0 0 0
361013 470234 273342 402221 0 0 0 0
411143 456187 273342 402221 0 0 0 0
411143 456187 411143 456187 0 0 0 0
452715 417479 411143 456187 0 0 0 0
480130 419740 411143 456187 0 0 0 0
505933 391219 411143 456187 0 0 0 0
560587 404050 411143 456187 0 0 0 0
583289 422340 411143 456187 0 0 0 0
634006 447935 411143 456187 0 0 0 0
654601 482887 411143 456187 0 0 0 0
660635 524730 411143 456187 0 0 0 0
554931 518433 411143 456187 0 0 0 0
545474 530522 411143 456187 0 0 0 0
537412 469056 411143 456187 0 0 0 0
506664 455373 411143 456187 0 0 0 0
463796 486988 411143 456187 0 0 0 0
464548 511222 411143 456187 0 0 0 0
458355 506322 411143 456187 0 0 0 0
449501 535996 411143 456187 0 0 0 0
499944 564956 411143 456187 0 0 0 0
534945 562237 411143 456187 0 0 0 0
562064 595525 411143 456187 0 0 0 0
525543 603381 411143 456187 0 0 0 0
545395 658347 411143 456187 0 0 0 0
608930 678622 411143 456187 0 0 0 0
586696 711684 411143 456187 0 0 0 0
596747 741302 411143 456187 0 0 0 0
593279 763921 411143 456187 0 0 0 0
593279 763921 593279 763921 0 0 0 0
579757 764173 593279 763921 0 0 0 0
508871 690430 593279 763921 0 0 0 0
475034 697645 593279 763921 0 0 0 0
439009 657845 593279 763921 0 0 0 0
454135 656286 593279 763921 0 0 0 0
467309 661949 593279 763921 0 0 0 0
488058 642716 593279 763921 0 0 0 0
458436 628723 593279 763921 0 0 0 0
418648 599422 593279 763921 0 0 0 0
369756 576624 593279 763921 0 0 0 0
369756 576624 369756 576624 0 0 0 0
366586 597255 369756 576624 0 0 0 0
329436 610280 369756 576624 0 0 0 0
305888 629085 369756 576624 0 0 0 0
340176 638073 369756 576624 0 0 0 0
342815 678904 369756 576624 0 0 0 0
344479 706411 369756 576624 0 0 0 0
344479 706411 344479 706411 0 0 0 0
405510 686799 344479 706411 0 0 0 0
403753 732586 344479 706411 0 0 0 0
372103 808714 344479 706411 0 0 0 0
326758 768138 344479 706411 0 0 0 0
309296 734630 344479 706411 0 0 0 0
314816 703641 344479 706411 0 0 0 0
315771 699724 344479 706411 0 0 0 0
283947 712449 344479 706411 0 0 0 0
268708 733462 344479 706411 0 0 0 0
214878 796183 344479 706411 0 0 0 0
247486 704674 344479 706411 0 0 0 0
256705 706199 344479 706411 0 0 0 0
251197 661099 344479 706411 0 0 0 0
229896 630965 344479 706411 0 0 0 0
174134 701543 344479 706411 0 0 0 0
157395 664897 344479 706411 0 0 0 0
122114 637026 344479 706411 0 0 0 0
