213798 721795 177092 704929 0 0 0 0
275912 612837 177092 704929 0 0 0 0
300380 572096 177092 704929 0 0 0 0
254106 565873 177092 704929 0 0 0 0
263540 483475 177092 704929 0 0 0 0
234582 491787 177092 704929 0 0 0 0
227720 505205 177092 704929 0 0 0 0
226164 508899 177092 704929 0 0 0 0
222138 519212 177092 704929 0 0 0 0
189364 523073 177092 704929 0 0 0 0
173976 557021 177092 704929 0 0 0 0
167280 510314 177092 704929 0 0 0 0
192158 504938 177092 704929 0 0 0 0
206742 492923 177092 704929 0 0 0 0
196293 481105 177092 704929 0 0 0 0
208455 441653 177092 704929 0 0 0 0
221610 393143 177092 704929 0 0 0 0
229673 348575 177092 704929 0 0 0 0
254320 357743 177092 704929 0 0 0 0
328280 407944 177092 704929 0 0 0 0
351737 450305 177092 704929 0 0 0 0
360797 447587 177092 704929 0 0 0 0
369552 421560 177092 704929 0 0 0 0
395801 430361 177092 704929 0 0 0 0
413822 428521 177092 704929 0 0 0 0
399820 402802 177092 704929 0 0 0 0
408140 399431 177092 704929 0 0 0 0
385776 347542 177092 704929 0 0 0 0
418319 374918 177092 704929 0 0 0 0
428371 384727 177092 704929 0 0 0 0
430755 410378 177092 704929 0 0 0 0
443025 409041 177092 704929 0 0 0 0
459450 422798 177092 704929 0 0 0 0
474424 421463 177092 704929 0 0 0 0
476313 393331 177092 704929 0 0 0 0
459866 384546 177092 704929 0 0 0 0
511130 353706 177092 704929 0 0 0 0
519855 311561 177092 704929 0 0 0 0
531867 348363 177092 704929 0 0 0 0
550286 413300 177092 704929 0 0 0 0
516467 533406 177092 704929 0 0 0 0
502945 540306 177092 704929 0 0 0 0
502831 612665 177092 704929 0 0 0 0
487950 643271 177092 704929 0 0 0 0
470464 645475 177092 704929 0 0 0 0
476308 667039 177092 704929 0 0 0 0
461617 708090 177092 704929 0 0 0 0
459452 712750 177092 704929 0 0 0 0
430145 730367 177092 704929 0 0 0 0
399299 725323 177092 704929 0 0 0 0
369417 748810 177092 704929 0 0 0 0
410378 758011 177092 704929 0 0 0 0
409917 784878 177092 704929 0 0 0 0
441232 759402 177092 704929 0 0 0 0
495272 717131 177092 704929 0 0 0 0
511196 736734 177092 704929 0 0 0 0
591567 627006 177092 704929 0 0 0 0
707585 646309 177092 704929 0 0 0 0
722480 705368 177092 704929 0 0 0 0
766031 731490 177092 704929 0 0 0 0
797898 593857 177092 704929 0 0 0 0
807938 553770 177092 704929 0 0 0 0
674097 423482 177092 704929 0 0 0 0
642697 391283 177092 704929 0 0 0 0
634823 375406 177092 704929 0 0 0 0
650931 336849 177092 704929 0 0 0 0
670498 326282 177092 704929 0 0 0 0
661294 297025 177092 704929 0 0 0 0
661294 297025 661294 297025 0 0 0 0
652868 277730 661294 297025 0 0 0 0
660342 271979 661294 297025 0 0 0 0
636614 250113 661294 297025 0 0 0 0
636614 250113 636614 250113 0 0 0 0
569424 254010 636614 250113 0 0 0 0
578569 292538 636614 250113 0 0 0 0
565168 299505 636614 250113 0 0 0 0
565168 299505 565168 299505 0 0 0 0
568423 287712 565168 299505 0 0 0 0
553875 274684 565168 299505 0 0 0 0
525866 267257 565168 299505 0 0 0 0
509950 270994 565168 299505 0 0 0 0
509135 212510 565168 299505 0 0 0 0
542024 177139 565168 299505 0 0 0 0
570052 195558 565168 299505 0 0 0 0
593508 176171 565168 299505 0 0 0 0
593508 176171 593508 176171 0 0 0 0
627439 209494 593508 176171 0 0 0 0
680311 248696 593508 176171 0 0 0 0
706405 250352 593508 176171 0 0 0 0
695105 265187 593508 176171 0 0 0 0
694850 301001 593508 176171 0 0 0 0
717875 312357 593508 176171 0 0 0 0
717875 312357 717875 312357 0 0 0 0
763725 287335 717875 312357 0 0 0 0
777775 268845 717875 312357 0 0 0 0
768373 250687 717875 312357 0 0 0 0
768373 250687 768373 250687 0 0 0 0
731797 252190 768373 250687 0 0 0 0
726716 227553 768373 250687 0 0 0 0
696507 207349 768373 250687 0 0 0 0
712508 196491 768373 250687 0 0 0 0
771454 183350 768373 250687 0 0 0 0
807651 230022 768373 250687 0 0 0 0
818774 191840 768373 250687 0 0 0 0
817444 169995 768373 250687 0 0 0 0
