483051 166756 467476 111122 0 0 0 0
418876 155603 467476 111122 0 0 0 0
388579 163049 467476 111122 0 0 0 0
372715 173340 467476 111122 0 0 0 0
406526 191261 467476 111122 0 0 0 0
382404 203703 467476 111122 0 0 0 0
373309 212820 467476 111122 0 0 0 0
373551 216628 467476 111122 0 0 0 0
346695 216597 467476 111122 0 0 0 0
320882 218187 467476 111122 0 0 0 0
360956 239636 467476 111122 0 0 0 0
381241 234932 467476 111122 0 0 0 0
393186 236020 467476 111122 0 0 0 0
394744 246832 467476 111122 0 0 0 0
421288 252208 467476 111122 0 0 0 0
435787 284894 467476 111122 0 0 0 0
343815 326867 467476 111122 0 0 0 0
331086 366141 467476 111122 0 0 0 0
331086 366141 331086 366141 0 0 0 0
328203 394326 331086 366141 0 0 0 0
304860 417699 331086 366141 0 0 0 0
274050 432714 331086 366141 0 0 0 0
349428 419181 331086 366141 0 0 0 0
347853 393910 331086 366141 0 0 0 0
344598 390366 331086 366141 0 0 0 0
348802 379157 331086 366141 0 0 0 0
369062 362820 331086 366141 0 0 0 0
371250 379838 331086 366141 0 0 0 0
394551 381297 331086 366141 0 0 0 0
393385 394339 331086 366141 0 0 0 0
388966 407739 331086 366141 0 0 0 0
398124 426276 331086 366141 0 0 0 0
414881 410999 331086 366141 0 0 0 0
418883 411949 331086 366141 0 0 0 0
452529 395738 331086 366141 0 0 0 0
497703 412655 331086 366141 0 0 0 0
462970 507822 331086 366141 0 0 0 0
538318 610504 331086 366141 0 0 0 0
586178 634026 331086 366141 0 0 0 0
588190 651832 331086 366141 0 0 0 0
588190 651832 588190 651832 0 0 0 0
615362 615387 588190 651832 0 0 0 0
638784 553592 588190 651832 0 0 0 0
660216 532989 588190 651832 0 0 0 0
663025 520247 588190 651832 0 0 0 0
667817 481803 588190 651832 0 0 0 0
667817 481803 667817 481803 0 0 0 0
675202 435150 667817 481803 0 0 0 0
675202 435150 675202 435150 0 0 0 0
606135 498984 675202 435150 0 0 0 0
591548 437540 675202 435150 0 0 0 0
585874 440944 675202 435150 0 0 0 0
563928 431646 675202 435150 0 0 0 0
563928 431646 563928 431646 0 0 0 0
556586 407259 563928 431646 0 0 0 0
559824 398635 563928 431646 0 0 0 0
501309 365957 563928 431646 0 0 0 0
501309 365957 501309 365957 0 0 0 0
522656 323729 501309 365957 0 0 0 0
558369 295146 501309 365957 0 0 0 0
553921 324948 501309 365957 0 0 0 0
553921 324948 553921 324948 0 0 0 0
582845 371148 553921 324948 0 0 0 0
639089 372830 553921 324948 0 0 0 0
639089 372830 639089 372830 0 0 0 0
781166 279443 639089 372830 0 0 0 0
781166 279443 781166 279443 0 0 0 0
806500 314627 781166 279443 0 0 0 0
779887 328014 781166 279443 0 0 0 0
779887 328014 779887 328014 0 0 0 0
758585 362882 779887 328014 0 0 0 0
783844 398461 779887 328014 0 0 0 0
779834 406334 779887 328014 0 0 0 0
782889 409234 779887 328014 0 0 0 0
782889 409234 782889 409234 0 0 0 0
794605 448257 782889 409234 0 0 0 0
837046 471308 782889 409234 0 0 0 0
754322 480866 782889 409234 0 0 0 0
754542 489011 782889 409234 0 0 0 0
797630 543895 782889 409234 0 0 0 0
755122 568981 782889 409234 0 0 0 0
730453 543806 782889 409234 0 0 0 0
720256 539244 782889 409234 0 0 0 0
720256 539244 720256 539244 0 0 0 0
709020 593878 720256 539244 0 0 0 0
704718 593641 720256 539244 0 0 0 0
678017 612196 720256 539244 0 0 0 0
686041 671496 720256 539244 0 0 0 0
648162 707850 720256 539244 0 0 0 0
654033 726120 720256 539244 0 0 0 0
654033 726120 654033 726120 0 0 0 0
702062 731282 654033 726120 0 0 0 0
667477 760497 654033 726120 0 0 0 0
608159 746466 654033 726120 0 0 0 0
599719 737700 654033 726120 0 0 0 0
601985 732709 654033 726120 0 0 0 0
596680 726865 654033 726120 0 0 0 0
556530 699160 654033 726120 0 0 0 0
531310 742792 654033 726120 0 0 0 0
532535 779818 654033 726120 0 0 0 0
509643 783122 654033 726120 0 0 0 0
509582 765832 654033 726120 0 0 0 0
508235 761761 654033 726120 0 0 0 0
463663 718220 654033 726120 0 0 0 0
466479 741085 654033 726120 0 0 0 0
456770 759837 654033 726120 0 0 0 0
433976 759126 654033 726120 0 0 0 0
399832 781749 654033 726120 0 0 0 0
442547 816720 654033 726120 0 0 0 0
460248 801124 654033 726120 0 0 0 0
516490 809744 654033 726120 0 0 0 0
509724 819666 654033 726120 0 0 0 0
