193842 224175 162409 209606 0 0 0 0
197044 250295 162409 209606 0 0 0 0
230181 241255 162409 209606 0 0 0 0
269190 192115 162409 209606 0 0 0 0
294241 159942 162409 209606 0 0 0 0
327889 321859 162409 209606 0 0 0 0
383036 352080 162409 209606 0 0 0 0
385223 359088 162409 209606 0 0 0 0
396231 370022 162409 209606 0 0 0 0
396231 370022 396231 370022 0 0 0 0
380351 403058 396231 370022 0 0 0 0
419866 387702 396231 370022 0 0 0 0
420450 361923 396231 370022 0 0 0 0
415689 351206 396231 370022 0 0 0 0
392188 343792 396231 370022 0 0 0 0
403084 271400 396231 370022 0 0 0 0
403084 271400 403084 271400 0 0 0 0
473770 292424 403084 271400 0 0 0 0
484633 261991 403084 271400 0 0 0 0
568878 334063 403084 271400 0 0 0 0
576197 295013 403084 271400 0 0 0 0
607662 259257 403084 271400 0 0 0 0
615986 233616 403084 271400 0 0 0 0
603048 230123 403084 271400 0 0 0 0
584138 207693 403084 271400 0 0 0 0
590799 193675 403084 271400 0 0 0 0
509639 162771 403084 271400 0 0 0 0
602415 150803 403084 271400 0 0 0 0
645410 164005 403084 271400 0 0 0 0
666179 237140 403084 271400 0 0 0 0
660432 280496 403084 271400 0 0 0 0
645099 274446 403084 271400 0 0 0 0
625796 313459 403084 271400 0 0 0 0
651513 303214 403084 271400 0 0 0 0
743576 349255 403084 271400 0 0 0 0
722267 413916 403084 271400 0 0 0 0
707247 431118 403084 271400 0 0 0 0
679061 461122 403084 271400 0 0 0 0
667531 437041 403084 271400 0 0 0 0
670390 394683 403084 271400 0 0 0 0
629983 414589 403084 271400 0 0 0 0
643393 435806 403084 271400 0 0 0 0
597682 457136 403084 271400 0 0 0 0
569105 426931 403084 271400 0 0 0 0
573844 413391 403084 271400 0 0 0 0
532768 397672 403084 271400 0 0 0 0
551782 458464 403084 271400 0 0 0 0
559824 460703 403084 271400 0 0 0 0
548865 477441 403084 271400 0 0 0 0
563371 506198 403084 271400 0 0 0 0
509099 565329 403084 271400 0 0 0 0
614937 584727 403084 271400 0 0 0 0
608616 572612 403084 271400 0 0 0 0
591329 551725 403084 271400 0 0 0 0
604678 511176 403084 271400 0 0 0 0
626582 483721 403084 271400 0 0 0 0
653264 500545 403084 271400 0 0 0 0
645959 526139 403084 271400 0 0 0 0
690305 543344 403084 271400 0 0 0 0
690305 543344 690305 543344 0 0 0 0
661626 550840 690305 543344 0 0 0 0
651328 557023 690305 543344 0 0 0 0
664531 567294 690305 543344 0 0 0 0
686458 612142 690305 543344 0 0 0 0
686946 632398 690305 543344 0 0 0 0
695551 633978 690305 543344 0 0 0 0
695480 647680 690305 543344 0 0 0 0
706383 660423 690305 543344 0 0 0 0
715675 651868 690305 543344 0 0 0 0
717703 651625 690305 543344 0 0 0 0
725790 623207 690305 543344 0 0 0 0
721000 599938 690305 543344 0 0 0 0
725634 558065 690305 543344 0 0 0 0
734984 534410 690305 543344 0 0 0 0
760705 535623 690305 543344 0 0 0 0
815538 453442 690305 543344 0 0 0 0
933707 521698 690305 543344 0 0 0 0
837739 641152 690305 543344 0 0 0 0
810183 664696 690305 543344 0 0 0 0
766769 634289 690305 543344 0 0 0 0
754231 677912 690305 543344 0 0 0 0
761519 725695 690305 543344 0 0 0 0
704277 688142 690305 543344 0 0 0 0
699703 692328 690305 543344 0 0 0 0
645053 692823 690305 543344 0 0 0 0
588517 730264 690305 543344 0 0 0 0
572662 779705 690305 543344 0 0 0 0
555594 768582 690305 543344 0 0 0 0
400357 796600 690305 543344 0 0 0 0
366434 792049 690305 543344 0 0 0 0
401382 809905 690305 543344 0 0 0 0
428757 816274 690305 543344 0 0 0 0
588222 811040 690305 543344 0 0 0 0
648357 744265 690305 543344 0 0 0 0
668889 754981 690305 543344 0 0 0 0
658232 789513 690305 543344 0 0 0 0
673887 792143 690305 543344 0 0 0 0
718390 777870 690305 543344 0 0 0 0
724367 842270 690305 543344 0 0 0 0
744175 825621 690305 543344 0 0 0 0
784695 812426 690305 543344 0 0 0 0
824183 784137 690305 543344 0 0 0 0
