243071 379513 160599 260224 0 0 0 0
250638 383145 160599 260224 0 0 0 0
233433 416348 160599 260224 0 0 0 0
178573 477048 160599 260224 0 0 0 0
165502 617676 160599 260224 0 0 0 0
198147 595921 160599 260224 0 0 0 0
198147 595921 198147 595921 0 0 0 0
252115 616499 198147 595921 0 0 0 0
284883 634464 198147 595921 0 0 0 0
251389 600778 198147 595921 0 0 0 0
251389 600778 251389 600778 0 0 0 0
237780 521450 251389 600778 0 0 0 0
260894 513607 251389 600778 0 0 0 0
278606 517624 251389 600778 0 0 0 0
273080 493272 251389 600778 0 0 0 0
283643 468437 251389 600778 0 0 0 0
283643 468437 283643 468437 0 0 0 0
294481 477266 283643 468437 0 0 0 0
304288 492319 283643 468437 0 0 0 0
324705 503851 283643 468437 0 0 0 0
372509 538425 283643 468437 0 0 0 0
372509 538425 372509 538425 0 0 0 0
387229 531614 372509 538425 0 0 0 0
410331 523872 372509 538425 0 0 0 0
421933 509221 372509 538425 0 0 0 0
448594 492456 372509 538425 0 0 0 0
412886 455979 372509 538425 0 0 0 0
393166 472963 372509 538425 0 0 0 0
375092 497459 372509 538425 0 0 0 0
361410 486123 372509 538425 0 0 0 0
359384 464673 372509 538425 0 0 0 0
376785 405502 372509 538425 0 0 0 0
368098 393480 372509 538425 0 0 0 0
368098 393480 368098 393480 0 0 0 0
351544 415439 368098 393480 0 0 0 0
341212 404708 368098 393480 0 0 0 0
329540 400403 368098 393480 0 0 0 0
291602 410391 368098 393480 0 0 0 0
307954 346915 368098 393480 0 0 0 0
306837 342788 368098 393480 0 0 0 0
354090 347160 368098 393480 0 0 0 0
351991 337609 368098 393480 0 0 0 0
357262 229841 368098 393480 0 0 0 0
438786 200208 368098 393480 0 0 0 0
430813 161513 368098 393480 0 0 0 0
397277 108948 368098 393480 0 0 0 0
418085 129410 368098 393480 0 0 0 0
437712 139008 368098 393480 0 0 0 0
533899 147067 368098 393480 0 0 0 0
590072 143283 368098 393480 0 0 0 0
582857 188765 368098 393480 0 0 0 0
593845 270311 368098 393480 0 0 0 0
559452 354240 368098 393480 0 0 0 0
515498 283933 368098 393480 0 0 0 0
504130 257165 368098 393480 0 0 0 0
453684 263829 368098 393480 0 0 0 0
427224 292608 368098 393480 0 0 0 0
460399 367751 368098 393480 0 0 0 0
439989 423398 368098 393480 0 0 0 0
442520 452179 368098 393480 0 0 0 0
457751 441632 368098 393480 0 0 0 0
482084 444279 368098 393480 0 0 0 0
497126 454133 368098 393480 0 0 0 0
521331 426276 368098 393480 0 0 0 0
527200 445283 368098 393480 0 0 0 0
539579 479702 368098 393480 0 0 0 0
572782 425700 368098 393480 0 0 0 0
597659 430244 368098 393480 0 0 0 0
597551 432370 368098 393480 0 0 0 0
617082 439327 368098 393480 0 0 0 0
595315 410072 368098 393480 0 0 0 0
600764 406604 368098 393480 0 0 0 0
607240 406223 368098 393480 0 0 0 0
627645 407222 368098 393480 0 0 0 0
631615 405522 368098 393480 0 0 0 0
635735 384474 368098 393480 0 0 0 0
648074 376241 368098 393480 0 0 0 0
648132 374705 368098 393480 0 0 0 0
676280 357766 368098 393480 0 0 0 0
667111 383914 368098 393480 0 0 0 0
648367 418669 368098 393480 0 0 0 0
688275 445629 368098 393480 0 0 0 0
666423 470665 368098 393480 0 0 0 0
666423 470665 666423 470665 0 0 0 0
574150 517522 666423 470665 0 0 0 0
499960 536786 666423 470665 0 0 0 0
499960 536786 499960 536786 0 0 0 0
479915 519551 499960 536786 0 0 0 0
479145 585742 499960 536786 0 0 0 0
479145 585742 479145 585742 0 0 0 0
586060 586142 479145 585742 0 0 0 0
636970 594807 479145 585742 0 0 0 0
644464 631264 479145 585742 0 0 0 0
589377 648982 479145 585742 0 0 0 0
580111 678502 479145 585742 0 0 0 0
622760 692234 479145 585742 0 0 0 0
653153 741221 479145 585742 0 0 0 0
653153 741221 653153 741221 0 0 0 0
658833 664270 653153 741221 0 0 0 0
669483 682663 653153 741221 0 0 0 0
676831 685595 653153 741221 0 0 0 0
710294 693346 653153 741221 0 0 0 0
708210 687519 653153 741221 0 0 0 0
717753 653824 653153 741221 0 0 0 0
770341 620743 653153 741221 0 0 0 0
799918 646807 653153 741221 0 0 0 0
737905 751587 653153 741221 0 0 0 0
753801 782171 653153 741221 0 0 0 0
