309816 937851 192347 897897 0 0 0 0
274519 876776 192347 897897 0 0 0 0
300567 855558 192347 897897 0 0 0 0
289119 839004 192347 897897 0 0 0 0
259687 824483 192347 897897 0 0 0 0
252997 827029 192347 897897 0 0 0 0
220262 823828 192347 897897 0 0 0 0
205030 825632 192347 897897 0 0 0 0
202929 816976 192347 897897 0 0 0 0
229338 800566 192347 897897 0 0 0 0
238624 760727 192347 897897 0 0 0 0
182892 727893 192347 897897 0 0 0 0
190953 706005 192347 897897 0 0 0 0
197247 699326 192347 897897 0 0 0 0
164268 673984 192347 897897 0 0 0 0
220521 676549 192347 897897 0 0 0 0
279903 668251 192347 897897 0 0 0 0
259272 707626 192347 897897 0 0 0 0
275698 717700 192347 897897 0 0 0 0
270836 730461 192347 897897 0 0 0 0
282935 728993 192347 897897 0 0 0 0
293845 732403 192347 897897 0 0 0 0
296575 804940 192347 897897 0 0 0 0
310184 822038 192347 897897 0 0 0 0
317395 803675 192347 897897 0 0 0 0
335459 800513 192347 897897 0 0 0 0
447492 823876 192347 897897 0 0 0 0
665769 760825 192347 897897 0 0 0 0
715203 731420 192347 897897 0 0 0 0
640340 705113 192347 897897 0 0 0 0
629175 708377 192347 897897 0 0 0 0
605095 700343 192347 897897 0 0 0 0
608997 683729 192347 897897 0 0 0 0
579615 669613 192347 897897 0 0 0 0
579615 669613 579615 669613 0 0 0 0
537377 665386 579615 669613 0 0 0 0
530637 673866 579615 669613 0 0 0 0
496194 661034 579615 669613 0 0 0 0
496194 661034 496194 661034 0 0 0 0
380465 533084 496194 661034 0 0 0 0
380465 533084 380465 533084 0 0 0 0
398249 494275 380465 533084 0 0 0 0
359601 500505 380465 533084 0 0 0 0
332582 498476 380465 533084 0 0 0 0
324110 488402 380465 533084 0 0 0 0
316918 502996 380465 533084 0 0 0 0
330835 529632 380465 533084 0 0 0 0
321793 561640 380465 533084 0 0 0 0
267665 521967 380465 533084 0 0 0 0
166163 489644 380465 533084 0 0 0 0
166163 489644 166163 489644 0 0 0 0
262078 452506 166163 489644 0 0 0 0
263633 401449 166163 489644 0 0 0 0
263633 401449 263633 401449 0 0 0 0
299747 250539 263633 401449 0 0 0 0
299747 250539 299747 250539 0 0 0 0
353805 389099 299747 250539 0 0 0 0
352232 442144 299747 250539 0 0 0 0
393270 418137 299747 250539 0 0 0 0
411623 437707 299747 250539 0 0 0 0
417991 429132 299747 250539 0 0 0 0
417991 429132 417991 429132 0 0 0 0
490003 359798 417991 429132 0 0 0 0
527731 337800 417991 429132 0 0 0 0
574169 356095 417991 429132 0 0 0 0
620971 312686 417991 429132 0 0 0 0
650863 315981 417991 429132 0 0 0 0
629947 302214 417991 429132 0 0 0 0
614235 291155 417991 429132 0 0 0 0
571031 252106 417991 429132 0 0 0 0
562507 246990 417991 429132 0 0 0 0
591312 234802 417991 429132 0 0 0 0
601527 241460 417991 429132 0 0 0 0
625131 266383 417991 429132 0 0 0 0
639092 276830 417991 429132 0 0 0 0
640087 278105 417991 429132 0 0 0 0
654236 278206 417991 429132 0 0 0 0
657180 264249 417991 429132 0 0 0 0
669935 280529 417991 429132 0 0 0 0
678741 274420 417991 429132 0 0 0 0
689244 262628 417991 429132 0 0 0 0
694279 284112 417991 429132 0 0 0 0
695137 284831 417991 429132 0 0 0 0
703973 307384 417991 429132 0 0 0 0
746871 330068 417991 429132 0 0 0 0
791429 317170 417991 429132 0 0 0 0
789341 294976 417991 429132 0 0 0 0
807859 266738 417991 429132 0 0 0 0
794898 232337 417991 429132 0 0 0 0
754022 239750 417991 429132 0 0 0 0
760502 249408 417991 429132 0 0 0 0
771055 255001 417991 429132 0 0 0 0
766407 275628 417991 429132 0 0 0 0
731012 280738 417991 429132 0 0 0 0
717894 253256 417991 429132 0 0 0 0
706412 259306 417991 429132 0 0 0 0
700340 255666 417991 429132 0 0 0 0
690815 240183 417991 429132 0 0 0 0
711664 225285 417991 429132 0 0 0 0
672535 220693 417991 429132 0 0 0 0
695456 194181 417991 429132 0 0 0 0
718158 141256 417991 429132 0 0 0 0
756032 182880 417991 429132 0 0 0 0
791672 172001 417991 429132 0 0 0 0
822615 198509 417991 429132 0 0 0 0
874158 156474 417991 429132 0 0 0 0
