217862 145520 105936 203197 0 0 0 0
267230 131378 105936 203197 0 0 0 0
242998 259132 105936 203197 0 0 0 0
219172 277478 105936 203197 0 0 0 0
177463 252995 105936 203197 0 0 0 0
172600 249021 105936 203197 0 0 0 0
188463 385449 105936 203197 0 0 0 0
240834 436449 105936 203197 0 0 0 0
284945 497542 105936 203197 0 0 0 0
293628 534102 105936 203197 0 0 0 0
287634 537749 105936 203197 0 0 0 0
287634 537749 287634 537749 0 0 0 0
248371 533491 287634 537749 0 0 0 0
197659 564251 287634 537749 0 0 0 0
248753 597318 287634 537749 0 0 0 0
290680 589946 287634 537749 0 0 0 0
309532 585214 287634 537749 0 0 0 0
320819 534740 287634 537749 0 0 0 0
331449 543482 287634 537749 0 0 0 0
340168 535810 287634 537749 0 0 0 0
350534 547450 287634 537749 0 0 0 0
353185 572024 287634 537749 0 0 0 0
355822 575352 287634 537749 0 0 0 0
355822 575352 355822 575352 0 0 0 0
357401 590528 355822 575352 0 0 0 0
357401 590528 357401 590528 0 0 0 0
381210 566868 357401 590528 0 0 0 0
381210 566868 381210 566868 0 0 0 0
383727 556465 381210 566868 0 0 0 0
397618 529786 381210 566868 0 0 0 0
397618 529786 397618 529786 0 0 0 0
413695 551412 397618 529786 0 0 0 0
422010 591513 397618 529786 0 0 0 0
456477 556574 397618 529786 0 0 0 0
428914 514395 397618 529786 0 0 0 0
400738 486062 397618 529786 0 0 0 0
376577 497551 397618 529786 0 0 0 0
369751 519441 397618 529786 0 0 0 0
339703 500078 397618 529786 0 0 0 0
339703 500078 339703 500078 0 0 0 0
360803 489893 339703 500078 0 0 0 0
354881 478443 339703 500078 0 0 0 0
345451 448109 339703 500078 0 0 0 0
328314 455320 339703 500078 0 0 0 0
335062 443921 339703 500078 0 0 0 0
339050 427555 339703 500078 0 0 0 0
339050 427555 339050 427555 0 0 0 0
371946 423621 339050 427555 0 0 0 0
381985 403288 339050 427555 0 0 0 0
349793 350916 339050 427555 0 0 0 0
364828 323126 339050 427555 0 0 0 0
432577 294905 339050 427555 0 0 0 0
432004 363783 339050 427555 0 0 0 0
451814 383165 339050 427555 0 0 0 0
430030 418816 339050 427555 0 0 0 0
418256 420204 339050 427555 0 0 0 0
412671 417185 339050 427555 0 0 0 0
428830 440028 339050 427555 0 0 0 0
457517 438637 339050 427555 0 0 0 0
478344 494666 339050 427555 0 0 0 0
478344 494666 478344 494666 0 0 0 0
496287 538224 478344 494666 0 0 0 0
484427 543212 478344 494666 0 0 0 0
495142 562524 478344 494666 0 0 0 0
517741 573442 478344 494666 0 0 0 0
520472 610106 478344 494666 0 0 0 0
485017 601113 478344 494666 0 0 0 0
485393 611799 478344 494666 0 0 0 0
474003 622022 478344 494666 0 0 0 0
447500 613861 478344 494666 0 0 0 0
447500 613861 447500 613861 0 0 0 0
430934 628298 447500 613861 0 0 0 0
430440 654694 447500 613861 0 0 0 0
390727 688642 447500 613861 0 0 0 0
331930 658261 447500 613861 0 0 0 0
315027 688805 447500 613861 0 0 0 0
232727 681068 447500 613861 0 0 0 0
199597 714174 447500 613861 0 0 0 0
199597 714174 199597 714174 0 0 0 0
277922 749703 199597 714174 0 0 0 0
243306 794664 199597 714174 0 0 0 0
254907 799530 199597 714174 0 0 0 0
372177 853269 199597 714174 0 0 0 0
372177 853269 372177 853269 0 0 0 0
404171 740299 372177 853269 0 0 0 0
474819 751353 372177 853269 0 0 0 0
473757 739517 372177 853269 0 0 0 0
538793 710068 372177 853269 0 0 0 0
515273 677378 372177 853269 0 0 0 0
538437 630612 372177 853269 0 0 0 0
550141 643359 372177 853269 0 0 0 0
583672 615791 372177 853269 0 0 0 0
603384 631233 372177 853269 0 0 0 0
636621 667558 372177 853269 0 0 0 0
631002 609997 372177 853269 0 0 0 0
675144 576423 372177 853269 0 0 0 0
679229 557526 372177 853269 0 0 0 0
628605 541945 372177 853269 0 0 0 0
599768 536135 372177 853269 0 0 0 0
598346 490356 372177 853269 0 0 0 0
598346 490356 598346 490356 0 0 0 0
556089 446619 598346 490356 0 0 0 0
556089 446619 556089 446619 0 0 0 0
618735 249804 556089 446619 0 0 0 0
654845 274488 556089 446619 0 0 0 0
654845 274488 654845 274488 0 0 0 0
692901 325192 654845 274488 0 0 0 0
678150 438135 654845 274488 0 0 0 0
731965 492613 654845 274488 0 0 0 0
731965 492613 731965 492613 0 0 0 0
758832 482950 731965 492613 0 0 0 0
771969 550216 731965 492613 0 0 0 0
797195 570934 731965 492613 0 0 0 0
795355 619654 731965 492613 0 0 0 0
