782493 755180 850795 825930 0 0 0 0
761865 750689 850795 825930 0 0 0 0
699252 789369 850795 825930 0 0 0 0
727706 751596 850795 825930 0 0 0 0
734693 747347 850795 825930 0 0 0 0
750648 709174 850795 825930 0 0 0 0
755537 697148 850795 825930 0 0 0 0
795751 682553 850795 825930 0 0 0 0
825090 708534 850795 825930 0 0 0 0
809309 656461 850795 825930 0 0 0 0
809309 656461 809309 656461 0 0 0 0
860551 630853 809309 656461 0 0 0 0
868776 449562 809309 656461 0 0 0 0
868776 449562 868776 449562 0 0 0 0
860579 424746 868776 449562 0 0 0 0
802218 419191 868776 449562 0 0 0 0
784323 367930 868776 449562 0 0 0 0
750655 379139 868776 449562 0 0 0 0
728547 360706 868776 449562 0 0 0 0
742847 304204 868776 449562 0 0 0 0
775328 314463 868776 449562 0 0 0 0
859866 331747 868776 449562 0 0 0 0
788340 239441 868776 449562 0 0 0 0
779803 228095 868776 449562 0 0 0 0
815712 215585 868776 449562 0 0 0 0
830614 186054 868776 449562 0 0 0 0
806154 184220 868776 449562 0 0 0 0
741931 179737 868776 449562 0 0 0 0
739393 207764 868776 449562 0 0 0 0
702217 285036 868776 449562 0 0 0 0
702217 285036 702217 285036 0 0 0 0
599228 392839 702217 285036 0 0 0 0
599228 392839 599228 392839 0 0 0 0
737433 450980 599228 392839 0 0 0 0
737433 450980 737433 450980 0 0 0 0
751028 524787 737433 450980 0 0 0 0
700350 561851 737433 450980 0 0 0 0
657937 563345 737433 450980 0 0 0 0
671059 602634 737433 450980 0 0 0 0
689266 623670 737433 450980 0 0 0 0
661362 696144 737433 450980 0 0 0 0
661362 696144 661362 696144 0 0 0 0
653714 684543 661362 696144 0 0 0 0
488899 665712 661362 696144 0 0 0 0
386732 637961 661362 696144 0 0 0 0
386732 637961 386732 637961 0 0 0 0
336460 648753 386732 637961 0 0 0 0
323393 614066 386732 637961 0 0 0 0
316104 617475 386732 637961 0 0 0 0
299732 640810 386732 637961 0 0 0 0
268535 601144 386732 637961 0 0 0 0
265152 592272 386732 637961 0 0 0 0
255466 591040 386732 637961 0 0 0 0
242426 602988 386732 637961 0 0 0 0
239328 603461 386732 637961 0 0 0 0
244625 609330 386732 637961 0 0 0 0
245713 609202 386732 637961 0 0 0 0
249432 615027 386732 637961 0 0 0 0
244079 617914 386732 637961 0 0 0 0
259747 631992 386732 637961 0 0 0 0
243762 667467 386732 637961 0 0 0 0
147901 738511 386732 637961 0 0 0 0
194722 665968 386732 637961 0 0 0 0
196012 658566 386732 637961 0 0 0 0
179920 628185 386732 637961 0 0 0 0
187507 608453 386732 637961 0 0 0 0
210155 608638 386732 637961 0 0 0 0
210749 580021 386732 637961 0 0 0 0
228266 565173 386732 637961 0 0 0 0
231255 568268 386732 637961 0 0 0 0
237779 560152 386732 637961 0 0 0 0
274616 578411 386732 637961 0 0 0 0
289661 563329 386732 637961 0 0 0 0
292070 570087 386732 637961 0 0 0 0
307194 577125 386732 637961 0 0 0 0
308213 571827 386732 637961 0 0 0 0
329108 521793 386732 637961 0 0 0 0
280983 536481 386732 637961 0 0 0 0
272800 540533 386732 637961 0 0 0 0
270527 526752 386732 637961 0 0 0 0
271926 514806 386732 637961 0 0 0 0
257481 504609 386732 637961 0 0 0 0
264138 525637 386732 637961 0 0 0 0
251017 540132 386732 637961 0 0 0 0
239858 539016 386732 637961 0 0 0 0
237994 539269 386732 637961 0 0 0 0
223909 541202 386732 637961 0 0 0 0
223101 525828 386732 637961 0 0 0 0
215444 529556 386732 637961 0 0 0 0
201988 521674 386732 637961 0 0 0 0
224604 464072 386732 637961 0 0 0 0
266055 440857 386732 637961 0 0 0 0
307116 425449 386732 637961 0 0 0 0
227906 294328 386732 637961 0 0 0 0
201858 272679 386732 637961 0 0 0 0
179323 265765 386732 637961 0 0 0 0
164879 276206 386732 637961 0 0 0 0
165761 266267 386732 637961 0 0 0 0
124243 240060 386732 637961 0 0 0 0
91622 172403 386732 637961 0 0 0 0
121837 161253 386732 637961 0 0 0 0
146636 168662 386732 637961 0 0 0 0
188123 143352 386732 637961 0 0 0 0
197217 140463 386732 637961 0 0 0 0
173604 86806 386732 637961 0 0 0 0
133223 114043 386732 637961 0 0 0 0
