286333 829552 143542 790750 0 0 0 0
340805 817182 143542 790750 0 0 0 0
340805 817182 340805 817182 0 0 0 0
348872 792237 340805 817182 0 0 0 0
343774 781774 340805 817182 0 0 0 0
395118 810396 340805 817182 0 0 0 0
413490 805682 340805 817182 0 0 0 0
413490 805682 413490 805682 0 0 0 0
384903 742863 413490 805682 0 0 0 0
371075 740839 413490 805682 0 0 0 0
343015 733016 413490 805682 0 0 0 0
343015 733016 343015 733016 0 0 0 0
315020 738044 343015 733016 0 0 0 0
301632 714943 343015 733016 0 0 0 0
362264 701439 343015 733016 0 0 0 0
362264 701439 362264 701439 0 0 0 0
350813 678974 362264 701439 0 0 0 0
338335 663816 362264 701439 0 0 0 0
344860 629945 362264 701439 0 0 0 0
356504 629598 362264 701439 0 0 0 0
356504 629598 356504 629598 0 0 0 0
383623 624698 356504 629598 0 0 0 0
383623 624698 383623 624698 0 0 0 0
386012 662199 383623 624698 0 0 0 0
375483 691543 383623 624698 0 0 0 0
405608 689584 383623 624698 0 0 0 0
415450 719369 383623 624698 0 0 0 0
453679 733522 383623 624698 0 0 0 0
480819 636246 383623 624698 0 0 0 0
506014 643999 383623 624698 0 0 0 0
561015 545355 383623 624698 0 0 0 0
591715 515763 383623 624698 0 0 0 0
603679 500295 383623 624698 0 0 0 0
603679 500295 603679 500295 0 0 0 0
679776 619103 603679 500295 0 0 0 0
679776 619103 679776 619103 0 0 0 0
690548 653459 679776 619103 0 0 0 0
725561 560744 679776 619103 0 0 0 0
715048 518016 679776 619103 0 0 0 0
712764 471018 679776 619103 0 0 0 0
712764 471018 712764 471018 0 0 0 0
596705 384938 712764 471018 0 0 0 0
561668 382079 712764 471018 0 0 0 0
521379 346942 712764 471018 0 0 0 0
521379 346942 521379 346942 0 0 0 0
509728 394797 521379 346942 0 0 0 0
509728 394797 509728 394797 0 0 0 0
503984 466653 509728 394797 0 0 0 0
483212 519719 509728 394797 0 0 0 0
495077 533536 509728 394797 0 0 0 0
395633 596513 509728 394797 0 0 0 0
386943 594943 509728 394797 0 0 0 0
379145 599580 509728 394797 0 0 0 0
357191 563196 509728 394797 0 0 0 0
319805 583478 509728 394797 0 0 0 0
285369 611260 509728 394797 0 0 0 0
278449 630458 509728 394797 0 0 0 0
278449 630458 278449 630458 0 0 0 0
265901 610359 278449 630458 0 0 0 0
232685 641575 278449 630458 0 0 0 0
235680 570371 278449 630458 0 0 0 0
132631 509579 278449 630458 0 0 0 0
132631 509579 132631 509579 0 0 0 0
121131 438227 132631 509579 0 0 0 0
132752 439570 132631 509579 0 0 0 0
144456 405169 132631 509579 0 0 0 0
173891 415192 132631 509579 0 0 0 0
164111 396510 132631 509579 0 0 0 0
167665 392584 132631 509579 0 0 0 0
171197 360284 132631 509579 0 0 0 0
182109 364990 132631 509579 0 0 0 0
245008 358775 132631 509579 0 0 0 0
247016 389210 132631 509579 0 0 0 0
312909 360467 132631 509579 0 0 0 0
312909 360467 312909 360467 0 0 0 0
375453 353722 312909 360467 0 0 0 0
252733 322992 312909 360467 0 0 0 0
190732 314929 312909 360467 0 0 0 0
98903 282453 312909 360467 0 0 0 0
89963 250467 312909 360467 0 0 0 0
136415 207083 312909 360467 0 0 0 0
159022 232652 312909 360467 0 0 0 0
159022 232652 159022 232652 0 0 0 0
199678 181771 159022 232652 0 0 0 0
199678 181771 199678 181771 0 0 0 0
245884 199173 199678 181771 0 0 0 0
281755 208947 199678 181771 0 0 0 0
274617 177400 199678 181771 0 0 0 0
242861 126159 199678 181771 0 0 0 0
168663 111965 199678 181771 0 0 0 0
250154 78208 199678 181771 0 0 0 0
312046 83674 199678 181771 0 0 0 0
377126 138842 199678 181771 0 0 0 0
377452 178151 199678 181771 0 0 0 0
355517 197659 199678 181771 0 0 0 0
388295 208384 199678 181771 0 0 0 0
474178 143027 199678 181771 0 0 0 0
474178 143027 474178 143027 0 0 0 0
528551 203537 474178 143027 0 0 0 0
640099 238476 474178 143027 0 0 0 0
628383 175314 474178 143027 0 0 0 0
652286 98319 474178 143027 0 0 0 0
670770 159547 474178 143027 0 0 0 0
693754 202029 474178 143027 0 0 0 0
718014 167398 474178 143027 0 0 0 0
763214 182283 474178 143027 0 0 0 0
719939 235722 474178 143027 0 0 0 0
707421 295964 474178 143027 0 0 0 0
736862 282132 474178 143027 0 0 0 0
742295 287162 474178 143027 0 0 0 0
783700 306203 474178 143027 0 0 0 0
774085 246164 474178 143027 0 0 0 0
783668 243628 474178 143027 0 0 0 0
813990 247305 474178 143027 0 0 0 0
848123 258162 474178 143027 0 0 0 0
822310 202661 474178 143027 0 0 0 0
