670105 186716 686850 155418 0 0 0 0
654852 198784 686850 155418 0 0 0 0
663354 220710 686850 155418 0 0 0 0
664985 234992 686850 155418 0 0 0 0
729368 206609 686850 155418 0 0 0 0
731537 219941 686850 155418 0 0 0 0
715891 231621 686850 155418 0 0 0 0
688044 270421 686850 155418 0 0 0 0
694668 283284 686850 155418 0 0 0 0
680312 295327 686850 155418 0 0 0 0
669751 276680 686850 155418 0 0 0 0
664091 275911 686850 155418 0 0 0 0
645353 261763 686850 155418 0 0 0 0
645353 261763 645353 261763 0 0 0 0
624486 276824 645353 261763 0 0 0 0
623276 279266 645353 261763 0 0 0 0
623276 279266 623276 279266 0 0 0 0
592802 268344 623276 279266 0 0 0 0
559511 281807 623276 279266 0 0 0 0
559511 281807 559511 281807 0 0 0 0
573806 249030 559511 281807 0 0 0 0
485202 175998 559511 281807 0 0 0 0
485202 175998 485202 175998 0 0 0 0
389967 248927 485202 175998 0 0 0 0
338751 274035 485202 175998 0 0 0 0
338751 274035 338751 274035 0 0 0 0
383649 316594 338751 274035 0 0 0 0
394868 348301 338751 274035 0 0 0 0
400696 319731 338751 274035 0 0 0 0
415313 316191 338751 274035 0 0 0 0
415313 316191 415313 316191 0 0 0 0
439798 288400 415313 316191 0 0 0 0
423122 278939 415313 316191 0 0 0 0
438429 264293 415313 316191 0 0 0 0
438429 264293 438429 264293 0 0 0 0
473827 257817 438429 264293 0 0 0 0
480168 274957 438429 264293 0 0 0 0
491602 314794 438429 264293 0 0 0 0
547660 367345 438429 264293 0 0 0 0
547660 367345 547660 367345 0 0 0 0
651823 343779 547660 367345 0 0 0 0
651823 343779 651823 343779 0 0 0 0
656175 332598 651823 343779 0 0 0 0
656175 332598 656175 332598 0 0 0 0
692773 306498 656175 332598 0 0 0 0
692773 306498 692773 306498 0 0 0 0
730417 316600 692773 306498 0 0 0 0
773957 320083 692773 306498 0 0 0 0
741389 330268 692773 306498 0 0 0 0
741389 330268 741389 330268 0 0 0 0
709093 345305 741389 330268 0 0 0 0
704882 370459 741389 330268 0 0 0 0
727363 445526 741389 330268 0 0 0 0
766548 461547 741389 330268 0 0 0 0
771345 455304 741389 330268 0 0 0 0
788033 456919 741389 330268 0 0 0 0
805425 446777 741389 330268 0 0 0 0
802494 457531 741389 330268 0 0 0 0
802082 486935 741389 330268 0 0 0 0
766881 482350 741389 330268 0 0 0 0
758805 509296 741389 330268 0 0 0 0
755406 517206 741389 330268 0 0 0 0
739070 534182 741389 330268 0 0 0 0
749238 575505 741389 330268 0 0 0 0
764451 593710 741389 330268 0 0 0 0
791451 601271 741389 330268 0 0 0 0
763821 633933 741389 330268 0 0 0 0
705754 602749 741389 330268 0 0 0 0
720967 561771 741389 330268 0 0 0 0
707190 518807 741389 330268 0 0 0 0
705006 508220 741389 330268 0 0 0 0
696446 472986 741389 330268 0 0 0 0
694689 448154 741389 330268 0 0 0 0
665401 446242 741389 330268 0 0 0 0
564276 503689 741389 330268 0 0 0 0
616767 575042 741389 330268 0 0 0 0
581473 592784 741389 330268 0 0 0 0
608526 626059 741389 330268 0 0 0 0
560879 677739 741389 330268 0 0 0 0
488566 655647 741389 330268 0 0 0 0
502032 678994 741389 330268 0 0 0 0
488195 695423 741389 330268 0 0 0 0
505797 717207 741389 330268 0 0 0 0
505233 737209 741389 330268 0 0 0 0
487394 736673 741389 330268 0 0 0 0
457771 735342 741389 330268 0 0 0 0
459814 721959 741389 330268 0 0 0 0
454372 708001 741389 330268 0 0 0 0
454372 708001 454372 708001 0 0 0 0
399335 718556 454372 708001 0 0 0 0
399335 718556 399335 718556 0 0 0 0
483363 791899 399335 718556 0 0 0 0
506023 840290 399335 718556 0 0 0 0
527044 807184 399335 718556 0 0 0 0
543101 795386 399335 718556 0 0 0 0
537647 770364 399335 718556 0 0 0 0
537647 770364 537647 770364 0 0 0 0
569487 708939 537647 770364 0 0 0 0
613781 730751 537647 770364 0 0 0 0
722227 749012 537647 770364 0 0 0 0
734507 752325 537647 770364 0 0 0 0
738244 744645 537647 770364 0 0 0 0
759438 740041 537647 770364 0 0 0 0
765474 763438 537647 770364 0 0 0 0
797864 785243 537647 770364 0 0 0 0
803981 788443 537647 770364 0 0 0 0
747234 793538 537647 770364 0 0 0 0
760126 844944 537647 770364 0 0 0 0
631630 817004 537647 770364 0 0 0 0
626761 817891 537647 770364 0 0 0 0
608375 868949 537647 770364 0 0 0 0
597747 896358 537647 770364 0 0 0 0
572781 912948 537647 770364 0 0 0 0
588275 915783 537647 770364 0 0 0 0
